1 3 53 0
1 7 20 0
1 7 52 0
1 7 53 0
1 7 68 0
1 7 71 0
1 23 53 0
1 23 68 0
2 5 35 0
2 5 38 0
2 5 51 0
2 5 54 0
2 6 35 0
2 6 38 0
2 6 51 0
2 6 54 0
2 6 66 0
2 6 67 0
2 6 70 0
2 6 82 0
2 6 83 0
2 6 97 0
2 6 98 0
2 6 112 0
2 6 113 0
2 7 0 0
2 7 1 0
2 7 5 0
2 7 17 0
2 7 18 0
2 7 19 0
2 7 21 0
2 7 34 0
2 7 35 0
2 7 38 0
2 7 50 0
2 7 51 0
2 7 54 0
2 7 65 0
2 7 66 0
2 7 69 0
2 7 70 0
2 7 80 0
2 7 82 0
2 7 83 0
2 7 85 0
2 7 86 0
2 7 97 0
2 7 98 0
2 7 99 0
2 7 101 0
2 7 102 0
2 7 103 0
2 7 112 0
2 7 113 0
2 7 116 0
2 7 119 0
2 16 35 0
2 16 80 0
2 16 83 0
2 23 5 0
2 23 21 0
2 23 69 0
2 39 21 0
2 39 69 0
3 0 39 0
3 0 54 0
3 0 113 0
3 0 114 0
3 0 117 0
3 1 39 0
3 1 54 0
3 1 113 0
3 1 114 0
3 1 117 0
3 5 67 0
3 5 70 0
3 5 82 0
3 5 83 0
3 5 97 0
3 5 98 0
3 5 112 0
3 5 113 0
3 6 67 0
3 6 70 0
3 6 82 0
3 6 83 0
3 6 97 0
3 6 98 0
3 6 112 0
3 6 113 0
3 7 2 0
3 7 32 0
3 7 65 0
3 7 80 0
3 7 114 0
3 7 117 0
3 7 118 0
3 16 35 0
3 16 80 0
3 16 83 0
3 23 36 0
3 23 84 0
3 23 87 0
17 3 53 0
17 6 52 0
17 7 4 0
17 7 20 0
17 7 52 0
17 7 53 0
17 7 68 0
17 7 71 0
17 7 85 0
17 19 53 0
17 23 53 0
17 23 68 0
17 39 68 0
17 48 83 0
17 49 83 0
17 55 68 0
17 71 68 0
17 96 67 0
17 103 68 0
17 112 64 0
17 112 65 0
17 112 67 0
17 112 68 0
17 112 83 0
17 112 116 0
17 113 68 0
17 113 83 0
18 4 0 0
18 4 2 0
18 4 17 0
18 4 50 0
18 4 65 0
18 4 69 0
18 4 82 0
18 4 84 0
18 4 87 0
18 4 102 0
18 4 114 0
18 4 119 0
18 5 0 0
18 5 2 0
18 5 17 0
18 5 23 0
18 5 35 0
18 5 38 0
18 5 50 0
18 5 54 0
18 5 65 0
18 5 66 0
18 5 69 0
18 5 81 0
18 5 82 0
18 5 84 0
18 5 87 0
18 5 96 0
18 5 102 0
18 5 114 0
18 5 119 0
18 6 0 0
18 6 2 0
18 6 17 0
18 6 19 0
18 6 35 0
18 6 38 0
18 6 49 0
18 6 50 0
18 6 54 0
18 6 65 0
18 6 66 0
18 6 67 0
18 6 69 0
18 6 70 0
18 6 81 0
18 6 82 0
18 6 84 0
18 6 86 0
18 6 87 0
18 6 96 0
18 6 97 0
18 6 98 0
18 6 100 0
18 6 101 0
18 6 102 0
18 6 103 0
18 6 112 0
18 6 113 0
18 6 114 0
18 6 115 0
18 6 116 0
18 6 117 0
18 6 119 0
18 7 0 0
18 7 2 0
18 7 5 0
18 7 17 0
18 7 19 0
18 7 21 0
18 7 35 0
18 7 38 0
18 7 49 0
18 7 50 0
18 7 54 0
18 7 65 0
18 7 66 0
18 7 69 0
18 7 70 0
18 7 80 0
18 7 81 0
18 7 82 0
18 7 84 0
18 7 86 0
18 7 87 0
18 7 96 0
18 7 97 0
18 7 98 0
18 7 100 0
18 7 101 0
18 7 102 0
18 7 103 0
18 7 112 0
18 7 113 0
18 7 114 0
18 7 115 0
18 7 116 0
18 7 117 0
18 7 119 0
18 20 19 0
18 20 67 0
18 20 70 0
18 20 87 0
18 21 51 0
18 21 54 0
18 22 36 0
18 22 51 0
18 22 54 0
18 22 82 0
18 22 83 0
18 22 84 0
18 22 86 0
18 22 98 0
18 22 113 0
18 23 0 0
18 23 5 0
18 23 17 0
18 23 21 0
18 23 34 0
18 23 35 0
18 23 36 0
18 23 37 0
18 23 50 0
18 23 51 0
18 23 54 0
18 23 69 0
18 23 82 0
18 23 83 0
18 23 84 0
18 23 85 0
18 23 86 0
18 23 98 0
18 23 99 0
18 23 101 0
18 23 102 0
18 23 113 0
18 23 119 0
18 32 117 0
18 38 84 0
18 39 21 0
18 39 37 0
18 39 52 0
18 39 69 0
18 39 84 0
18 39 85 0
18 48 67 0
18 48 83 0
18 48 96 0
18 49 83 0
18 55 37 0
18 55 68 0
18 55 85 0
18 64 51 0
18 64 67 0
18 71 68 0
18 80 67 0
18 96 67 0
18 103 68 0
18 112 64 0
18 112 65 0
18 112 67 0
18 112 68 0
18 112 83 0
18 112 116 0
18 113 68 0
18 113 83 0
19 5 16 0
19 5 32 0
19 5 49 0
19 5 64 0
19 5 84 0
19 5 87 0
19 5 96 0
19 5 114 0
19 5 117 0
19 5 118 0
19 6 16 0
19 6 32 0
19 6 49 0
19 6 64 0
19 6 84 0
19 6 87 0
19 6 96 0
19 6 114 0
19 6 117 0
19 6 118 0
19 7 32 0
19 7 49 0
19 7 64 0
19 7 96 0
19 16 5 0
19 16 23 0
19 16 35 0
19 16 38 0
19 16 55 0
19 16 70 0
19 16 86 0
19 16 103 0
19 17 5 0
19 17 23 0
19 17 35 0
19 17 38 0
19 17 55 0
19 17 70 0
19 17 86 0
19 17 103 0
19 21 36 0
19 21 84 0
19 21 86 0
19 21 87 0
19 22 36 0
19 22 84 0
19 22 86 0
19 22 87 0
19 23 16 0
19 23 32 0
19 23 33 0
19 23 36 0
19 23 48 0
19 23 49 0
19 32 35 0
19 32 117 0
19 38 84 0
19 48 67 0
19 48 83 0
19 48 96 0
19 49 83 0
19 54 84 0
19 55 52 0
19 55 68 0
19 55 84 0
19 64 51 0
19 64 67 0
19 71 52 0
19 71 68 0
19 80 67 0
19 87 68 0
19 96 67 0
19 103 68 0
19 112 64 0
19 112 65 0
19 112 67 0
19 112 68 0
19 112 83 0
19 112 116 0
19 113 68 0
19 113 83 0
19 118 67 0
19 118 84 0
19 119 67 0
19 119 68 0
19 119 70 0
19 119 71 0
19 119 84 0
19 119 115 0
34 3 70 0
34 3 83 0
34 3 98 0
34 3 100 0
34 3 103 0
34 3 113 0
34 3 115 0
34 3 118 0
34 4 2 0
34 4 18 0
34 4 50 0
34 4 65 0
34 4 67 0
34 4 69 0
34 4 70 0
34 4 82 0
34 4 83 0
34 4 84 0
34 4 86 0
34 4 87 0
34 4 97 0
34 4 98 0
34 4 100 0
34 4 101 0
34 4 102 0
34 4 103 0
34 4 112 0
34 4 113 0
34 4 114 0
34 4 115 0
34 4 116 0
34 4 118 0
34 4 119 0
34 5 2 0
34 5 18 0
34 5 23 0
34 5 35 0
34 5 38 0
34 5 50 0
34 5 54 0
34 5 65 0
34 5 66 0
34 5 67 0
34 5 69 0
34 5 70 0
34 5 81 0
34 5 82 0
34 5 83 0
34 5 84 0
34 5 86 0
34 5 87 0
34 5 96 0
34 5 97 0
34 5 98 0
34 5 100 0
34 5 101 0
34 5 102 0
34 5 103 0
34 5 112 0
34 5 113 0
34 5 114 0
34 5 115 0
34 5 116 0
34 5 118 0
34 5 119 0
34 6 0 0
34 6 2 0
34 6 17 0
34 6 18 0
34 6 19 0
34 6 35 0
34 6 38 0
34 6 49 0
34 6 50 0
34 6 54 0
34 6 65 0
34 6 66 0
34 6 67 0
34 6 69 0
34 6 70 0
34 6 81 0
34 6 82 0
34 6 84 0
34 6 86 0
34 6 87 0
34 6 96 0
34 6 97 0
34 6 98 0
34 6 100 0
34 6 101 0
34 6 102 0
34 6 103 0
34 6 112 0
34 6 113 0
34 6 114 0
34 6 115 0
34 6 116 0
34 6 117 0
34 6 118 0
34 6 119 0
34 7 0 0
34 7 1 0
34 7 2 0
34 7 5 0
34 7 17 0
34 7 18 0
34 7 19 0
34 7 21 0
34 7 35 0
34 7 38 0
34 7 49 0
34 7 50 0
34 7 54 0
34 7 65 0
34 7 66 0
34 7 69 0
34 7 70 0
34 7 80 0
34 7 81 0
34 7 82 0
34 7 84 0
34 7 86 0
34 7 87 0
34 7 96 0
34 7 97 0
34 7 98 0
34 7 100 0
34 7 101 0
34 7 102 0
34 7 103 0
34 7 112 0
34 7 113 0
34 7 114 0
34 7 115 0
34 7 116 0
34 7 117 0
34 7 118 0
34 7 119 0
34 20 18 0
34 20 19 0
34 20 50 0
34 20 67 0
34 20 69 0
34 20 70 0
34 20 87 0
34 21 18 0
34 21 50 0
34 21 51 0
34 21 54 0
34 21 67 0
34 21 69 0
34 21 87 0
34 22 18 0
34 22 35 0
34 22 36 0
34 22 50 0
34 22 51 0
34 22 54 0
34 22 55 0
34 22 67 0
34 22 69 0
34 22 82 0
34 22 83 0
34 22 84 0
34 22 86 0
34 22 87 0
34 22 97 0
34 22 98 0
34 22 99 0
34 22 101 0
34 22 102 0
34 22 103 0
34 22 112 0
34 22 113 0
34 22 119 0
34 23 5 0
34 23 18 0
34 23 21 0
34 23 35 0
34 23 36 0
34 23 37 0
34 23 50 0
34 23 51 0
34 23 54 0
34 23 55 0
34 23 67 0
34 23 69 0
34 23 82 0
34 23 83 0
34 23 84 0
34 23 86 0
34 23 87 0
34 23 97 0
34 23 98 0
34 23 99 0
34 23 101 0
34 23 102 0
34 23 103 0
34 23 112 0
34 23 113 0
34 23 119 0
34 36 18 0
34 36 35 0
34 36 67 0
34 36 70 0
34 36 82 0
34 36 83 0
34 36 85 0
34 36 86 0
34 36 103 0
34 37 18 0
34 38 18 0
34 38 35 0
34 38 36 0
34 38 50 0
34 38 52 0
34 38 71 0
34 38 82 0
34 38 83 0
34 38 84 0
34 38 85 0
34 38 86 0
34 38 98 0
34 38 99 0
34 38 101 0
34 38 102 0
34 38 103 0
34 38 113 0
34 38 119 0
34 39 18 0
34 39 21 0
34 39 35 0
34 39 36 0
34 39 37 0
34 39 50 0
34 39 51 0
34 39 52 0
34 39 53 0
34 39 69 0
34 39 71 0
34 39 82 0
34 39 83 0
34 39 84 0
34 39 86 0
34 39 98 0
34 39 99 0
34 39 101 0
34 39 102 0
34 39 103 0
34 39 113 0
34 39 119 0
34 48 7 0
34 48 22 0
34 48 23 0
34 48 38 0
34 48 52 0
34 48 53 0
34 48 97 0
34 48 100 0
34 52 50 0
34 54 23 0
34 54 35 0
34 54 36 0
34 54 50 0
34 54 52 0
34 54 82 0
34 54 83 0
34 54 84 0
34 54 86 0
34 54 98 0
34 54 99 0
34 54 101 0
34 54 102 0
34 54 103 0
34 54 113 0
34 54 119 0
34 55 23 0
34 55 35 0
34 55 36 0
34 55 37 0
34 55 50 0
34 55 51 0
34 55 52 0
34 55 53 0
34 55 82 0
34 55 83 0
34 55 84 0
34 55 86 0
34 55 98 0
34 55 99 0
34 55 101 0
34 55 102 0
34 55 103 0
34 55 113 0
34 55 119 0
34 64 7 0
34 64 20 0
34 64 22 0
34 64 23 0
34 64 32 0
34 64 33 0
34 64 35 0
34 64 37 0
34 64 38 0
34 64 39 0
34 64 52 0
34 64 53 0
34 64 69 0
34 64 84 0
34 64 100 0
34 64 102 0
34 64 117 0
34 64 119 0
34 65 33 0
34 65 35 0
34 65 36 0
34 65 49 0
34 65 52 0
34 65 84 0
34 65 100 0
34 65 117 0
34 66 37 0
34 66 52 0
34 66 53 0
34 66 100 0
34 69 82 0
34 70 50 0
34 70 52 0
34 70 82 0
34 70 99 0
34 70 102 0
34 70 119 0
34 71 23 0
34 71 35 0
34 71 37 0
34 71 38 0
34 71 50 0
34 71 51 0
34 71 52 0
34 71 53 0
34 71 82 0
34 71 83 0
34 71 84 0
34 71 85 0
34 71 98 0
34 71 99 0
34 71 101 0
34 71 102 0
34 71 113 0
34 71 119 0
34 80 6 0
34 80 7 0
34 80 20 0
34 80 21 0
34 80 22 0
34 80 23 0
34 80 32 0
34 80 33 0
34 80 35 0
34 80 36 0
34 80 37 0
34 80 38 0
34 80 39 0
34 80 50 0
34 80 52 0
34 80 53 0
34 80 69 0
34 80 84 0
34 80 98 0
34 80 99 0
34 80 100 0
34 80 102 0
34 80 113 0
34 80 117 0
34 80 119 0
34 81 35 0
34 81 51 0
34 81 52 0
34 81 84 0
34 81 99 0
34 84 37 0
34 85 37 0
34 85 50 0
34 85 82 0
34 85 119 0
34 86 37 0
34 86 50 0
34 86 82 0
34 87 35 0
34 87 37 0
34 87 50 0
34 87 52 0
34 87 54 0
34 87 82 0
34 87 84 0
34 87 85 0
34 87 99 0
34 96 0 0
34 96 6 0
34 96 7 0
34 96 17 0
34 96 19 0
34 96 20 0
34 96 21 0
34 96 22 0
34 96 23 0
34 96 32 0
34 96 33 0
34 96 35 0
34 96 36 0
34 96 37 0
34 96 38 0
34 96 39 0
34 96 49 0
34 96 50 0
34 96 52 0
34 96 55 0
34 96 69 0
34 96 70 0
34 96 71 0
34 96 84 0
34 96 86 0
34 96 87 0
34 96 98 0
34 96 99 0
34 96 100 0
34 96 101 0
34 96 102 0
34 96 117 0
34 96 118 0
34 96 119 0
34 97 23 0
34 97 35 0
34 97 37 0
34 97 38 0
34 97 49 0
34 97 51 0
34 97 52 0
34 97 53 0
34 97 54 0
34 97 66 0
34 97 69 0
34 97 84 0
34 97 85 0
34 97 99 0
34 97 101 0
34 97 102 0
34 97 119 0
34 98 37 0
34 98 38 0
34 98 66 0
34 98 67 0
34 98 69 0
34 99 37 0
34 99 66 0
34 99 67 0
34 99 68 0
34 99 69 0
34 99 101 0
34 100 37 0
34 100 67 0
34 101 37 0
34 101 68 0
34 101 82 0
34 101 99 0
34 101 119 0
34 102 37 0
34 102 50 0
34 102 68 0
34 102 82 0
34 103 35 0
34 103 37 0
34 103 50 0
34 103 51 0
34 103 52 0
34 103 54 0
34 103 55 0
34 103 68 0
34 103 69 0
34 103 82 0
34 103 84 0
34 103 85 0
34 103 99 0
34 103 116 0
34 112 0 0
34 112 5 0
34 112 6 0
34 112 7 0
34 112 16 0
34 112 17 0
34 112 19 0
34 112 20 0
34 112 21 0
34 112 22 0
34 112 23 0
34 112 32 0
34 112 33 0
34 112 35 0
34 112 36 0
34 112 37 0
34 112 38 0
34 112 39 0
34 112 49 0
34 112 50 0
34 112 55 0
34 112 69 0
34 112 70 0
34 112 71 0
34 112 80 0
34 112 81 0
34 112 84 0
34 112 86 0
34 112 87 0
34 112 98 0
34 112 99 0
34 112 100 0
34 112 101 0
34 112 102 0
34 112 117 0
34 112 118 0
34 112 119 0
34 113 23 0
34 113 35 0
34 113 37 0
34 113 38 0
34 113 49 0
34 113 50 0
34 113 51 0
34 113 52 0
34 113 53 0
34 113 54 0
34 113 66 0
34 113 69 0
34 113 80 0
34 113 81 0
34 113 82 0
34 113 84 0
34 113 85 0
34 113 86 0
34 113 99 0
34 113 101 0
34 113 102 0
34 113 119 0
34 114 37 0
34 114 38 0
34 114 66 0
34 114 67 0
34 114 69 0
34 114 81 0
34 114 82 0
34 114 84 0
34 114 85 0
34 115 37 0
34 115 66 0
34 115 67 0
34 115 68 0
34 115 69 0
34 115 82 0
34 115 85 0
34 116 37 0
34 116 67 0
34 116 68 0
34 116 82 0
34 117 37 0
34 117 67 0
34 117 68 0
34 117 82 0
34 117 83 0
34 117 119 0
34 118 37 0
34 118 50 0
34 118 67 0
34 118 71 0
34 118 82 0
34 118 84 0
34 118 115 0
34 119 35 0
34 119 37 0
34 119 50 0
34 119 52 0
34 119 54 0
34 119 55 0
34 119 68 0
34 119 69 0
34 119 71 0
34 119 82 0
34 119 84 0
34 119 99 0
34 119 116 0
35 21 1 0
35 21 16 0
35 21 33 0
35 21 39 0
35 21 64 0
35 21 80 0
35 21 118 0
35 22 1 0
35 22 16 0
35 22 32 0
35 22 33 0
35 22 64 0
35 22 80 0
35 22 118 0
35 23 16 0
35 23 32 0
35 23 33 0
35 23 48 0
35 23 64 0
35 23 80 0
35 32 71 0
35 32 86 0
35 32 99 0
35 33 71 0
35 33 86 0
35 33 99 0
35 37 18 0
35 37 19 0
35 37 39 0
35 37 50 0
35 37 67 0
35 37 70 0
35 37 82 0
35 37 85 0
35 37 99 0
35 37 100 0
35 37 101 0
35 37 102 0
35 37 103 0
35 37 119 0
35 38 18 0
35 38 19 0
35 38 50 0
35 38 67 0
35 38 70 0
35 38 82 0
35 38 85 0
35 38 87 0
35 38 99 0
35 38 100 0
35 38 101 0
35 38 102 0
35 38 103 0
35 38 119 0
35 39 1 0
35 39 7 0
35 39 16 0
35 39 18 0
35 39 19 0
35 39 32 0
35 39 33 0
35 39 48 0
35 39 49 0
35 39 53 0
35 39 64 0
35 39 66 0
35 39 67 0
35 39 70 0
35 39 81 0
35 39 87 0
35 39 97 0
35 39 112 0
35 39 114 0
35 39 115 0
35 39 117 0
35 39 118 0
35 48 0 0
35 48 6 0
35 48 7 0
35 48 16 0
35 48 17 0
35 48 18 0
35 48 20 0
35 48 21 0
35 48 22 0
35 48 23 0
35 48 36 0
35 48 37 0
35 48 38 0
35 48 52 0
35 48 53 0
35 48 66 0
35 48 69 0
35 48 80 0
35 48 81 0
35 48 84 0
35 48 85 0
35 48 97 0
35 48 99 0
35 48 100 0
35 48 101 0
35 48 102 0
35 48 113 0
35 48 118 0
35 48 119 0
35 49 6 0
35 49 16 0
35 49 21 0
35 49 34 0
35 49 36 0
35 49 52 0
35 49 53 0
35 49 68 0
35 49 80 0
35 49 81 0
35 49 84 0
35 49 85 0
35 49 97 0
35 49 98 0
35 49 100 0
35 49 101 0
35 49 112 0
35 49 118 0
35 53 23 0
35 53 50 0
35 53 51 0
35 53 82 0
35 53 83 0
35 53 86 0
35 53 98 0
35 53 99 0
35 53 101 0
35 53 102 0
35 53 113 0
35 53 119 0
35 54 23 0
35 54 36 0
35 54 50 0
35 54 67 0
35 54 82 0
35 54 83 0
35 54 86 0
35 54 87 0
35 54 98 0
35 54 99 0
35 54 100 0
35 54 101 0
35 54 102 0
35 54 103 0
35 54 113 0
35 54 119 0
35 55 0 0
35 55 16 0
35 55 17 0
35 55 19 0
35 55 23 0
35 55 33 0
35 55 34 0
35 55 36 0
35 55 50 0
35 55 51 0
35 55 53 0
35 55 67 0
35 55 69 0
35 55 82 0
35 55 83 0
35 55 86 0
35 55 87 0
35 55 98 0
35 55 99 0
35 55 102 0
35 55 103 0
35 55 113 0
35 55 115 0
35 55 118 0
35 64 0 0
35 64 6 0
35 64 7 0
35 64 16 0
35 64 17 0
35 64 20 0
35 64 21 0
35 64 22 0
35 64 23 0
35 64 32 0
35 64 33 0
35 64 36 0
35 64 37 0
35 64 38 0
35 64 52 0
35 64 53 0
35 64 66 0
35 64 69 0
35 64 82 0
35 64 84 0
35 64 85 0
35 64 96 0
35 64 97 0
35 64 99 0
35 64 100 0
35 64 101 0
35 64 102 0
35 64 113 0
35 64 118 0
35 64 119 0
35 65 33 0
35 65 34 0
35 65 36 0
35 65 52 0
35 65 53 0
35 65 68 0
35 65 84 0
35 65 85 0
35 65 96 0
35 65 97 0
35 65 99 0
35 65 100 0
35 65 101 0
35 65 112 0
35 65 117 0
35 66 34 0
35 66 37 0
35 66 52 0
35 66 53 0
35 66 85 0
35 66 97 0
35 66 100 0
35 66 101 0
35 66 112 0
35 67 34 0
35 67 51 0
35 67 53 0
35 67 101 0
35 68 50 0
35 68 52 0
35 69 50 0
35 69 82 0
35 69 99 0
35 69 102 0
35 69 119 0
35 70 38 0
35 70 50 0
35 70 52 0
35 70 67 0
35 70 82 0
35 70 83 0
35 70 99 0
35 70 100 0
35 70 102 0
35 70 119 0
35 71 0 0
35 71 16 0
35 71 17 0
35 71 23 0
35 71 33 0
35 71 34 0
35 71 37 0
35 71 38 0
35 71 50 0
35 71 51 0
35 71 52 0
35 71 53 0
35 71 67 0
35 71 69 0
35 71 82 0
35 71 83 0
35 71 84 0
35 71 85 0
35 71 98 0
35 71 99 0
35 71 100 0
35 71 102 0
35 71 113 0
35 71 115 0
35 71 118 0
35 80 0 0
35 80 6 0
35 80 7 0
35 80 16 0
35 80 17 0
35 80 20 0
35 80 21 0
35 80 22 0
35 80 23 0
35 80 32 0
35 80 33 0
35 80 36 0
35 80 37 0
35 80 38 0
35 80 49 0
35 80 50 0
35 80 52 0
35 80 53 0
35 80 66 0
35 80 69 0
35 80 82 0
35 80 84 0
35 80 85 0
35 80 98 0
35 80 99 0
35 80 100 0
35 80 101 0
35 80 102 0
35 80 113 0
35 80 118 0
35 80 119 0
35 81 33 0
35 81 34 0
35 81 49 0
35 81 51 0
35 81 52 0
35 81 53 0
35 81 68 0
35 81 84 0
35 81 85 0
35 81 99 0
35 81 101 0
35 81 112 0
35 82 34 0
35 82 49 0
35 82 85 0
35 82 112 0
35 83 34 0
35 84 37 0
35 85 37 0
35 85 50 0
35 85 51 0
35 85 54 0
35 85 82 0
35 85 119 0
35 86 37 0
35 86 50 0
35 86 51 0
35 86 54 0
35 86 67 0
35 86 82 0
35 86 83 0
35 87 0 0
35 87 16 0
35 87 17 0
35 87 33 0
35 87 34 0
35 87 37 0
35 87 50 0
35 87 51 0
35 87 52 0
35 87 54 0
35 87 67 0
35 87 69 0
35 87 82 0
35 87 83 0
35 87 84 0
35 87 85 0
35 87 99 0
35 87 115 0
35 96 0 0
35 96 6 0
35 96 7 0
35 96 16 0
35 96 17 0
35 96 19 0
35 96 20 0
35 96 21 0
35 96 22 0
35 96 23 0
35 96 32 0
35 96 33 0
35 96 36 0
35 96 37 0
35 96 38 0
35 96 39 0
35 96 49 0
35 96 50 0
35 96 52 0
35 96 55 0
35 96 69 0
35 96 70 0
35 96 71 0
35 96 82 0
35 96 84 0
35 96 86 0
35 96 87 0
35 96 98 0
35 96 99 0
35 96 100 0
35 96 101 0
35 96 102 0
35 96 117 0
35 96 118 0
35 96 119 0
35 97 23 0
35 97 33 0
35 97 34 0
35 97 37 0
35 97 38 0
35 97 49 0
35 97 51 0
35 97 52 0
35 97 53 0
35 97 54 0
35 97 66 0
35 97 69 0
35 97 84 0
35 97 85 0
35 97 99 0
35 97 101 0
35 97 102 0
35 97 119 0
35 98 34 0
35 98 37 0
35 98 38 0
35 98 49 0
35 98 66 0
35 98 67 0
35 98 69 0
35 98 85 0
35 98 112 0
35 99 34 0
35 99 37 0
35 99 51 0
35 99 66 0
35 99 67 0
35 99 68 0
35 99 69 0
35 99 101 0
35 100 34 0
35 100 37 0
35 100 67 0
35 100 69 0
35 101 33 0
35 101 34 0
35 101 37 0
35 101 51 0
35 101 54 0
35 101 67 0
35 101 68 0
35 101 69 0
35 101 82 0
35 101 99 0
35 101 119 0
35 102 16 0
35 102 33 0
35 102 34 0
35 102 37 0
35 102 38 0
35 102 50 0
35 102 51 0
35 102 54 0
35 102 67 0
35 102 68 0
35 102 69 0
35 102 71 0
35 102 82 0
35 102 83 0
35 102 115 0
35 103 0 0
35 103 16 0
35 103 17 0
35 103 33 0
35 103 34 0
35 103 37 0
35 103 50 0
35 103 51 0
35 103 52 0
35 103 54 0
35 103 55 0
35 103 67 0
35 103 68 0
35 103 69 0
35 103 71 0
35 103 82 0
35 103 83 0
35 103 84 0
35 103 85 0
35 103 99 0
35 103 115 0
35 103 116 0
35 103 117 0
35 112 0 0
35 112 4 0
35 112 6 0
35 112 7 0
35 112 16 0
35 112 17 0
35 112 19 0
35 112 20 0
35 112 21 0
35 112 22 0
35 112 23 0
35 112 32 0
35 112 33 0
35 112 36 0
35 112 37 0
35 112 38 0
35 112 39 0
35 112 49 0
35 112 50 0
35 112 55 0
35 112 69 0
35 112 70 0
35 112 71 0
35 112 80 0
35 112 81 0
35 112 84 0
35 112 86 0
35 112 87 0
35 112 98 0
35 112 99 0
35 112 100 0
35 112 101 0
35 112 102 0
35 112 117 0
35 112 118 0
35 112 119 0
35 113 0 0
35 113 17 0
35 113 23 0
35 113 33 0
35 113 34 0
35 113 37 0
35 113 38 0
35 113 49 0
35 113 50 0
35 113 51 0
35 113 52 0
35 113 53 0
35 113 54 0
35 113 66 0
35 113 69 0
35 113 80 0
35 113 81 0
35 113 82 0
35 113 84 0
35 113 85 0
35 113 86 0
35 113 99 0
35 113 101 0
35 113 102 0
35 113 119 0
35 114 34 0
35 114 37 0
35 114 38 0
35 114 49 0
35 114 54 0
35 114 66 0
35 114 67 0
35 114 69 0
35 114 81 0
35 114 82 0
35 114 84 0
35 114 85 0
35 114 112 0
35 115 34 0
35 115 37 0
35 115 38 0
35 115 49 0
35 115 54 0
35 115 66 0
35 115 67 0
35 115 68 0
35 115 69 0
35 115 82 0
35 115 85 0
35 116 34 0
35 116 37 0
35 116 38 0
35 116 54 0
35 116 67 0
35 116 68 0
35 116 69 0
35 116 82 0
35 117 33 0
35 117 34 0
35 117 37 0
35 117 51 0
35 117 54 0
35 117 67 0
35 117 68 0
35 117 69 0
35 117 82 0
35 117 83 0
35 117 119 0
35 118 16 0
35 118 33 0
35 118 34 0
35 118 37 0
35 118 50 0
35 118 51 0
35 118 54 0
35 118 67 0
35 118 69 0
35 118 70 0
35 118 71 0
35 118 82 0
35 118 83 0
35 118 115 0
35 119 0 0
35 119 16 0
35 119 17 0
35 119 33 0
35 119 34 0
35 119 37 0
35 119 50 0
35 119 51 0
35 119 52 0
35 119 54 0
35 119 68 0
35 119 69 0
35 119 70 0
35 119 71 0
35 119 82 0
35 119 83 0
35 119 99 0
35 119 116 0
35 119 117 0
51 3 32 0
51 4 32 0
51 4 80 0
51 4 114 0
51 4 117 0
51 5 32 0
51 5 80 0
51 5 114 0
51 5 117 0
51 6 32 0
51 6 80 0
51 6 114 0
51 6 117 0
51 7 32 0
51 19 32 0
51 20 0 0
51 20 1 0
51 20 16 0
51 20 17 0
51 20 32 0
51 20 33 0
51 20 39 0
51 20 48 0
51 20 49 0
51 20 64 0
51 20 65 0
51 20 66 0
51 20 80 0
51 20 81 0
51 20 84 0
51 20 96 0
51 20 114 0
51 20 117 0
51 21 0 0
51 21 1 0
51 21 16 0
51 21 17 0
51 21 32 0
51 21 33 0
51 21 39 0
51 21 48 0
51 21 49 0
51 21 64 0
51 21 65 0
51 21 66 0
51 21 80 0
51 21 81 0
51 21 84 0
51 21 96 0
51 21 114 0
51 21 117 0
51 22 0 0
51 22 1 0
51 22 16 0
51 22 17 0
51 22 32 0
51 22 33 0
51 22 48 0
51 22 49 0
51 22 64 0
51 22 65 0
51 22 66 0
51 22 80 0
51 22 81 0
51 22 84 0
51 22 96 0
51 22 114 0
51 22 117 0
51 23 16 0
51 23 32 0
51 23 33 0
51 23 48 0
51 23 64 0
51 37 0 0
51 37 2 0
51 37 3 0
51 37 4 0
51 37 5 0
51 37 6 0
51 37 16 0
51 37 17 0
51 37 19 0
51 37 32 0
51 37 33 0
51 37 39 0
51 37 48 0
51 37 49 0
51 37 55 0
51 37 64 0
51 37 65 0
51 37 66 0
51 37 70 0
51 37 80 0
51 37 81 0
51 37 96 0
51 37 100 0
51 37 114 0
51 37 115 0
51 37 116 0
51 37 117 0
51 37 118 0
51 38 0 0
51 38 1 0
51 38 2 0
51 38 3 0
51 38 4 0
51 38 5 0
51 38 6 0
51 38 16 0
51 38 17 0
51 38 19 0
51 38 32 0
51 38 33 0
51 38 48 0
51 38 49 0
51 38 64 0
51 38 65 0
51 38 66 0
51 38 70 0
51 38 80 0
51 38 81 0
51 38 84 0
51 38 96 0
51 38 100 0
51 38 114 0
51 38 115 0
51 38 116 0
51 38 117 0
51 38 118 0
51 39 1 0
51 39 2 0
51 39 5 0
51 39 6 0
51 39 16 0
51 39 19 0
51 39 32 0
51 39 33 0
51 39 48 0
51 39 49 0
51 39 64 0
51 39 66 0
51 39 70 0
51 39 80 0
51 39 81 0
51 39 96 0
51 39 114 0
51 39 115 0
51 39 116 0
51 39 117 0
51 39 118 0
51 48 1 0
51 48 2 0
51 48 3 0
51 48 4 0
51 48 5 0
51 48 19 0
51 48 87 0
51 48 103 0
51 48 115 0
51 49 1 0
51 49 2 0
51 49 3 0
51 49 4 0
51 49 5 0
51 49 19 0
51 49 87 0
51 49 103 0
51 49 115 0
51 53 1 0
51 53 2 0
51 53 3 0
51 53 4 0
51 53 5 0
51 53 6 0
51 53 7 0
51 53 16 0
51 53 17 0
51 53 19 0
51 53 20 0
51 53 21 0
51 53 22 0
51 53 32 0
51 53 33 0
51 53 34 0
51 53 39 0
51 53 48 0
51 53 49 0
51 53 55 0
51 53 64 0
51 53 65 0
51 53 66 0
51 53 67 0
51 53 71 0
51 53 80 0
51 53 81 0
51 53 84 0
51 53 96 0
51 53 97 0
51 53 112 0
51 53 114 0
51 53 115 0
51 53 116 0
51 53 117 0
51 53 118 0
51 54 1 0
51 54 2 0
51 54 3 0
51 54 4 0
51 54 5 0
51 54 6 0
51 54 7 0
51 54 16 0
51 54 17 0
51 54 19 0
51 54 20 0
51 54 21 0
51 54 22 0
51 54 32 0
51 54 33 0
51 54 34 0
51 54 48 0
51 54 49 0
51 54 64 0
51 54 65 0
51 54 66 0
51 54 67 0
51 54 80 0
51 54 81 0
51 54 84 0
51 54 87 0
51 54 96 0
51 54 97 0
51 54 100 0
51 54 112 0
51 54 114 0
51 54 115 0
51 54 116 0
51 54 117 0
51 54 118 0
51 55 0 0
51 55 2 0
51 55 3 0
51 55 4 0
51 55 5 0
51 55 6 0
51 55 16 0
51 55 17 0
51 55 19 0
51 55 20 0
51 55 21 0
51 55 32 0
51 55 33 0
51 55 48 0
51 55 49 0
51 55 64 0
51 55 66 0
51 55 80 0
51 55 81 0
51 55 87 0
51 55 96 0
51 55 115 0
51 55 116 0
51 55 117 0
51 55 118 0
51 64 1 0
51 64 2 0
51 64 3 0
51 64 4 0
51 64 5 0
51 64 19 0
51 64 39 0
51 64 55 0
51 64 70 0
51 64 71 0
51 64 86 0
51 64 87 0
51 64 103 0
51 64 115 0
51 64 117 0
51 65 0 0
51 65 1 0
51 65 2 0
51 65 3 0
51 65 4 0
51 65 5 0
51 65 6 0
51 65 16 0
51 65 17 0
51 65 18 0
51 65 19 0
51 65 20 0
51 65 21 0
51 65 32 0
51 65 33 0
51 65 34 0
51 65 35 0
51 65 36 0
51 65 39 0
51 65 50 0
51 65 54 0
51 65 55 0
51 65 69 0
51 65 70 0
51 65 71 0
51 65 83 0
51 65 84 0
51 65 85 0
51 65 86 0
51 65 87 0
51 65 101 0
51 65 102 0
51 65 103 0
51 65 114 0
51 65 117 0
51 65 118 0
51 65 119 0
51 69 1 0
51 69 3 0
51 69 4 0
51 69 6 0
51 69 7 0
51 69 16 0
51 69 18 0
51 69 19 0
51 69 20 0
51 69 21 0
51 69 22 0
51 69 33 0
51 69 34 0
51 69 39 0
51 69 48 0
51 69 49 0
51 69 52 0
51 69 55 0
51 69 64 0
51 69 65 0
51 69 66 0
51 69 71 0
51 69 96 0
51 69 97 0
51 69 100 0
51 69 103 0
51 69 112 0
51 69 115 0
51 69 116 0
51 69 118 0
51 70 1 0
51 70 3 0
51 70 4 0
51 70 5 0
51 70 6 0
51 70 7 0
51 70 16 0
51 70 17 0
51 70 18 0
51 70 19 0
51 70 20 0
51 70 21 0
51 70 22 0
51 70 32 0
51 70 33 0
51 70 34 0
51 70 36 0
51 70 39 0
51 70 48 0
51 70 49 0
51 70 64 0
51 70 65 0
51 70 66 0
51 70 67 0
51 70 80 0
51 70 81 0
51 70 96 0
51 70 97 0
51 70 100 0
51 70 112 0
51 70 115 0
51 70 116 0
51 70 118 0
51 71 0 0
51 71 1 0
51 71 2 0
51 71 3 0
51 71 4 0
51 71 5 0
51 71 6 0
51 71 16 0
51 71 17 0
51 71 19 0
51 71 20 0
51 71 21 0
51 71 32 0
51 71 39 0
51 71 48 0
51 71 49 0
51 71 64 0
51 71 65 0
51 71 66 0
51 71 80 0
51 71 81 0
51 71 96 0
51 71 114 0
51 71 115 0
51 71 116 0
51 71 117 0
51 71 118 0
51 80 1 0
51 80 2 0
51 80 3 0
51 80 4 0
51 80 5 0
51 80 16 0
51 80 19 0
51 80 39 0
51 80 55 0
51 80 70 0
51 80 71 0
51 80 86 0
51 80 87 0
51 80 103 0
51 80 115 0
51 80 117 0
51 80 118 0
51 81 0 0
51 81 1 0
51 81 2 0
51 81 3 0
51 81 4 0
51 81 5 0
51 81 6 0
51 81 7 0
51 81 16 0
51 81 17 0
51 81 18 0
51 81 19 0
51 81 20 0
51 81 21 0
51 81 22 0
51 81 32 0
51 81 33 0
51 81 34 0
51 81 35 0
51 81 36 0
51 81 39 0
51 81 50 0
51 81 54 0
51 81 55 0
51 81 69 0
51 81 70 0
51 81 71 0
51 81 83 0
51 81 84 0
51 81 85 0
51 81 86 0
51 81 87 0
51 81 99 0
51 81 101 0
51 81 102 0
51 81 103 0
51 81 115 0
51 81 117 0
51 81 118 0
51 81 119 0
51 82 2 0
51 82 3 0
51 82 4 0
51 82 5 0
51 82 6 0
51 82 7 0
51 82 16 0
51 82 19 0
51 82 20 0
51 82 21 0
51 82 22 0
51 82 32 0
51 82 39 0
51 82 48 0
51 82 50 0
51 82 55 0
51 82 70 0
51 82 71 0
51 82 80 0
51 82 86 0
51 82 87 0
51 82 96 0
51 82 100 0
51 82 101 0
51 82 117 0
51 82 118 0
51 83 1 0
51 83 3 0
51 83 4 0
51 83 6 0
51 83 7 0
51 83 16 0
51 83 18 0
51 83 19 0
51 83 20 0
51 83 21 0
51 83 22 0
51 83 33 0
51 83 34 0
51 83 35 0
51 83 39 0
51 83 48 0
51 83 49 0
51 83 50 0
51 83 52 0
51 83 54 0
51 83 55 0
51 83 64 0
51 83 65 0
51 83 69 0
51 83 70 0
51 83 71 0
51 83 85 0
51 83 86 0
51 83 96 0
51 83 97 0
51 83 101 0
51 83 102 0
51 83 103 0
51 83 112 0
51 83 113 0
51 83 116 0
51 83 117 0
51 83 118 0
51 83 119 0
51 84 3 0
51 84 4 0
51 84 5 0
51 84 6 0
51 84 7 0
51 84 16 0
51 84 19 0
51 84 20 0
51 84 21 0
51 84 22 0
51 84 23 0
51 84 32 0
51 84 33 0
51 84 34 0
51 84 35 0
51 84 36 0
51 84 38 0
51 84 39 0
51 84 48 0
51 84 49 0
51 84 50 0
51 84 53 0
51 84 54 0
51 84 55 0
51 84 65 0
51 84 66 0
51 84 67 0
51 84 70 0
51 84 71 0
51 84 80 0
51 84 81 0
51 84 86 0
51 84 96 0
51 84 97 0
51 84 98 0
51 84 102 0
51 84 112 0
51 84 113 0
51 84 116 0
51 84 118 0
51 85 1 0
51 85 3 0
51 85 4 0
51 85 6 0
51 85 7 0
51 85 16 0
51 85 18 0
51 85 19 0
51 85 20 0
51 85 21 0
51 85 22 0
51 85 23 0
51 85 33 0
51 85 34 0
51 85 35 0
51 85 38 0
51 85 39 0
51 85 48 0
51 85 49 0
51 85 52 0
51 85 53 0
51 85 54 0
51 85 55 0
51 85 64 0
51 85 65 0
51 85 66 0
51 85 67 0
51 85 71 0
51 85 83 0
51 85 96 0
51 85 97 0
51 85 98 0
51 85 99 0
51 85 103 0
51 85 112 0
51 85 113 0
51 85 114 0
51 85 115 0
51 85 116 0
51 85 118 0
51 86 1 0
51 86 3 0
51 86 4 0
51 86 5 0
51 86 6 0
51 86 7 0
51 86 16 0
51 86 17 0
51 86 18 0
51 86 19 0
51 86 20 0
51 86 21 0
51 86 22 0
51 86 23 0
51 86 32 0
51 86 33 0
51 86 34 0
51 86 36 0
51 86 38 0
51 86 39 0
51 86 48 0
51 86 49 0
51 86 53 0
51 86 64 0
51 86 65 0
51 86 66 0
51 86 67 0
51 86 80 0
51 86 81 0
51 86 83 0
51 86 96 0
51 86 97 0
51 86 98 0
51 86 100 0
51 86 112 0
51 86 113 0
51 86 115 0
51 86 116 0
51 86 118 0
51 87 0 0
51 87 2 0
51 87 3 0
51 87 4 0
51 87 5 0
51 87 6 0
51 87 16 0
51 87 17 0
51 87 20 0
51 87 21 0
51 87 23 0
51 87 32 0
51 87 39 0
51 87 48 0
51 87 64 0
51 87 65 0
51 87 80 0
51 87 83 0
51 87 96 0
51 87 113 0
51 87 114 0
51 87 117 0
51 87 118 0
51 96 1 0
51 96 2 0
51 96 4 0
51 96 5 0
51 96 16 0
51 96 19 0
51 96 39 0
51 96 55 0
51 96 70 0
51 96 71 0
51 96 86 0
51 96 87 0
51 96 103 0
51 96 117 0
51 96 118 0
51 97 0 0
51 97 1 0
51 97 2 0
51 97 3 0
51 97 4 0
51 97 5 0
51 97 6 0
51 97 7 0
51 97 16 0
51 97 17 0
51 97 18 0
51 97 19 0
51 97 20 0
51 97 21 0
51 97 22 0
51 97 32 0
51 97 33 0
51 97 34 0
51 97 35 0
51 97 36 0
51 97 39 0
51 97 50 0
51 97 54 0
51 97 55 0
51 97 69 0
51 97 70 0
51 97 71 0
51 97 83 0
51 97 84 0
51 97 85 0
51 97 86 0
51 97 87 0
51 97 99 0
51 97 101 0
51 97 102 0
51 97 103 0
51 97 117 0
51 97 118 0
51 97 119 0
51 98 2 0
51 98 3 0
51 98 4 0
51 98 5 0
51 98 6 0
51 98 7 0
51 98 16 0
51 98 19 0
51 98 20 0
51 98 21 0
51 98 22 0
51 98 32 0
51 98 33 0
51 98 34 0
51 98 35 0
51 98 36 0
51 98 39 0
51 98 48 0
51 98 50 0
51 98 54 0
51 98 55 0
51 98 69 0
51 98 70 0
51 98 71 0
51 98 80 0
51 98 84 0
51 98 85 0
51 98 86 0
51 98 87 0
51 98 96 0
51 98 100 0
51 98 101 0
51 98 102 0
51 98 117 0
51 98 118 0
51 98 119 0
51 99 3 0
51 99 4 0
51 99 6 0
51 99 7 0
51 99 16 0
51 99 19 0
51 99 20 0
51 99 21 0
51 99 22 0
51 99 23 0
51 99 33 0
51 99 34 0
51 99 35 0
51 99 39 0
51 99 48 0
51 99 49 0
51 99 50 0
51 99 52 0
51 99 53 0
51 99 54 0
51 99 55 0
51 99 65 0
51 99 69 0
51 99 70 0
51 99 71 0
51 99 85 0
51 99 86 0
51 99 96 0
51 99 97 0
51 99 101 0
51 99 102 0
51 99 112 0
51 99 113 0
51 99 117 0
51 99 118 0
51 99 119 0
51 100 3 0
51 100 4 0
51 100 6 0
51 100 7 0
51 100 16 0
51 100 19 0
51 100 20 0
51 100 21 0
51 100 22 0
51 100 23 0
51 100 33 0
51 100 34 0
51 100 35 0
51 100 38 0
51 100 39 0
51 100 48 0
51 100 49 0
51 100 50 0
51 100 52 0
51 100 53 0
51 100 55 0
51 100 65 0
51 100 66 0
51 100 69 0
51 100 70 0
51 100 71 0
51 100 86 0
51 100 96 0
51 100 97 0
51 100 98 0
51 100 102 0
51 100 112 0
51 100 113 0
51 100 118 0
51 101 1 0
51 101 3 0
51 101 4 0
51 101 6 0
51 101 7 0
51 101 16 0
51 101 18 0
51 101 19 0
51 101 20 0
51 101 21 0
51 101 22 0
51 101 23 0
51 101 33 0
51 101 34 0
51 101 35 0
51 101 39 0
51 101 48 0
51 101 49 0
51 101 52 0
51 101 53 0
51 101 54 0
51 101 55 0
51 101 64 0
51 101 65 0
51 101 66 0
51 101 69 0
51 101 70 0
51 101 71 0
51 101 83 0
51 101 96 0
51 101 97 0
51 101 98 0
51 101 99 0
51 101 103 0
51 101 112 0
51 101 113 0
51 102 0 0
51 102 1 0
51 102 3 0
51 102 4 0
51 102 5 0
51 102 6 0
51 102 7 0
51 102 16 0
51 102 17 0
51 102 18 0
51 102 19 0
51 102 20 0
51 102 21 0
51 102 22 0
51 102 23 0
51 102 32 0
51 102 33 0
51 102 34 0
51 102 36 0
51 102 38 0
51 102 39 0
51 102 48 0
51 102 49 0
51 102 53 0
51 102 64 0
51 102 65 0
51 102 66 0
51 102 69 0
51 102 70 0
51 102 80 0
51 102 81 0
51 102 96 0
51 102 97 0
51 102 98 0
51 102 100 0
51 102 112 0
51 102 113 0
51 103 0 0
51 103 2 0
51 103 3 0
51 103 4 0
51 103 5 0
51 103 6 0
51 103 17 0
51 103 20 0
51 103 21 0
51 103 23 0
51 103 32 0
51 103 48 0
51 103 64 0
51 103 65 0
51 103 70 0
51 103 80 0
51 103 83 0
51 103 96 0
51 103 113 0
51 103 114 0
51 103 117 0
51 112 1 0
51 112 2 0
51 112 4 0
51 112 5 0
51 112 16 0
51 112 19 0
51 112 39 0
51 112 55 0
51 112 70 0
51 112 71 0
51 112 80 0
51 112 87 0
51 112 103 0
51 112 118 0
51 113 1 0
51 113 2 0
51 113 3 0
51 113 4 0
51 113 5 0
51 113 7 0
51 113 16 0
51 113 19 0
51 113 22 0
51 113 32 0
51 113 39 0
51 113 50 0
51 113 55 0
51 113 70 0
51 113 71 0
51 113 80 0
51 113 86 0
51 113 87 0
51 113 99 0
51 113 101 0
51 113 103 0
51 113 118 0
51 114 1 0
51 114 2 0
51 114 3 0
51 114 4 0
51 114 5 0
51 114 6 0
51 114 7 0
51 114 16 0
51 114 19 0
51 114 22 0
51 114 32 0
51 114 39 0
51 114 50 0
51 114 55 0
51 114 70 0
51 114 71 0
51 114 80 0
51 114 86 0
51 114 87 0
51 114 96 0
51 114 100 0
51 114 101 0
51 114 103 0
51 114 117 0
51 114 118 0
51 115 1 0
51 115 3 0
51 115 4 0
51 115 5 0
51 115 6 0
51 115 7 0
51 115 16 0
51 115 18 0
51 115 19 0
51 115 20 0
51 115 22 0
51 115 23 0
51 115 32 0
51 115 35 0
51 115 39 0
51 115 48 0
51 115 50 0
51 115 53 0
51 115 54 0
51 115 55 0
51 115 64 0
51 115 65 0
51 115 70 0
51 115 71 0
51 115 80 0
51 115 84 0
51 115 86 0
51 115 87 0
51 115 96 0
51 115 97 0
51 115 101 0
51 115 103 0
51 115 113 0
51 115 117 0
51 115 118 0
51 116 0 0
51 116 1 0
51 116 3 0
51 116 4 0
51 116 5 0
51 116 6 0
51 116 7 0
51 116 16 0
51 116 17 0
51 116 18 0
51 116 20 0
51 116 21 0
51 116 22 0
51 116 23 0
51 116 32 0
51 116 35 0
51 116 38 0
51 116 39 0
51 116 48 0
51 116 50 0
51 116 53 0
51 116 54 0
51 116 55 0
51 116 64 0
51 116 65 0
51 116 70 0
51 116 71 0
51 116 80 0
51 116 84 0
51 116 86 0
51 116 87 0
51 116 96 0
51 116 97 0
51 116 98 0
51 116 102 0
51 116 103 0
51 116 113 0
51 116 114 0
51 116 118 0
51 117 0 0
51 117 1 0
51 117 3 0
51 117 4 0
51 117 5 0
51 117 6 0
51 117 17 0
51 117 18 0
51 117 20 0
51 117 21 0
51 117 23 0
51 117 32 0
51 117 35 0
51 117 38 0
51 117 39 0
51 117 48 0
51 117 53 0
51 117 54 0
51 117 64 0
51 117 65 0
51 117 80 0
51 117 83 0
51 117 84 0
51 117 87 0
51 117 96 0
51 117 98 0
51 117 99 0
51 117 103 0
51 117 113 0
51 117 114 0
51 118 0 0
51 118 2 0
51 118 3 0
51 118 4 0
51 118 5 0
51 118 6 0
51 118 17 0
51 118 20 0
51 118 21 0
51 118 23 0
51 118 32 0
51 118 38 0
51 118 39 0
51 118 48 0
51 118 53 0
51 118 65 0
51 118 80 0
51 118 83 0
51 118 87 0
51 118 96 0
51 118 98 0
51 118 100 0
51 118 113 0
51 119 0 0
51 119 2 0
51 119 3 0
51 119 4 0
51 119 5 0
51 119 6 0
51 119 17 0
51 119 20 0
51 119 23 0
51 119 32 0
51 119 48 0
51 119 65 0
51 119 80 0
51 119 83 0
51 119 87 0
51 119 96 0
51 119 113 0
51 119 117 0
