2 5 1 1
2 5 4 1
2 5 7 1
2 5 18 1
2 5 37 1
2 5 51 1
2 5 67 1
2 5 69 1
2 5 82 1
2 5 83 1
2 5 86 1
2 5 97 1
2 5 100 1
2 5 112 1
2 6 1 1
2 6 18 1
2 6 35 1
2 6 55 1
2 6 67 1
2 6 69 1
2 6 83 1
2 6 86 1
2 6 100 1
2 7 1 1
2 7 18 1
2 7 35 1
2 7 36 1
2 7 39 1
2 7 84 1
2 7 86 1
2 7 100 1
2 7 102 1
2 16 4 1
2 16 55 1
2 16 86 1
2 21 68 1
2 21 71 1
2 23 21 1
2 23 52 1
2 23 55 1
3 1 55 1
3 1 71 1
3 5 49 1
3 5 64 1
3 6 115 1
3 7 16 1
3 7 33 1
3 7 64 1
3 7 81 1
3 7 96 1
3 7 115 1
3 7 118 1
3 16 4 1
3 16 55 1
3 16 86 1
3 16 103 1
3 17 4 1
3 17 7 1
3 17 16 1
3 17 19 1
3 17 22 1
3 17 49 1
3 17 52 1
3 17 53 1
3 17 97 1
3 17 98 1
3 17 100 1
3 17 101 1
3 17 112 1
3 17 115 1
3 17 118 1
3 21 68 1
3 21 71 1
3 22 1 1
3 22 18 1
3 22 19 1
3 22 34 1
3 22 35 1
3 22 38 1
3 22 66 1
3 22 70 1
3 22 85 1
3 22 86 1
3 22 100 1
3 22 103 1
3 22 115 1
3 23 7 1
3 23 32 1
3 23 34 1
3 23 49 1
3 23 66 1
3 23 81 1
3 23 82 1
3 23 85 1
3 23 96 1
3 23 97 1
3 23 101 1
3 23 112 1
3 23 115 1
3 23 116 1
3 23 117 1
3 32 0 1
3 32 4 1
3 32 69 1
3 32 86 1
3 32 103 1
3 39 4 1
3 39 7 1
3 39 66 1
3 39 81 1
3 39 85 1
3 39 96 1
18 4 51 1
18 4 54 1
18 4 67 1
18 4 70 1
18 4 82 1
18 4 85 1
18 4 97 1
18 4 100 1
18 4 112 1
18 4 115 1
18 5 1 1
18 5 4 1
18 5 7 1
18 5 37 1
18 5 51 1
18 5 67 1
18 5 69 1
18 5 82 1
18 5 83 1
18 5 86 1
18 5 97 1
18 5 100 1
18 5 112 1
18 6 1 1
18 6 35 1
18 6 55 1
18 6 67 1
18 6 69 1
18 6 83 1
18 6 86 1
18 6 100 1
18 7 1 1
18 7 35 1
18 7 36 1
18 7 39 1
18 7 84 1
18 7 86 1
18 7 100 1
18 7 102 1
18 21 68 1
18 21 71 1
18 23 21 1
18 23 52 1
18 23 55 1
18 48 0 1
18 48 1 1
18 48 3 1
18 48 4 1
18 48 16 1
18 48 19 1
18 48 20 1
18 48 85 1
18 48 102 1
18 48 119 1
19 5 2 1
19 5 16 1
19 5 32 1
19 5 33 1
19 5 48 1
19 5 49 1
19 5 64 1
19 5 113 1
19 5 116 1
19 5 117 1
19 5 118 1
19 6 3 1
19 6 16 1
19 6 33 1
19 6 48 1
19 6 64 1
19 6 80 1
19 6 115 1
19 6 118 1
19 7 16 1
19 7 33 1
19 7 48 1
19 7 64 1
19 7 81 1
19 7 96 1
19 7 115 1
19 7 118 1
19 17 113 1
19 17 116 1
19 21 0 1
19 21 17 1
19 21 20 1
19 21 23 1
19 21 50 1
19 21 53 1
19 21 68 1
19 21 71 1
19 21 98 1
19 21 99 1
19 21 101 1
19 21 102 1
19 21 113 1
19 21 116 1
19 21 119 1
19 22 0 1
19 22 3 1
19 22 17 1
19 22 20 1
19 22 34 1
19 22 38 1
19 22 50 1
19 22 54 1
19 22 66 1
19 22 70 1
19 22 85 1
19 22 87 1
19 22 98 1
19 22 99 1
19 22 101 1
19 22 103 1
19 22 113 1
19 22 114 1
19 22 115 1
19 22 116 1
19 22 118 1
19 22 119 1
19 23 0 1
19 23 3 1
19 23 7 1
19 23 17 1
19 23 32 1
19 23 34 1
19 23 49 1
19 23 66 1
19 23 81 1
19 23 82 1
19 23 85 1
19 23 96 1
19 23 97 1
19 23 101 1
19 23 112 1
19 23 115 1
19 23 116 1
19 23 117 1
19 23 118 1
19 23 119 1
19 32 34 1
19 33 34 1
19 33 80 1
19 33 83 1
19 38 37 1
19 38 84 1
19 38 87 1
19 39 3 1
19 39 4 1
19 39 7 1
19 39 37 1
19 39 66 1
19 39 81 1
19 39 85 1
19 39 96 1
19 48 7 1
19 48 22 1
19 48 37 1
19 48 49 1
19 48 51 1
19 48 52 1
19 48 64 1
19 48 67 1
19 48 68 1
19 48 96 1
19 48 97 1
19 48 100 1
19 48 112 1
19 48 113 1
19 48 115 1
34 3 0 1
34 3 32 1
34 3 38 1
34 3 49 1
34 3 50 1
34 3 64 1
34 3 80 1
34 3 81 1
34 3 84 1
34 3 85 1
34 3 86 1
34 3 96 1
34 3 99 1
34 3 100 1
34 3 101 1
34 3 103 1
34 3 114 1
34 3 115 1
34 3 117 1
34 3 118 1
34 4 51 1
34 4 54 1
34 4 67 1
34 4 69 1
34 4 70 1
34 4 82 1
34 4 83 1
34 4 85 1
34 4 86 1
34 4 97 1
34 4 100 1
34 4 103 1
34 4 112 1
34 4 115 1
34 5 1 1
34 5 4 1
34 5 7 1
34 5 18 1
34 5 37 1
34 5 51 1
34 5 67 1
34 5 69 1
34 5 82 1
34 5 83 1
34 5 86 1
34 5 97 1
34 5 100 1
34 5 112 1
34 6 1 1
34 6 18 1
34 6 35 1
34 6 55 1
34 6 67 1
34 6 69 1
34 6 83 1
34 6 86 1
34 6 100 1
34 7 1 1
34 7 18 1
34 7 35 1
34 7 36 1
34 7 39 1
34 7 84 1
34 7 86 1
34 7 100 1
34 7 102 1
34 20 52 1
34 21 68 1
34 21 71 1
34 23 21 1
34 23 52 1
34 23 55 1
34 48 0 1
34 48 2 1
34 48 4 1
34 48 5 1
34 48 6 1
34 48 19 1
34 48 21 1
34 48 35 1
34 48 39 1
34 48 54 1
34 48 55 1
34 48 69 1
34 48 70 1
34 48 85 1
34 48 86 1
34 48 87 1
34 48 98 1
34 48 101 1
34 48 103 1
34 48 118 1
34 64 7 1
34 64 22 1
34 64 37 1
34 64 51 1
34 64 52 1
34 64 53 1
34 64 55 1
34 64 70 1
34 64 84 1
34 64 85 1
34 64 99 1
34 64 100 1
34 64 101 1
34 64 118 1
34 65 67 1
34 80 7 1
34 80 16 1
34 80 22 1
34 80 33 1
34 80 37 1
34 80 51 1
34 80 52 1
34 80 53 1
34 80 64 1
34 80 70 1
34 80 82 1
34 80 84 1
34 80 101 1
34 80 112 1
34 81 68 1
34 81 116 1
34 96 16 1
34 96 33 1
34 96 50 1
34 96 52 1
34 96 53 1
34 96 70 1
34 96 84 1
34 96 101 1
34 96 115 1
34 112 16 1
34 112 33 1
34 112 50 1
34 112 66 1
34 112 69 1
34 112 70 1
34 112 101 1
34 112 102 1
34 112 114 1
34 113 67 1
34 113 81 1
34 113 115 1
35 4 1 1
35 4 3 1
35 4 39 1
35 4 65 1
35 4 87 1
35 4 102 1
35 4 116 1
35 4 119 1
35 5 2 1
35 5 3 1
35 5 6 1
35 5 16 1
35 5 32 1
35 5 33 1
35 5 48 1
35 5 49 1
35 5 64 1
35 5 65 1
35 5 80 1
35 5 81 1
35 5 84 1
35 5 87 1
35 5 96 1
35 5 113 1
35 5 114 1
35 5 116 1
35 5 117 1
35 5 118 1
35 6 3 1
35 6 16 1
35 6 33 1
35 6 48 1
35 6 80 1
35 6 115 1
35 6 118 1
35 7 16 1
35 7 33 1
35 7 48 1
35 7 64 1
35 7 80 1
35 7 81 1
35 7 96 1
35 7 115 1
35 7 118 1
35 21 0 1
35 21 17 1
35 21 20 1
35 21 23 1
35 21 50 1
35 21 53 1
35 21 68 1
35 21 71 1
35 21 98 1
35 21 99 1
35 21 101 1
35 21 102 1
35 21 113 1
35 21 116 1
35 21 119 1
35 22 0 1
35 22 3 1
35 22 17 1
35 22 19 1
35 22 20 1
35 22 34 1
35 22 38 1
35 22 50 1
35 22 54 1
35 22 66 1
35 22 70 1
35 22 85 1
35 22 87 1
35 22 98 1
35 22 99 1
35 22 101 1
35 22 103 1
35 22 113 1
35 22 114 1
35 22 115 1
35 22 116 1
35 22 118 1
35 22 119 1
35 23 0 1
35 23 3 1
35 23 7 1
35 23 17 1
35 23 32 1
35 23 34 1
35 23 49 1
35 23 50 1
35 23 65 1
35 23 66 1
35 23 81 1
35 23 82 1
35 23 85 1
35 23 96 1
35 23 97 1
35 23 100 1
35 23 101 1
35 23 112 1
35 23 114 1
35 23 115 1
35 23 116 1
35 23 117 1
35 23 118 1
35 23 119 1
35 32 5 1
35 32 39 1
35 32 54 1
35 32 55 1
35 32 71 1
35 32 87 1
35 32 103 1
35 32 114 1
35 33 17 1
35 33 20 1
35 33 23 1
35 33 38 1
35 33 69 1
35 33 102 1
35 33 114 1
35 33 119 1
35 38 37 1
35 38 84 1
35 38 87 1
35 39 3 1
35 39 4 1
35 39 7 1
35 39 37 1
35 39 66 1
35 39 81 1
35 39 85 1
35 39 96 1
35 48 0 1
35 48 2 1
35 48 4 1
35 48 5 1
35 48 6 1
35 48 7 1
35 48 16 1
35 48 19 1
35 48 20 1
35 48 21 1
35 48 22 1
35 48 37 1
35 48 39 1
35 48 49 1
35 48 54 1
35 48 55 1
35 48 64 1
35 48 69 1
35 48 70 1
35 48 85 1
35 48 86 1
35 48 87 1
35 48 96 1
35 48 100 1
35 48 101 1
35 48 102 1
35 48 103 1
35 48 118 1
35 48 119 1
35 64 7 1
35 64 22 1
35 64 37 1
35 64 51 1
35 64 52 1
35 64 53 1
35 64 55 1
35 64 70 1
35 64 84 1
35 64 85 1
35 64 99 1
35 64 100 1
35 64 101 1
35 64 118 1
35 65 67 1
35 70 68 1
35 80 7 1
35 80 22 1
35 80 37 1
35 80 51 1
35 80 52 1
35 80 53 1
35 80 70 1
35 80 82 1
35 80 84 1
35 80 101 1
35 80 112 1
35 81 68 1
35 81 116 1
35 96 52 1
35 96 53 1
35 96 84 1
35 96 101 1
35 96 115 1
35 112 16 1
35 112 33 1
35 112 66 1
35 112 69 1
35 112 84 1
35 112 101 1
35 112 102 1
35 112 114 1
35 113 67 1
35 113 81 1
35 113 84 1
35 113 115 1
51 1 0 1
51 2 3 1
51 2 39 1
51 2 80 1
51 2 99 1
51 2 114 1
51 2 115 1
51 2 116 1
51 2 117 1
51 2 118 1
51 3 4 1
51 3 6 1
51 3 19 1
51 3 49 1
51 3 50 1
51 3 64 1
51 3 65 1
51 3 70 1
51 3 80 1
51 3 81 1
51 3 82 1
51 3 84 1
51 3 85 1
51 3 86 1
51 3 96 1
51 3 97 1
51 3 99 1
51 3 100 1
51 3 101 1
51 3 102 1
51 3 103 1
51 3 112 1
51 3 114 1
51 3 115 1
51 3 116 1
51 3 117 1
51 3 118 1
51 3 119 1
51 4 1 1
51 4 33 1
51 4 53 1
51 4 54 1
51 4 65 1
51 4 70 1
51 4 71 1
51 4 81 1
51 4 82 1
51 4 83 1
51 4 85 1
51 4 86 1
51 4 87 1
51 4 96 1
51 4 97 1
51 4 98 1
51 4 99 1
51 4 100 1
51 4 102 1
51 4 103 1
51 4 112 1
51 4 113 1
51 4 114 1
51 4 115 1
51 4 116 1
51 4 117 1
51 4 119 1
51 5 2 1
51 5 3 1
51 5 4 1
51 5 16 1
51 5 32 1
51 5 33 1
51 5 37 1
51 5 48 1
51 5 49 1
51 5 64 1
51 5 81 1
51 5 84 1
51 5 87 1
51 5 96 1
51 5 100 1
51 5 113 1
51 5 114 1
51 5 115 1
51 5 116 1
51 5 117 1
51 5 118 1
51 6 2 1
51 6 3 1
51 6 5 1
51 6 16 1
51 6 32 1
51 6 33 1
51 6 48 1
51 6 49 1
51 6 53 1
51 6 54 1
51 6 64 1
51 6 65 1
51 6 71 1
51 6 80 1
51 6 81 1
51 6 84 1
51 6 87 1
51 6 96 1
51 6 98 1
51 6 99 1
51 6 100 1
51 6 113 1
51 6 114 1
51 6 115 1
51 6 116 1
51 6 117 1
51 6 118 1
51 7 2 1
51 7 16 1
51 7 32 1
51 7 33 1
51 7 48 1
51 7 49 1
51 7 64 1
51 7 65 1
51 7 80 1
51 7 81 1
51 7 84 1
51 7 87 1
51 7 96 1
51 7 100 1
51 7 114 1
51 7 115 1
51 7 116 1
51 7 117 1
51 7 118 1
51 16 0 1
51 17 4 1
51 17 5 1
51 17 7 1
51 17 19 1
51 17 20 1
51 17 23 1
51 17 37 1
51 17 38 1
51 17 49 1
51 17 55 1
51 17 64 1
51 17 65 1
51 17 68 1
51 17 69 1
51 17 70 1
51 17 71 1
51 17 80 1
51 17 82 1
51 17 84 1
51 17 85 1
51 17 86 1
51 17 87 1
51 17 98 1
51 17 100 1
51 17 101 1
51 17 103 1
51 17 112 1
51 17 113 1
51 17 115 1
51 17 116 1
51 17 117 1
51 17 118 1
51 18 5 1
51 18 34 1
51 18 53 1
51 18 64 1
51 18 67 1
51 19 3 1
51 19 6 1
51 19 7 1
51 19 20 1
51 19 22 1
51 19 23 1
51 19 54 1
51 19 55 1
51 19 67 1
51 19 68 1
51 19 71 1
51 19 82 1
51 19 97 1
51 19 112 1
51 20 1 1
51 20 7 1
51 20 18 1
51 20 19 1
51 20 21 1
51 20 22 1
51 20 66 1
51 20 67 1
51 20 69 1
51 20 70 1
51 20 82 1
51 20 83 1
51 20 85 1
51 20 86 1
51 20 97 1
51 20 103 1
51 20 112 1
51 21 68 1
51 21 71 1
51 22 0 1
51 22 3 1
51 22 17 1
51 22 20 1
51 22 34 1
51 22 50 1
51 22 54 1
51 22 70 1
51 22 71 1
51 22 83 1
51 22 85 1
51 22 87 1
51 22 98 1
51 22 99 1
51 22 101 1
51 22 103 1
51 22 113 1
51 22 114 1
51 22 115 1
51 22 116 1
51 22 118 1
51 22 119 1
51 23 0 1
51 23 3 1
51 23 7 1
51 23 17 1
51 23 20 1
51 23 34 1
51 23 36 1
51 23 39 1
51 23 50 1
51 23 67 1
51 23 70 1
51 23 82 1
51 23 84 1
51 23 85 1
51 23 87 1
51 23 100 1
51 23 101 1
51 23 114 1
51 23 115 1
51 23 116 1
51 23 118 1
51 23 119 1
51 32 5 1
51 32 39 1
51 32 48 1
51 32 54 1
51 32 55 1
51 32 71 1
51 32 87 1
51 32 103 1
51 32 114 1
51 33 34 1
51 33 80 1
51 33 83 1
51 38 37 1
51 38 84 1
51 38 87 1
51 39 1 1
51 39 3 1
51 39 4 1
51 39 7 1
51 39 18 1
51 39 35 1
51 39 36 1
51 39 37 1
51 39 38 1
51 39 52 1
51 39 55 1
51 39 83 1
51 39 85 1
51 39 86 1
51 39 87 1
51 39 100 1
51 39 102 1
51 39 103 1
51 48 0 1
51 48 2 1
51 48 4 1
51 48 5 1
51 48 6 1
51 48 7 1
51 48 19 1
51 48 21 1
51 48 22 1
51 48 35 1
51 48 37 1
51 48 39 1
51 48 49 1
51 48 54 1
51 48 55 1
51 48 64 1
51 48 69 1
51 48 70 1
51 48 85 1
51 48 86 1
51 48 87 1
51 48 96 1
51 48 100 1
51 48 101 1
51 48 103 1
51 48 118 1
51 49 7 1
51 49 22 1
51 49 37 1
51 49 48 1
51 49 52 1
51 49 65 1
51 49 68 1
51 49 96 1
51 49 97 1
51 49 99 1
51 49 112 1
51 49 113 1
51 49 115 1
51 49 116 1
51 54 52 1
51 64 7 1
51 64 22 1
51 64 37 1
51 64 52 1
51 64 53 1
51 64 55 1
51 64 70 1
51 64 84 1
51 64 85 1
51 64 99 1
51 64 100 1
51 64 101 1
51 64 118 1
51 65 7 1
51 65 16 1
51 65 22 1
51 65 33 1
51 65 36 1
51 65 37 1
51 65 49 1
51 65 52 1
51 65 53 1
51 65 81 1
51 65 84 1
51 65 85 1
51 65 97 1
51 65 100 1
51 65 101 1
51 65 112 1
51 65 118 1
51 70 68 1
51 80 7 1
51 80 22 1
51 80 37 1
51 80 52 1
51 80 53 1
51 80 70 1
51 80 82 1
51 80 84 1
51 80 101 1
51 80 112 1
51 81 68 1
51 81 116 1
51 96 50 1
51 96 52 1
51 96 53 1
51 96 84 1
51 96 98 1
51 96 101 1
51 99 67 1
51 100 68 1
51 103 53 1
51 103 101 1
51 112 4 1
51 112 16 1
51 112 17 1
51 112 19 1
51 112 33 1
51 112 34 1
51 112 35 1
51 112 50 1
51 112 69 1
51 112 70 1
51 112 84 1
51 112 101 1
51 112 102 1
51 112 118 1
51 113 67 1
51 113 81 1
51 113 84 1
51 113 115 1
51 118 83 1
51 118 86 1
51 119 20 1
51 119 22 1
51 119 23 1
51 119 36 1
51 119 38 1
51 119 53 1
51 119 65 1
51 119 66 1
51 119 83 1
51 119 97 1
51 119 98 1
51 119 113 1
