0 2 65 0
0 2 68 0
0 2 85 0
0 2 102 0
0 2 119 0
0 3 1 0
0 3 33 0
0 3 36 0
0 3 49 0
0 3 68 0
0 3 85 0
0 3 102 0
0 3 103 0
0 3 119 0
0 4 33 0
0 4 34 0
0 4 36 0
0 4 37 0
0 4 49 0
0 4 53 0
0 4 64 0
0 4 81 0
0 4 82 0
0 4 84 0
0 4 85 0
0 4 102 0
0 4 119 0
0 5 3 0
0 5 16 0
0 5 17 0
0 5 19 0
0 5 32 0
0 5 33 0
0 5 34 0
0 5 36 0
0 5 37 0
0 5 38 0
0 5 49 0
0 5 53 0
0 5 54 0
0 5 64 0
0 5 67 0
0 5 71 0
0 5 81 0
0 5 82 0
0 5 83 0
0 5 84 0
0 5 85 0
0 5 101 0
0 5 102 0
0 5 118 0
0 5 119 0
0 6 4 0
0 6 17 0
0 6 20 0
0 6 34 0
0 6 37 0
0 6 38 0
0 6 39 0
0 6 48 0
0 6 49 0
0 6 53 0
0 6 54 0
0 6 71 0
0 6 87 0
0 6 96 0
0 6 98 0
0 6 99 0
0 6 100 0
0 6 102 0
0 6 113 0
0 6 115 0
0 6 116 0
0 6 119 0
0 7 17 0
0 7 20 0
0 7 21 0
0 7 38 0
0 7 39 0
0 7 48 0
0 7 54 0
0 7 87 0
0 7 96 0
0 7 98 0
0 7 99 0
0 7 100 0
0 7 102 0
0 7 113 0
0 7 114 0
0 7 115 0
0 7 116 0
0 7 117 0
0 7 119 0
0 18 64 0
0 18 68 0
0 18 85 0
0 18 102 0
0 18 119 0
0 19 49 0
0 19 85 0
0 19 102 0
0 19 119 0
0 20 2 0
0 20 18 0
0 20 34 0
0 20 49 0
0 20 65 0
0 20 66 0
0 20 69 0
0 20 81 0
0 20 84 0
0 20 85 0
0 20 86 0
0 20 102 0
0 20 103 0
0 20 119 0
0 21 2 0
0 21 18 0
0 21 19 0
0 21 34 0
0 21 49 0
0 21 54 0
0 21 65 0
0 21 66 0
0 21 67 0
0 21 69 0
0 21 81 0
0 21 82 0
0 21 84 0
0 21 85 0
0 21 86 0
0 21 102 0
0 21 103 0
0 21 119 0
0 22 1 0
0 22 2 0
0 22 4 0
0 22 16 0
0 22 18 0
0 22 20 0
0 22 33 0
0 22 34 0
0 22 49 0
0 22 54 0
0 22 55 0
0 22 64 0
0 22 65 0
0 22 66 0
0 22 69 0
0 22 70 0
0 22 71 0
0 22 80 0
0 22 81 0
0 22 84 0
0 22 85 0
0 22 87 0
0 22 96 0
0 22 98 0
0 22 100 0
0 22 102 0
0 22 103 0
0 22 113 0
0 22 115 0
0 22 116 0
0 22 118 0
0 22 119 0
0 23 1 0
0 23 2 0
0 23 16 0
0 23 17 0
0 23 18 0
0 23 20 0
0 23 21 0
0 23 32 0
0 23 33 0
0 23 34 0
0 23 36 0
0 23 37 0
0 23 48 0
0 23 54 0
0 23 55 0
0 23 66 0
0 23 70 0
0 23 80 0
0 23 81 0
0 23 85 0
0 23 87 0
0 23 96 0
0 23 98 0
0 23 99 0
0 23 100 0
0 23 102 0
0 23 103 0
0 23 113 0
0 23 114 0
0 23 115 0
0 23 116 0
0 23 117 0
0 23 118 0
0 23 119 0
0 32 16 0
0 32 20 0
0 32 68 0
0 32 85 0
0 32 102 0
0 32 119 0
0 33 4 0
0 33 68 0
0 33 85 0
0 33 102 0
0 33 119 0
0 34 68 0
0 34 85 0
0 34 102 0
0 34 119 0
0 35 65 0
0 35 85 0
0 35 102 0
0 35 119 0
0 36 18 0
0 36 34 0
0 36 65 0
0 36 66 0
0 36 81 0
0 36 85 0
0 36 102 0
0 36 119 0
0 37 18 0
0 37 19 0
0 37 34 0
0 37 49 0
0 37 50 0
0 37 65 0
0 37 66 0
0 37 67 0
0 37 81 0
0 37 82 0
0 37 85 0
0 37 86 0
0 37 102 0
0 37 103 0
0 37 119 0
0 38 1 0
0 38 2 0
0 38 4 0
0 38 5 0
0 38 6 0
0 38 7 0
0 38 16 0
0 38 18 0
0 38 19 0
0 38 20 0
0 38 33 0
0 38 34 0
0 38 49 0
0 38 64 0
0 38 65 0
0 38 66 0
0 38 71 0
0 38 80 0
0 38 81 0
0 38 84 0
0 38 85 0
0 38 86 0
0 38 87 0
0 38 96 0
0 38 97 0
0 38 98 0
0 38 102 0
0 38 103 0
0 38 112 0
0 38 113 0
0 38 115 0
0 38 116 0
0 38 118 0
0 38 119 0
0 39 1 0
0 39 2 0
0 39 4 0
0 39 5 0
0 39 6 0
0 39 7 0
0 39 16 0
0 39 17 0
0 39 18 0
0 39 19 0
0 39 20 0
0 39 21 0
0 39 32 0
0 39 33 0
0 39 34 0
0 39 36 0
0 39 37 0
0 39 48 0
0 39 49 0
0 39 53 0
0 39 64 0
0 39 65 0
0 39 66 0
0 39 71 0
0 39 80 0
0 39 81 0
0 39 85 0
0 39 86 0
0 39 87 0
0 39 96 0
0 39 97 0
0 39 98 0
0 39 99 0
0 39 100 0
0 39 102 0
0 39 103 0
0 39 112 0
0 39 113 0
0 39 114 0
0 39 115 0
0 39 116 0
0 39 118 0
0 39 119 0
0 48 16 0
0 48 18 0
0 48 19 0
0 48 66 0
0 48 68 0
0 48 84 0
0 48 85 0
0 48 102 0
0 48 118 0
0 48 119 0
0 49 19 0
0 49 85 0
0 49 102 0
0 49 119 0
0 50 20 0
0 50 85 0
0 50 102 0
0 50 119 0
0 51 85 0
0 51 102 0
0 51 119 0
0 52 34 0
0 52 81 0
0 52 102 0
0 52 119 0
0 53 4 0
0 53 18 0
0 53 19 0
0 53 22 0
0 53 34 0
0 53 49 0
0 53 50 0
0 53 65 0
0 53 81 0
0 53 82 0
0 53 86 0
0 53 102 0
0 53 103 0
0 53 119 0
0 54 1 0
0 54 2 0
0 54 4 0
0 54 5 0
0 54 6 0
0 54 7 0
0 54 16 0
0 54 18 0
0 54 19 0
0 54 20 0
0 54 22 0
0 54 23 0
0 54 33 0
0 54 34 0
0 54 49 0
0 54 64 0
0 54 65 0
0 54 66 0
0 54 68 0
0 54 80 0
0 54 81 0
0 54 82 0
0 54 83 0
0 54 84 0
0 54 86 0
0 54 87 0
0 54 96 0
0 54 97 0
0 54 98 0
0 54 101 0
0 54 102 0
0 54 103 0
0 54 112 0
0 54 113 0
0 54 115 0
0 54 116 0
0 54 118 0
0 54 119 0
0 55 1 0
0 55 2 0
0 55 4 0
0 55 5 0
0 55 6 0
0 55 7 0
0 55 16 0
0 55 17 0
0 55 18 0
0 55 19 0
0 55 20 0
0 55 21 0
0 55 22 0
0 55 23 0
0 55 32 0
0 55 33 0
0 55 34 0
0 55 36 0
0 55 37 0
0 55 48 0
0 55 49 0
0 55 53 0
0 55 64 0
0 55 65 0
0 55 66 0
0 55 68 0
0 55 69 0
0 55 80 0
0 55 81 0
0 55 83 0
0 55 85 0
0 55 86 0
0 55 87 0
0 55 96 0
0 55 97 0
0 55 98 0
0 55 99 0
0 55 100 0
0 55 102 0
0 55 103 0
0 55 112 0
0 55 113 0
0 55 114 0
0 55 115 0
0 55 116 0
0 55 118 0
0 55 119 0
0 64 4 0
0 64 5 0
0 64 16 0
0 64 18 0
0 64 19 0
0 64 20 0
0 64 21 0
0 64 32 0
0 64 34 0
0 64 36 0
0 64 66 0
0 64 68 0
0 64 69 0
0 64 82 0
0 64 83 0
0 64 84 0
0 64 85 0
0 64 102 0
0 64 119 0
0 65 19 0
0 65 20 0
0 65 21 0
0 65 33 0
0 65 34 0
0 65 36 0
0 65 69 0
0 65 84 0
0 65 85 0
0 65 101 0
0 65 102 0
0 65 118 0
0 65 119 0
0 66 20 0
0 66 21 0
0 66 33 0
0 66 34 0
0 66 36 0
0 66 85 0
0 66 102 0
0 66 119 0
0 67 21 0
0 67 34 0
0 67 102 0
0 67 119 0
0 68 21 0
0 68 34 0
0 68 81 0
0 68 102 0
0 68 119 0
0 69 4 0
0 69 18 0
0 69 19 0
0 69 21 0
0 69 22 0
0 69 34 0
0 69 49 0
0 69 50 0
0 69 65 0
0 69 81 0
0 69 82 0
0 69 83 0
0 69 97 0
0 69 102 0
0 69 103 0
0 69 119 0
0 70 1 0
0 70 2 0
0 70 4 0
0 70 5 0
0 70 6 0
0 70 7 0
0 70 16 0
0 70 18 0
0 70 19 0
0 70 20 0
0 70 21 0
0 70 22 0
0 70 23 0
0 70 33 0
0 70 34 0
0 70 36 0
0 70 49 0
0 70 64 0
0 70 65 0
0 70 66 0
0 70 68 0
0 70 80 0
0 70 81 0
0 70 82 0
0 70 83 0
0 70 84 0
0 70 96 0
0 70 97 0
0 70 98 0
0 70 101 0
0 70 102 0
0 70 103 0
0 70 112 0
0 70 113 0
0 70 115 0
0 70 116 0
0 70 118 0
0 70 119 0
0 71 1 0
0 71 2 0
0 71 4 0
0 71 5 0
0 71 6 0
0 71 7 0
0 71 16 0
0 71 17 0
0 71 18 0
0 71 19 0
0 71 20 0
0 71 21 0
0 71 22 0
0 71 23 0
0 71 32 0
0 71 33 0
0 71 34 0
0 71 36 0
0 71 37 0
0 71 39 0
0 71 48 0
0 71 49 0
0 71 53 0
0 71 64 0
0 71 65 0
0 71 66 0
0 71 68 0
0 71 69 0
0 71 80 0
0 71 81 0
0 71 83 0
0 71 84 0
0 71 85 0
0 71 96 0
0 71 97 0
0 71 98 0
0 71 100 0
0 71 102 0
0 71 103 0
0 71 112 0
0 71 113 0
0 71 114 0
0 71 115 0
0 71 116 0
0 71 118 0
0 71 119 0
0 80 1 0
0 80 2 0
0 80 4 0
0 80 5 0
0 80 16 0
0 80 17 0
0 80 18 0
0 80 19 0
0 80 20 0
0 80 21 0
0 80 32 0
0 80 34 0
0 80 36 0
0 80 48 0
0 80 49 0
0 80 52 0
0 80 53 0
0 80 66 0
0 80 68 0
0 80 69 0
0 80 82 0
0 80 83 0
0 80 84 0
0 80 85 0
0 80 86 0
0 80 98 0
0 80 99 0
0 80 102 0
0 80 103 0
0 80 116 0
0 80 119 0
0 81 19 0
0 81 20 0
0 81 21 0
0 81 33 0
0 81 34 0
0 81 36 0
0 81 48 0
0 81 49 0
0 81 52 0
0 81 69 0
0 81 84 0
0 81 85 0
0 81 101 0
0 81 102 0
0 81 118 0
0 81 119 0
0 82 19 0
0 82 20 0
0 82 21 0
0 82 33 0
0 82 34 0
0 82 35 0
0 82 36 0
0 82 49 0
0 82 52 0
0 82 85 0
0 82 101 0
0 82 102 0
0 82 118 0
0 82 119 0
0 83 19 0
0 83 20 0
0 83 21 0
0 83 33 0
0 83 34 0
0 83 35 0
0 83 49 0
0 83 64 0
0 83 97 0
0 83 101 0
0 83 102 0
0 83 118 0
0 83 119 0
0 84 19 0
0 84 20 0
0 84 21 0
0 84 22 0
0 84 33 0
0 84 34 0
0 84 35 0
0 84 37 0
0 84 49 0
0 84 53 0
0 84 64 0
0 84 81 0
0 84 97 0
0 84 102 0
0 84 118 0
0 84 119 0
0 85 4 0
0 85 6 0
0 85 17 0
0 85 18 0
0 85 19 0
0 85 20 0
0 85 21 0
0 85 22 0
0 85 23 0
0 85 33 0
0 85 34 0
0 85 37 0
0 85 38 0
0 85 49 0
0 85 53 0
0 85 64 0
0 85 65 0
0 85 81 0
0 85 82 0
0 85 83 0
0 85 96 0
0 85 97 0
0 85 98 0
0 85 103 0
0 85 113 0
0 85 115 0
0 85 118 0
0 85 119 0
0 86 1 0
0 86 2 0
0 86 4 0
0 86 5 0
0 86 6 0
0 86 7 0
0 86 16 0
0 86 17 0
0 86 18 0
0 86 19 0
0 86 20 0
0 86 21 0
0 86 22 0
0 86 23 0
0 86 33 0
0 86 34 0
0 86 36 0
0 86 37 0
0 86 38 0
0 86 49 0
0 86 53 0
0 86 64 0
0 86 65 0
0 86 66 0
0 86 68 0
0 86 80 0
0 86 81 0
0 86 82 0
0 86 83 0
0 86 84 0
0 86 96 0
0 86 97 0
0 86 98 0
0 86 99 0
0 86 100 0
0 86 112 0
0 86 113 0
0 86 115 0
0 86 116 0
0 86 118 0
0 86 119 0
0 87 1 0
0 87 2 0
0 87 4 0
0 87 5 0
0 87 6 0
0 87 7 0
0 87 16 0
0 87 17 0
0 87 18 0
0 87 19 0
0 87 20 0
0 87 21 0
0 87 22 0
0 87 23 0
0 87 32 0
0 87 33 0
0 87 34 0
0 87 36 0
0 87 37 0
0 87 38 0
0 87 39 0
0 87 48 0
0 87 49 0
0 87 64 0
0 87 65 0
0 87 66 0
0 87 68 0
0 87 69 0
0 87 80 0
0 87 81 0
0 87 83 0
0 87 84 0
0 87 85 0
0 87 96 0
0 87 97 0
0 87 98 0
0 87 100 0
0 87 112 0
0 87 113 0
0 87 114 0
0 87 115 0
0 87 116 0
0 87 118 0
0 87 119 0
0 96 1 0
0 96 2 0
0 96 3 0
0 96 4 0
0 96 5 0
0 96 6 0
0 96 16 0
0 96 17 0
0 96 18 0
0 96 19 0
0 96 20 0
0 96 21 0
0 96 23 0
0 96 32 0
0 96 34 0
0 96 36 0
0 96 38 0
0 96 54 0
0 96 55 0
0 96 64 0
0 96 65 0
0 96 68 0
0 96 69 0
0 96 70 0
0 96 71 0
0 96 82 0
0 96 83 0
0 96 84 0
0 96 86 0
0 96 87 0
0 96 98 0
0 96 99 0
0 96 102 0
0 96 103 0
0 96 114 0
0 96 116 0
0 96 117 0
0 96 119 0
0 97 1 0
0 97 2 0
0 97 4 0
0 97 5 0
0 97 6 0
0 97 16 0
0 97 18 0
0 97 19 0
0 97 20 0
0 97 21 0
0 97 23 0
0 97 33 0
0 97 34 0
0 97 36 0
0 97 38 0
0 97 48 0
0 97 64 0
0 97 65 0
0 97 68 0
0 97 69 0
0 97 70 0
0 97 71 0
0 97 84 0
0 97 85 0
0 97 86 0
0 97 87 0
0 97 100 0
0 97 102 0
0 97 103 0
0 97 116 0
0 97 118 0
0 97 119 0
0 98 1 0
0 98 2 0
0 98 4 0
0 98 5 0
0 98 6 0
0 98 7 0
0 98 16 0
0 98 18 0
0 98 19 0
0 98 20 0
0 98 21 0
0 98 22 0
0 98 23 0
0 98 33 0
0 98 34 0
0 98 36 0
0 98 38 0
0 98 49 0
0 98 64 0
0 98 65 0
0 98 68 0
0 98 69 0
0 98 70 0
0 98 71 0
0 98 80 0
0 98 85 0
0 98 86 0
0 98 87 0
0 98 96 0
0 98 101 0
0 98 102 0
0 98 103 0
0 98 112 0
0 98 118 0
0 98 119 0
0 99 1 0
0 99 2 0
0 99 4 0
0 99 5 0
0 99 6 0
0 99 7 0
0 99 16 0
0 99 18 0
0 99 19 0
0 99 20 0
0 99 21 0
0 99 22 0
0 99 23 0
0 99 33 0
0 99 34 0
0 99 36 0
0 99 37 0
0 99 38 0
0 99 49 0
0 99 53 0
0 99 64 0
0 99 65 0
0 99 68 0
0 99 69 0
0 99 70 0
0 99 71 0
0 99 80 0
0 99 86 0
0 99 87 0
0 99 96 0
0 99 97 0
0 99 101 0
0 99 102 0
0 99 103 0
0 99 112 0
0 99 113 0
0 99 118 0
0 99 119 0
0 100 1 0
0 100 2 0
0 100 4 0
0 100 5 0
0 100 6 0
0 100 7 0
0 100 16 0
0 100 18 0
0 100 19 0
0 100 20 0
0 100 21 0
0 100 22 0
0 100 23 0
0 100 32 0
0 100 33 0
0 100 34 0
0 100 36 0
0 100 37 0
0 100 38 0
0 100 49 0
0 100 53 0
0 100 64 0
0 100 65 0
0 100 66 0
0 100 68 0
0 100 69 0
0 100 70 0
0 100 71 0
0 100 80 0
0 100 81 0
0 100 86 0
0 100 96 0
0 100 97 0
0 100 102 0
0 100 103 0
0 100 112 0
0 100 113 0
0 100 118 0
0 100 119 0
0 101 1 0
0 101 2 0
0 101 4 0
0 101 5 0
0 101 6 0
0 101 7 0
0 101 16 0
0 101 17 0
0 101 18 0
0 101 19 0
0 101 20 0
0 101 21 0
0 101 22 0
0 101 23 0
0 101 32 0
0 101 33 0
0 101 34 0
0 101 36 0
0 101 37 0
0 101 38 0
0 101 49 0
0 101 53 0
0 101 54 0
0 101 64 0
0 101 65 0
0 101 66 0
0 101 68 0
0 101 69 0
0 101 70 0
0 101 71 0
0 101 80 0
0 101 81 0
0 101 82 0
0 101 83 0
0 101 96 0
0 101 97 0
0 101 98 0
0 101 103 0
0 101 112 0
0 101 113 0
0 101 119 0
0 102 1 0
0 102 2 0
0 102 4 0
0 102 5 0
0 102 6 0
0 102 7 0
0 102 16 0
0 102 17 0
0 102 18 0
0 102 19 0
0 102 20 0
0 102 21 0
0 102 22 0
0 102 23 0
0 102 32 0
0 102 33 0
0 102 34 0
0 102 36 0
0 102 37 0
0 102 38 0
0 102 49 0
0 102 53 0
0 102 54 0
0 102 55 0
0 102 64 0
0 102 65 0
0 102 66 0
0 102 69 0
0 102 70 0
0 102 71 0
0 102 80 0
0 102 81 0
0 102 82 0
0 102 83 0
0 102 84 0
0 102 96 0
0 102 97 0
0 102 98 0
0 102 99 0
0 102 100 0
0 102 112 0
0 102 113 0
0 102 115 0
0 102 116 0
0 103 1 0
0 103 2 0
0 103 3 0
0 103 4 0
0 103 5 0
0 103 6 0
0 103 7 0
0 103 16 0
0 103 17 0
0 103 18 0
0 103 19 0
0 103 20 0
0 103 21 0
0 103 22 0
0 103 23 0
0 103 32 0
0 103 33 0
0 103 34 0
0 103 36 0
0 103 37 0
0 103 39 0
0 103 48 0
0 103 49 0
0 103 54 0
0 103 64 0
0 103 65 0
0 103 66 0
0 103 69 0
0 103 70 0
0 103 71 0
0 103 80 0
0 103 81 0
0 103 83 0
0 103 84 0
0 103 85 0
0 103 96 0
0 103 97 0
0 103 98 0
0 103 100 0
0 103 112 0
0 103 113 0
0 103 114 0
0 103 115 0
0 103 117 0
0 112 1 0
0 112 2 0
0 112 3 0
0 112 4 0
0 112 5 0
0 112 6 0
0 112 16 0
0 112 17 0
0 112 18 0
0 112 19 0
0 112 20 0
0 112 21 0
0 112 23 0
0 112 32 0
0 112 36 0
0 112 38 0
0 112 39 0
0 112 54 0
0 112 55 0
0 112 64 0
0 112 65 0
0 112 69 0
0 112 70 0
0 112 71 0
0 112 81 0
0 112 84 0
0 112 86 0
0 112 87 0
0 112 98 0
0 112 99 0
0 112 102 0
0 112 103 0
0 112 114 0
0 112 116 0
0 112 117 0
0 112 119 0
0 113 1 0
0 113 2 0
0 113 3 0
0 113 4 0
0 113 5 0
0 113 6 0
0 113 16 0
0 113 17 0
0 113 18 0
0 113 19 0
0 113 20 0
0 113 21 0
0 113 23 0
0 113 32 0
0 113 33 0
0 113 34 0
0 113 36 0
0 113 38 0
0 113 39 0
0 113 48 0
0 113 54 0
0 113 55 0
0 113 64 0
0 113 65 0
0 113 66 0
0 113 69 0
0 113 70 0
0 113 71 0
0 113 81 0
0 113 82 0
0 113 84 0
0 113 85 0
0 113 86 0
0 113 87 0
0 113 100 0
0 113 102 0
0 113 103 0
0 113 116 0
0 113 117 0
0 113 118 0
0 113 119 0
0 114 1 0
0 114 2 0
0 114 3 0
0 114 4 0
0 114 5 0
0 114 6 0
0 114 7 0
0 114 16 0
0 114 17 0
0 114 18 0
0 114 19 0
0 114 20 0
0 114 21 0
0 114 22 0
0 114 23 0
0 114 32 0
0 114 33 0
0 114 34 0
0 114 36 0
0 114 38 0
0 114 39 0
0 114 48 0
0 114 49 0
0 114 54 0
0 114 55 0
0 114 64 0
0 114 65 0
0 114 66 0
0 114 69 0
0 114 70 0
0 114 71 0
0 114 80 0
0 114 81 0
0 114 82 0
0 114 83 0
0 114 84 0
0 114 85 0
0 114 86 0
0 114 87 0
0 114 96 0
0 114 101 0
0 114 102 0
0 114 103 0
0 114 112 0
0 114 117 0
0 114 118 0
0 114 119 0
0 115 1 0
0 115 2 0
0 115 3 0
0 115 4 0
0 115 5 0
0 115 6 0
0 115 7 0
0 115 16 0
0 115 17 0
0 115 18 0
0 115 19 0
0 115 20 0
0 115 21 0
0 115 22 0
0 115 23 0
0 115 32 0
0 115 33 0
0 115 34 0
0 115 36 0
0 115 38 0
0 115 39 0
0 115 48 0
0 115 49 0
0 115 53 0
0 115 54 0
0 115 55 0
0 115 64 0
0 115 65 0
0 115 66 0
0 115 68 0
0 115 69 0
0 115 70 0
0 115 71 0
0 115 80 0
0 115 81 0
0 115 82 0
0 115 83 0
0 115 84 0
0 115 85 0
0 115 86 0
0 115 87 0
0 115 96 0
0 115 97 0
0 115 101 0
0 115 102 0
0 115 103 0
0 115 112 0
0 115 113 0
0 115 118 0
0 115 119 0
0 116 1 0
0 116 2 0
0 116 3 0
0 116 4 0
0 116 5 0
0 116 6 0
0 116 7 0
0 116 16 0
0 116 17 0
0 116 18 0
0 116 19 0
0 116 20 0
0 116 21 0
0 116 22 0
0 116 23 0
0 116 32 0
0 116 33 0
0 116 34 0
0 116 36 0
0 116 38 0
0 116 39 0
0 116 48 0
0 116 49 0
0 116 53 0
0 116 55 0
0 116 64 0
0 116 65 0
0 116 66 0
0 116 68 0
0 116 69 0
0 116 70 0
0 116 71 0
0 116 80 0
0 116 81 0
0 116 82 0
0 116 83 0
0 116 84 0
0 116 85 0
0 116 86 0
0 116 87 0
0 116 96 0
0 116 97 0
0 116 102 0
0 116 103 0
0 116 112 0
0 116 113 0
0 116 118 0
0 116 119 0
0 117 1 0
0 117 2 0
0 117 3 0
0 117 4 0
0 117 5 0
0 117 6 0
0 117 7 0
0 117 16 0
0 117 17 0
0 117 18 0
0 117 19 0
0 117 20 0
0 117 21 0
0 117 22 0
0 117 23 0
0 117 32 0
0 117 33 0
0 117 34 0
0 117 36 0
0 117 38 0
0 117 39 0
0 117 48 0
0 117 49 0
0 117 53 0
0 117 55 0
0 117 64 0
0 117 65 0
0 117 66 0
0 117 68 0
0 117 69 0
0 117 70 0
0 117 71 0
0 117 80 0
0 117 81 0
0 117 82 0
0 117 84 0
0 117 85 0
0 117 87 0
0 117 96 0
0 117 97 0
0 117 98 0
0 117 103 0
0 117 112 0
0 117 113 0
0 117 114 0
0 117 119 0
0 118 1 0
0 118 2 0
0 118 3 0
0 118 4 0
0 118 5 0
0 118 6 0
0 118 7 0
0 118 16 0
0 118 17 0
0 118 18 0
0 118 19 0
0 118 20 0
0 118 21 0
0 118 22 0
0 118 23 0
0 118 32 0
0 118 33 0
0 118 34 0
0 118 36 0
0 118 38 0
0 118 39 0
0 118 48 0
0 118 49 0
0 118 53 0
0 118 55 0
0 118 64 0
0 118 65 0
0 118 66 0
0 118 69 0
0 118 70 0
0 118 80 0
0 118 81 0
0 118 82 0
0 118 85 0
0 118 87 0
0 118 96 0
0 118 97 0
0 118 99 0
0 118 100 0
0 118 112 0
0 118 113 0
0 118 114 0
0 118 116 0
0 119 1 0
0 119 2 0
0 119 3 0
0 119 4 0
0 119 5 0
0 119 6 0
0 119 7 0
0 119 16 0
0 119 18 0
0 119 19 0
0 119 20 0
0 119 21 0
0 119 22 0
0 119 32 0
0 119 33 0
0 119 36 0
0 119 39 0
0 119 48 0
0 119 49 0
0 119 64 0
0 119 65 0
0 119 66 0
0 119 69 0
0 119 70 0
0 119 80 0
0 119 81 0
0 119 87 0
0 119 96 0
0 119 97 0
0 119 100 0
0 119 112 0
0 119 114 0
0 119 117 0
1 3 0 0
1 3 17 0
1 3 21 0
1 3 23 0
1 3 32 0
1 3 35 0
1 3 38 0
1 3 48 0
1 3 51 0
1 3 54 0
1 3 81 0
1 3 82 0
1 3 83 0
1 3 84 0
1 3 96 0
1 3 98 0
1 3 99 0
1 3 101 0
1 3 102 0
1 3 113 0
1 3 116 0
1 3 119 0
1 4 0 0
1 4 17 0
1 4 23 0
1 4 32 0
1 4 35 0
1 4 38 0
1 4 48 0
1 4 51 0
1 4 54 0
1 4 81 0
1 4 82 0
1 4 83 0
1 4 84 0
1 4 96 0
1 4 98 0
1 4 99 0
1 4 101 0
1 4 102 0
1 4 113 0
1 4 116 0
1 4 119 0
1 5 0 0
1 5 23 0
1 5 39 0
1 5 55 0
1 5 71 0
1 5 98 0
1 5 102 0
1 5 114 0
1 5 117 0
1 5 119 0
1 6 0 0
1 6 71 0
1 6 102 0
1 6 114 0
1 6 117 0
1 6 119 0
1 19 0 0
1 19 17 0
1 19 18 0
1 19 21 0
1 19 48 0
1 19 49 0
1 19 51 0
1 19 52 0
1 19 64 0
1 19 67 0
1 19 69 0
1 19 85 0
1 19 102 0
1 19 119 0
1 20 0 0
1 20 2 0
1 20 17 0
1 20 18 0
1 20 32 0
1 20 33 0
1 20 34 0
1 20 48 0
1 20 49 0
1 20 51 0
1 20 52 0
1 20 53 0
1 20 54 0
1 20 64 0
1 20 70 0
1 20 80 0
1 20 81 0
1 20 82 0
1 20 83 0
1 20 84 0
1 20 85 0
1 20 86 0
1 20 96 0
1 20 98 0
1 20 99 0
1 20 101 0
1 20 102 0
1 20 103 0
1 20 116 0
1 20 119 0
1 21 0 0
1 21 2 0
1 21 3 0
1 21 7 0
1 21 16 0
1 21 17 0
1 21 18 0
1 21 32 0
1 21 33 0
1 21 34 0
1 21 35 0
1 21 39 0
1 21 48 0
1 21 49 0
1 21 52 0
1 21 53 0
1 21 54 0
1 21 55 0
1 21 64 0
1 21 71 0
1 21 80 0
1 21 81 0
1 21 83 0
1 21 84 0
1 21 86 0
1 21 87 0
1 21 97 0
1 21 98 0
1 21 99 0
1 21 100 0
1 21 101 0
1 21 102 0
1 21 103 0
1 21 112 0
1 21 113 0
1 21 115 0
1 21 116 0
1 21 117 0
1 21 118 0
1 21 119 0
1 22 0 0
1 22 2 0
1 22 3 0
1 22 16 0
1 22 17 0
1 22 18 0
1 22 32 0
1 22 33 0
1 22 34 0
1 22 36 0
1 22 53 0
1 22 54 0
1 22 55 0
1 22 71 0
1 22 80 0
1 22 81 0
1 22 84 0
1 22 87 0
1 22 98 0
1 22 102 0
1 22 114 0
1 22 117 0
1 22 118 0
1 22 119 0
1 23 2 0
1 23 3 0
1 23 18 0
1 23 54 0
1 23 55 0
1 32 4 0
1 32 5 0
1 32 6 0
1 32 7 0
1 32 17 0
1 32 20 0
1 32 23 0
1 32 35 0
1 32 37 0
1 32 38 0
1 32 54 0
1 32 55 0
1 32 68 0
1 32 69 0
1 32 70 0
1 32 71 0
1 32 80 0
1 32 81 0
1 32 83 0
1 32 86 0
1 32 87 0
1 32 97 0
1 32 99 0
1 32 102 0
1 32 103 0
1 32 112 0
1 32 115 0
1 32 116 0
1 32 117 0
1 32 119 0
1 33 3 0
1 33 4 0
1 33 18 0
1 33 21 0
1 33 52 0
1 33 69 0
1 34 0 0
1 34 2 0
1 34 4 0
1 34 5 0
1 34 17 0
1 34 18 0
1 34 20 0
1 34 32 0
1 34 54 0
1 34 64 0
1 34 68 0
1 34 69 0
1 34 70 0
1 34 80 0
1 34 81 0
1 34 84 0
1 34 85 0
1 34 86 0
1 34 98 0
1 34 99 0
1 34 101 0
1 34 102 0
1 34 103 0
1 34 116 0
1 34 119 0
1 35 0 0
1 35 17 0
1 35 18 0
1 35 21 0
1 35 64 0
1 35 69 0
1 35 102 0
1 35 119 0
1 36 0 0
1 36 2 0
1 36 5 0
1 36 17 0
1 36 18 0
1 36 32 0
1 36 33 0
1 36 34 0
1 36 49 0
1 36 64 0
1 36 70 0
1 36 80 0
1 36 81 0
1 36 82 0
1 36 85 0
1 36 86 0
1 36 96 0
1 36 98 0
1 36 99 0
1 36 101 0
1 36 102 0
1 36 103 0
1 36 116 0
1 36 119 0
1 37 0 0
1 37 2 0
1 37 3 0
1 37 5 0
1 37 6 0
1 37 7 0
1 37 16 0
1 37 17 0
1 37 18 0
1 37 32 0
1 37 33 0
1 37 34 0
1 37 35 0
1 37 39 0
1 37 49 0
1 37 50 0
1 37 55 0
1 37 64 0
1 37 70 0
1 37 71 0
1 37 80 0
1 37 81 0
1 37 83 0
1 37 85 0
1 37 86 0
1 37 87 0
1 37 96 0
1 37 97 0
1 37 98 0
1 37 99 0
1 37 100 0
1 37 101 0
1 37 102 0
1 37 103 0
1 37 112 0
1 37 113 0
1 37 115 0
1 37 116 0
1 37 118 0
1 37 119 0
1 38 0 0
1 38 2 0
1 38 3 0
1 38 4 0
1 38 5 0
1 38 6 0
1 38 16 0
1 38 17 0
1 38 18 0
1 38 32 0
1 38 33 0
1 38 34 0
1 38 36 0
1 38 48 0
1 38 49 0
1 38 70 0
1 38 71 0
1 38 80 0
1 38 81 0
1 38 84 0
1 38 85 0
1 38 86 0
1 38 87 0
1 38 96 0
1 38 98 0
1 38 100 0
1 38 102 0
1 38 103 0
1 38 114 0
1 38 115 0
1 38 116 0
1 38 118 0
1 38 119 0
1 39 2 0
1 39 3 0
1 39 4 0
1 39 6 0
1 39 18 0
1 39 48 0
1 39 49 0
1 39 53 0
1 39 70 0
1 39 71 0
1 39 86 0
1 39 96 0
1 39 115 0
1 39 116 0
1 39 117 0
1 48 2 0
1 48 4 0
1 48 5 0
1 48 6 0
1 48 7 0
1 48 17 0
1 48 18 0
1 48 20 0
1 48 23 0
1 48 35 0
1 48 37 0
1 48 38 0
1 48 54 0
1 48 55 0
1 48 66 0
1 48 67 0
1 48 68 0
1 48 69 0
1 48 70 0
1 48 71 0
1 48 80 0
1 48 81 0
1 48 83 0
1 48 84 0
1 48 86 0
1 48 87 0
1 48 97 0
1 48 99 0
1 48 102 0
1 48 103 0
1 48 112 0
1 48 115 0
1 48 116 0
1 48 117 0
1 48 119 0
1 49 3 0
1 49 4 0
1 49 16 0
1 49 17 0
1 49 18 0
1 49 19 0
1 49 20 0
1 49 52 0
1 49 67 0
1 49 68 0
1 49 69 0
1 49 85 0
1 49 102 0
1 49 119 0
1 50 0 0
1 50 4 0
1 50 17 0
1 50 18 0
1 50 19 0
1 50 20 0
1 50 64 0
1 50 68 0
1 50 69 0
1 50 85 0
1 50 102 0
1 50 119 0
1 51 0 0
1 51 4 0
1 51 17 0
1 51 18 0
1 51 19 0
1 51 20 0
1 51 21 0
1 51 64 0
1 51 65 0
1 51 85 0
1 51 102 0
1 51 119 0
1 52 0 0
1 52 2 0
1 52 4 0
1 52 5 0
1 52 17 0
1 52 18 0
1 52 19 0
1 52 20 0
1 52 21 0
1 52 32 0
1 52 33 0
1 52 34 0
1 52 49 0
1 52 55 0
1 52 64 0
1 52 65 0
1 52 66 0
1 52 71 0
1 52 80 0
1 52 81 0
1 52 82 0
1 52 86 0
1 52 96 0
1 52 98 0
1 52 99 0
1 52 100 0
1 52 101 0
1 52 102 0
1 52 103 0
1 52 115 0
1 52 116 0
1 52 118 0
1 52 119 0
1 53 0 0
1 53 2 0
1 53 3 0
1 53 4 0
1 53 5 0
1 53 6 0
1 53 7 0
1 53 16 0
1 53 17 0
1 53 18 0
1 53 19 0
1 53 20 0
1 53 21 0
1 53 22 0
1 53 32 0
1 53 33 0
1 53 34 0
1 53 35 0
1 53 39 0
1 53 49 0
1 53 50 0
1 53 55 0
1 53 64 0
1 53 66 0
1 53 67 0
1 53 80 0
1 53 81 0
1 53 82 0
1 53 83 0
1 53 86 0
1 53 87 0
1 53 96 0
1 53 97 0
1 53 98 0
1 53 99 0
1 53 100 0
1 53 101 0
1 53 102 0
1 53 103 0
1 53 112 0
1 53 113 0
1 53 115 0
1 53 116 0
1 53 118 0
1 53 119 0
1 54 0 0
1 54 2 0
1 54 3 0
1 54 4 0
1 54 5 0
1 54 6 0
1 54 16 0
1 54 17 0
1 54 18 0
1 54 20 0
1 54 21 0
1 54 23 0
1 54 32 0
1 54 33 0
1 54 34 0
1 54 36 0
1 54 48 0
1 54 49 0
1 54 67 0
1 54 68 0
1 54 80 0
1 54 81 0
1 54 82 0
1 54 83 0
1 54 84 0
1 54 86 0
1 54 87 0
1 54 96 0
1 54 98 0
1 54 100 0
1 54 101 0
1 54 102 0
1 54 103 0
1 54 114 0
1 54 115 0
1 54 116 0
1 54 118 0
1 54 119 0
1 55 2 0
1 55 3 0
1 55 4 0
1 55 5 0
1 55 6 0
1 55 18 0
1 55 20 0
1 55 48 0
1 55 49 0
1 55 53 0
1 55 69 0
1 55 80 0
1 55 83 0
1 55 86 0
1 55 87 0
1 55 96 0
1 55 102 0
1 55 103 0
1 55 114 0
1 55 115 0
1 55 116 0
1 55 117 0
1 64 2 0
1 64 5 0
1 64 7 0
1 64 18 0
1 64 23 0
1 64 32 0
1 64 37 0
1 64 38 0
1 64 54 0
1 64 55 0
1 64 66 0
1 64 67 0
1 64 82 0
1 64 83 0
1 64 84 0
1 64 86 0
1 64 96 0
1 64 97 0
1 64 103 0
1 64 112 0
1 64 114 0
1 64 117 0
1 65 2 0
1 65 3 0
1 65 4 0
1 65 5 0
1 65 6 0
1 65 7 0
1 65 16 0
1 65 18 0
1 65 19 0
1 65 20 0
1 65 22 0
1 65 32 0
1 65 37 0
1 65 38 0
1 65 39 0
1 65 52 0
1 65 53 0
1 65 54 0
1 65 55 0
1 65 67 0
1 65 68 0
1 65 70 0
1 65 71 0
1 65 83 0
1 65 84 0
1 65 85 0
1 65 86 0
1 65 87 0
1 65 96 0
1 65 97 0
1 65 99 0
1 65 100 0
1 65 101 0
1 65 103 0
1 65 112 0
1 65 115 0
1 65 116 0
1 65 117 0
1 65 118 0
1 66 0 0
1 66 2 0
1 66 3 0
1 66 4 0
1 66 5 0
1 66 6 0
1 66 7 0
1 66 16 0
1 66 17 0
1 66 18 0
1 66 19 0
1 66 20 0
1 66 22 0
1 66 32 0
1 66 35 0
1 66 37 0
1 66 38 0
1 66 39 0
1 66 54 0
1 66 55 0
1 66 64 0
1 66 68 0
1 66 69 0
1 66 70 0
1 66 71 0
1 66 80 0
1 66 85 0
1 66 86 0
1 66 87 0
1 66 96 0
1 66 97 0
1 66 100 0
1 66 102 0
1 66 103 0
1 66 112 0
1 66 115 0
1 66 116 0
1 66 118 0
1 66 119 0
1 67 0 0
1 67 2 0
1 67 3 0
1 67 4 0
1 67 5 0
1 67 6 0
1 67 7 0
1 67 16 0
1 67 18 0
1 67 19 0
1 67 20 0
1 67 22 0
1 67 32 0
1 67 33 0
1 67 37 0
1 67 38 0
1 67 39 0
1 67 54 0
1 67 55 0
1 67 64 0
1 67 65 0
1 67 70 0
1 67 71 0
1 67 80 0
1 67 81 0
1 67 85 0
1 67 86 0
1 67 87 0
1 67 96 0
1 67 97 0
1 67 101 0
1 67 102 0
1 67 103 0
1 67 112 0
1 67 115 0
1 67 116 0
1 67 118 0
1 67 119 0
1 68 0 0
1 68 2 0
1 68 3 0
1 68 4 0
1 68 5 0
1 68 6 0
1 68 7 0
1 68 16 0
1 68 17 0
1 68 18 0
1 68 19 0
1 68 20 0
1 68 32 0
1 68 33 0
1 68 34 0
1 68 35 0
1 68 38 0
1 68 39 0
1 68 49 0
1 68 55 0
1 68 64 0
1 68 65 0
1 68 66 0
1 68 71 0
1 68 80 0
1 68 81 0
1 68 86 0
1 68 87 0
1 68 96 0
1 68 97 0
1 68 98 0
1 68 101 0
1 68 102 0
1 68 103 0
1 68 112 0
1 68 115 0
1 68 116 0
1 68 118 0
1 68 119 0
1 69 0 0
1 69 2 0
1 69 3 0
1 69 4 0
1 69 5 0
1 69 6 0
1 69 7 0
1 69 16 0
1 69 17 0
1 69 18 0
1 69 19 0
1 69 20 0
1 69 22 0
1 69 32 0
1 69 33 0
1 69 34 0
1 69 38 0
1 69 39 0
1 69 49 0
1 69 50 0
1 69 55 0
1 69 64 0
1 69 66 0
1 69 67 0
1 69 80 0
1 69 81 0
1 69 82 0
1 69 83 0
1 69 87 0
1 69 96 0
1 69 97 0
1 69 98 0
1 69 99 0
1 69 101 0
1 69 102 0
1 69 103 0
1 69 112 0
1 69 113 0
1 69 115 0
1 69 116 0
1 69 118 0
1 69 119 0
1 70 0 0
1 70 2 0
1 70 3 0
1 70 4 0
1 70 5 0
1 70 6 0
1 70 16 0
1 70 17 0
1 70 18 0
1 70 20 0
1 70 23 0
1 70 32 0
1 70 33 0
1 70 34 0
1 70 38 0
1 70 39 0
1 70 48 0
1 70 49 0
1 70 67 0
1 70 68 0
1 70 80 0
1 70 81 0
1 70 82 0
1 70 83 0
1 70 84 0
1 70 96 0
1 70 100 0
1 70 101 0
1 70 102 0
1 70 103 0
1 70 114 0
1 70 115 0
1 70 116 0
1 70 118 0
1 70 119 0
1 71 2 0
1 71 3 0
1 71 4 0
1 71 5 0
1 71 6 0
1 71 18 0
1 71 20 0
1 71 38 0
1 71 39 0
1 71 48 0
1 71 49 0
1 71 53 0
1 71 69 0
1 71 80 0
1 71 83 0
1 71 84 0
1 71 85 0
1 71 96 0
1 71 102 0
1 71 103 0
1 71 114 0
1 71 115 0
1 71 116 0
1 71 117 0
1 80 2 0
1 80 5 0
1 80 7 0
1 80 18 0
1 80 23 0
1 80 32 0
1 80 37 0
1 80 38 0
1 80 49 0
1 80 54 0
1 80 55 0
1 80 66 0
1 80 67 0
1 80 82 0
1 80 83 0
1 80 84 0
1 80 86 0
1 80 103 0
1 80 112 0
1 80 114 0
1 80 117 0
1 81 2 0
1 81 3 0
1 81 4 0
1 81 5 0
1 81 6 0
1 81 7 0
1 81 16 0
1 81 18 0
1 81 19 0
1 81 20 0
1 81 22 0
1 81 32 0
1 81 37 0
1 81 38 0
1 81 39 0
1 81 48 0
1 81 49 0
1 81 50 0
1 81 53 0
1 81 54 0
1 81 55 0
1 81 67 0
1 81 68 0
1 81 70 0
1 81 71 0
1 81 83 0
1 81 84 0
1 81 85 0
1 81 86 0
1 81 87 0
1 81 99 0
1 81 100 0
1 81 101 0
1 81 103 0
1 81 112 0
1 81 115 0
1 81 116 0
1 81 117 0
1 81 118 0
1 82 0 0
1 82 2 0
1 82 3 0
1 82 4 0
1 82 5 0
1 82 6 0
1 82 7 0
1 82 16 0
1 82 17 0
1 82 18 0
1 82 19 0
1 82 20 0
1 82 22 0
1 82 32 0
1 82 35 0
1 82 37 0
1 82 38 0
1 82 39 0
1 82 48 0
1 82 49 0
1 82 50 0
1 82 51 0
1 82 53 0
1 82 54 0
1 82 55 0
1 82 64 0
1 82 68 0
1 82 69 0
1 82 70 0
1 82 71 0
1 82 80 0
1 82 85 0
1 82 86 0
1 82 87 0
1 82 96 0
1 82 100 0
1 82 101 0
1 82 102 0
1 82 103 0
1 82 112 0
1 82 115 0
1 82 116 0
1 82 118 0
1 82 119 0
1 83 0 0
1 83 2 0
1 83 3 0
1 83 4 0
1 83 5 0
1 83 6 0
1 83 7 0
1 83 16 0
1 83 17 0
1 83 18 0
1 83 19 0
1 83 20 0
1 83 22 0
1 83 32 0
1 83 33 0
1 83 35 0
1 83 36 0
1 83 37 0
1 83 38 0
1 83 39 0
1 83 49 0
1 83 50 0
1 83 51 0
1 83 52 0
1 83 53 0
1 83 54 0
1 83 55 0
1 83 64 0
1 83 65 0
1 83 70 0
1 83 71 0
1 83 80 0
1 83 81 0
1 83 85 0
1 83 86 0
1 83 87 0
1 83 96 0
1 83 97 0
1 83 101 0
1 83 102 0
1 83 103 0
1 83 112 0
1 83 115 0
1 83 116 0
1 83 118 0
1 83 119 0
1 84 0 0
1 84 2 0
1 84 3 0
1 84 4 0
1 84 5 0
1 84 6 0
1 84 7 0
1 84 16 0
1 84 17 0
1 84 18 0
1 84 19 0
1 84 20 0
1 84 22 0
1 84 32 0
1 84 33 0
1 84 35 0
1 84 36 0
1 84 38 0
1 84 39 0
1 84 49 0
1 84 51 0
1 84 52 0
1 84 53 0
1 84 54 0
1 84 55 0
1 84 64 0
1 84 65 0
1 84 66 0
1 84 71 0
1 84 80 0
1 84 81 0
1 84 86 0
1 84 87 0
1 84 96 0
1 84 97 0
1 84 98 0
1 84 102 0
1 84 103 0
1 84 112 0
1 84 115 0
1 84 116 0
1 84 118 0
1 84 119 0
1 85 0 0
1 85 2 0
1 85 3 0
1 85 4 0
1 85 5 0
1 85 6 0
1 85 7 0
1 85 16 0
1 85 17 0
1 85 18 0
1 85 19 0
1 85 20 0
1 85 22 0
1 85 23 0
1 85 32 0
1 85 33 0
1 85 36 0
1 85 39 0
1 85 49 0
1 85 52 0
1 85 53 0
1 85 54 0
1 85 55 0
1 85 64 0
1 85 66 0
1 85 67 0
1 85 80 0
1 85 81 0
1 85 82 0
1 85 83 0
1 85 87 0
1 85 96 0
1 85 97 0
1 85 98 0
1 85 99 0
1 85 103 0
1 85 112 0
1 85 115 0
1 85 116 0
1 85 118 0
1 85 119 0
1 86 0 0
1 86 2 0
1 86 3 0
1 86 4 0
1 86 5 0
1 86 6 0
1 86 16 0
1 86 17 0
1 86 18 0
1 86 20 0
1 86 23 0
1 86 32 0
1 86 33 0
1 86 39 0
1 86 48 0
1 86 49 0
1 86 53 0
1 86 54 0
1 86 55 0
1 86 67 0
1 86 68 0
1 86 80 0
1 86 81 0
1 86 82 0
1 86 83 0
1 86 84 0
1 86 96 0
1 86 99 0
1 86 100 0
1 86 114 0
1 86 116 0
1 86 118 0
1 86 119 0
1 87 2 0
1 87 3 0
1 87 4 0
1 87 5 0
1 87 6 0
1 87 18 0
1 87 20 0
1 87 39 0
1 87 48 0
1 87 49 0
1 87 54 0
1 87 55 0
1 87 69 0
1 87 80 0
1 87 83 0
1 87 84 0
1 87 85 0
1 87 96 0
1 87 114 0
1 87 115 0
1 87 116 0
1 87 117 0
1 87 118 0
1 96 2 0
1 96 5 0
1 96 18 0
1 96 32 0
1 96 54 0
1 96 55 0
1 96 65 0
1 96 82 0
1 96 83 0
1 96 84 0
1 96 103 0
1 96 114 0
1 96 117 0
1 97 2 0
1 97 3 0
1 97 4 0
1 97 5 0
1 97 6 0
1 97 18 0
1 97 20 0
1 97 32 0
1 97 39 0
1 97 48 0
1 97 54 0
1 97 55 0
1 97 65 0
1 97 66 0
1 97 71 0
1 97 83 0
1 97 84 0
1 97 85 0
1 97 87 0
1 97 99 0
1 97 100 0
1 97 103 0
1 97 115 0
1 97 117 0
1 98 2 0
1 98 3 0
1 98 4 0
1 98 5 0
1 98 6 0
1 98 18 0
1 98 20 0
1 98 32 0
1 98 39 0
1 98 48 0
1 98 49 0
1 98 54 0
1 98 55 0
1 98 65 0
1 98 66 0
1 98 67 0
1 98 70 0
1 98 71 0
1 98 80 0
1 98 85 0
1 98 87 0
1 98 96 0
1 98 100 0
1 98 101 0
1 98 103 0
1 98 116 0
1 98 117 0
1 99 2 0
1 99 3 0
1 99 4 0
1 99 5 0
1 99 6 0
1 99 18 0
1 99 20 0
1 99 32 0
1 99 39 0
1 99 48 0
1 99 49 0
1 99 53 0
1 99 54 0
1 99 55 0
1 99 66 0
1 99 67 0
1 99 68 0
1 99 70 0
1 99 71 0
1 99 80 0
1 99 81 0
1 99 85 0
1 99 86 0
1 99 87 0
1 99 96 0
1 99 97 0
1 99 101 0
1 99 102 0
1 99 103 0
1 99 117 0
1 100 2 0
1 100 3 0
1 100 4 0
1 100 5 0
1 100 6 0
1 100 18 0
1 100 20 0
1 100 32 0
1 100 39 0
1 100 48 0
1 100 49 0
1 100 53 0
1 100 54 0
1 100 55 0
1 100 67 0
1 100 68 0
1 100 69 0
1 100 70 0
1 100 71 0
1 100 80 0
1 100 81 0
1 100 86 0
1 100 87 0
1 100 96 0
1 100 97 0
1 100 98 0
1 100 102 0
1 100 103 0
1 100 114 0
1 101 2 0
1 101 3 0
1 101 4 0
1 101 5 0
1 101 6 0
1 101 18 0
1 101 20 0
1 101 32 0
1 101 39 0
1 101 48 0
1 101 49 0
1 101 53 0
1 101 54 0
1 101 55 0
1 101 68 0
1 101 69 0
1 101 70 0
1 101 71 0
1 101 80 0
1 101 82 0
1 101 83 0
1 101 87 0
1 101 96 0
1 101 98 0
1 101 99 0
1 101 103 0
1 101 114 0
1 101 115 0
1 102 2 0
1 102 3 0
1 102 4 0
1 102 5 0
1 102 6 0
1 102 18 0
1 102 20 0
1 102 32 0
1 102 39 0
1 102 48 0
1 102 49 0
1 102 53 0
1 102 54 0
1 102 55 0
1 102 69 0
1 102 70 0
1 102 71 0
1 102 80 0
1 102 82 0
1 102 83 0
1 102 84 0
1 102 96 0
1 102 99 0
1 102 100 0
1 102 114 0
1 102 115 0
1 102 116 0
1 103 2 0
1 103 3 0
1 103 4 0
1 103 5 0
1 103 6 0
1 103 18 0
1 103 20 0
1 103 39 0
1 103 48 0
1 103 49 0
1 103 54 0
1 103 70 0
1 103 71 0
1 103 80 0
1 103 83 0
1 103 84 0
1 103 85 0
1 103 96 0
1 103 114 0
1 103 115 0
1 103 117 0
1 112 2 0
1 112 5 0
1 112 18 0
1 112 32 0
1 112 54 0
1 112 55 0
1 112 103 0
1 112 114 0
1 112 117 0
1 113 2 0
1 113 5 0
1 113 18 0
1 113 32 0
1 113 39 0
1 113 48 0
1 113 54 0
1 113 55 0
1 113 66 0
1 113 82 0
1 113 85 0
1 113 87 0
1 113 99 0
1 113 100 0
1 113 103 0
1 113 115 0
1 113 117 0
1 114 2 0
1 114 3 0
1 114 4 0
1 114 5 0
1 114 6 0
1 114 18 0
1 114 20 0
1 114 32 0
1 114 39 0
1 114 48 0
1 114 49 0
1 114 54 0
1 114 55 0
1 114 66 0
1 114 71 0
1 114 80 0
1 114 82 0
1 114 83 0
1 114 85 0
1 114 87 0
1 114 96 0
1 114 100 0
1 114 101 0
1 114 103 0
1 114 116 0
1 114 117 0
1 115 2 0
1 115 3 0
1 115 4 0
1 115 5 0
1 115 6 0
1 115 18 0
1 115 20 0
1 115 32 0
1 115 39 0
1 115 48 0
1 115 49 0
1 115 53 0
1 115 54 0
1 115 55 0
1 115 66 0
1 115 68 0
1 115 71 0
1 115 80 0
1 115 82 0
1 115 83 0
1 115 84 0
1 115 85 0
1 115 87 0
1 115 96 0
1 115 97 0
1 115 101 0
1 115 102 0
1 115 103 0
1 115 117 0
1 116 2 0
1 116 3 0
1 116 4 0
1 116 5 0
1 116 6 0
1 116 18 0
1 116 20 0
1 116 32 0
1 116 39 0
1 116 48 0
1 116 49 0
1 116 53 0
1 116 55 0
1 116 68 0
1 116 69 0
1 116 71 0
1 116 80 0
1 116 82 0
1 116 83 0
1 116 84 0
1 116 85 0
1 116 87 0
1 116 96 0
1 116 97 0
1 116 98 0
1 116 102 0
1 116 103 0
1 116 114 0
1 117 2 0
1 117 3 0
1 117 4 0
1 117 5 0
1 117 6 0
1 117 18 0
1 117 20 0
1 117 32 0
1 117 39 0
1 117 48 0
1 117 49 0
1 117 53 0
1 117 55 0
1 117 68 0
1 117 69 0
1 117 70 0
1 117 71 0
1 117 80 0
1 117 82 0
1 117 84 0
1 117 85 0
1 117 87 0
1 117 96 0
1 117 98 0
1 117 99 0
1 117 103 0
1 117 114 0
1 117 115 0
1 118 2 0
1 118 3 0
1 118 4 0
1 118 5 0
1 118 6 0
1 118 18 0
1 118 20 0
1 118 32 0
1 118 39 0
1 118 48 0
1 118 49 0
1 118 53 0
1 118 55 0
1 118 69 0
1 118 70 0
1 118 80 0
1 118 82 0
1 118 85 0
1 118 96 0
1 118 99 0
1 118 100 0
1 118 114 0
1 118 116 0
1 119 2 0
1 119 3 0
1 119 4 0
1 119 5 0
1 119 6 0
1 119 18 0
1 119 20 0
1 119 39 0
1 119 48 0
1 119 49 0
1 119 70 0
1 119 80 0
1 119 96 0
1 119 114 0
1 119 117 0
2 4 0 0
2 4 23 0
2 4 39 0
2 4 55 0
2 4 98 0
2 4 102 0
2 4 114 0
2 4 117 0
2 4 119 0
2 5 0 0
2 5 23 0
2 5 39 0
2 5 55 0
2 5 98 0
2 5 102 0
2 5 114 0
2 5 117 0
2 5 119 0
2 16 4 0
2 20 0 0
2 20 1 0
2 20 17 0
2 20 18 0
2 20 19 0
2 20 32 0
2 20 33 0
2 20 34 0
2 20 48 0
2 20 49 0
2 20 51 0
2 20 52 0
2 20 53 0
2 20 54 0
2 20 55 0
2 20 64 0
2 20 67 0
2 20 70 0
2 20 71 0
2 20 80 0
2 20 81 0
2 20 82 0
2 20 83 0
2 20 84 0
2 20 85 0
2 20 86 0
2 20 87 0
2 20 96 0
2 20 98 0
2 20 99 0
2 20 100 0
2 20 101 0
2 20 102 0
2 20 103 0
2 20 115 0
2 20 116 0
2 20 118 0
2 20 119 0
2 21 0 0
2 21 1 0
2 21 3 0
2 21 7 0
2 21 16 0
2 21 17 0
2 21 18 0
2 21 32 0
2 21 33 0
2 21 35 0
2 21 39 0
2 21 48 0
2 21 49 0
2 21 52 0
2 21 53 0
2 21 55 0
2 21 64 0
2 21 71 0
2 21 80 0
2 21 81 0
2 21 83 0
2 21 84 0
2 21 86 0
2 21 87 0
2 21 97 0
2 21 98 0
2 21 99 0
2 21 100 0
2 21 101 0
2 21 102 0
2 21 103 0
2 21 112 0
2 21 113 0
2 21 115 0
2 21 116 0
2 21 117 0
2 21 118 0
2 21 119 0
2 22 0 0
2 22 1 0
2 22 3 0
2 22 16 0
2 22 17 0
2 22 18 0
2 22 32 0
2 22 33 0
2 22 36 0
2 22 53 0
2 22 80 0
2 22 81 0
2 22 84 0
2 22 87 0
2 22 102 0
2 22 114 0
2 22 117 0
2 22 118 0
2 22 119 0
2 23 1 0
2 23 3 0
2 23 18 0
2 32 4 0
2 32 5 0
2 32 50 0
2 32 54 0
2 32 55 0
2 32 65 0
2 32 103 0
2 32 114 0
2 33 1 0
2 33 3 0
2 33 4 0
2 33 5 0
2 33 6 0
2 33 7 0
2 33 18 0
2 33 21 0
2 33 23 0
2 33 35 0
2 33 36 0
2 33 37 0
2 33 38 0
2 33 39 0
2 33 53 0
2 33 54 0
2 33 55 0
2 33 65 0
2 33 69 0
2 33 71 0
2 33 80 0
2 33 81 0
2 33 82 0
2 33 83 0
2 33 84 0
2 33 86 0
2 33 87 0
2 33 96 0
2 33 98 0
2 33 99 0
2 33 100 0
2 33 101 0
2 33 103 0
2 33 113 0
2 33 114 0
2 34 0 0
2 34 1 0
2 34 4 0
2 34 5 0
2 34 19 0
2 34 32 0
2 34 36 0
2 34 37 0
2 34 48 0
2 34 53 0
2 34 54 0
2 34 55 0
2 34 64 0
2 34 65 0
2 34 70 0
2 34 71 0
2 34 80 0
2 34 81 0
2 34 82 0
2 34 84 0
2 34 85 0
2 34 86 0
2 34 87 0
2 34 96 0
2 34 98 0
2 34 99 0
2 34 100 0
2 34 101 0
2 34 102 0
2 34 103 0
2 34 115 0
2 34 116 0
2 34 118 0
2 34 119 0
2 35 0 0
2 35 1 0
2 35 3 0
2 35 5 0
2 35 6 0
2 35 7 0
2 35 16 0
2 35 17 0
2 35 18 0
2 35 21 0
2 35 32 0
2 35 33 0
2 35 38 0
2 35 39 0
2 35 48 0
2 35 54 0
2 35 55 0
2 35 64 0
2 35 69 0
2 35 71 0
2 35 80 0
2 35 81 0
2 35 82 0
2 35 86 0
2 35 87 0
2 35 96 0
2 35 98 0
2 35 99 0
2 35 100 0
2 35 101 0
2 35 102 0
2 35 103 0
2 35 113 0
2 35 119 0
2 36 0 0
2 36 1 0
2 36 5 0
2 36 17 0
2 36 18 0
2 36 19 0
2 36 32 0
2 36 33 0
2 36 34 0
2 36 48 0
2 36 49 0
2 36 55 0
2 36 64 0
2 36 70 0
2 36 71 0
2 36 80 0
2 36 81 0
2 36 82 0
2 36 85 0
2 36 87 0
2 36 96 0
2 36 98 0
2 36 99 0
2 36 100 0
2 36 101 0
2 36 102 0
2 36 103 0
2 36 115 0
2 36 116 0
2 36 118 0
2 36 119 0
2 37 0 0
2 37 1 0
2 37 3 0
2 37 5 0
2 37 6 0
2 37 7 0
2 37 16 0
2 37 17 0
2 37 18 0
2 37 32 0
2 37 33 0
2 37 35 0
2 37 39 0
2 37 48 0
2 37 49 0
2 37 50 0
2 37 55 0
2 37 64 0
2 37 70 0
2 37 71 0
2 37 80 0
2 37 81 0
2 37 83 0
2 37 85 0
2 37 86 0
2 37 87 0
2 37 96 0
2 37 97 0
2 37 98 0
2 37 99 0
2 37 100 0
2 37 101 0
2 37 102 0
2 37 103 0
2 37 112 0
2 37 113 0
2 37 115 0
2 37 116 0
2 37 117 0
2 37 118 0
2 37 119 0
2 38 0 0
2 38 1 0
2 38 3 0
2 38 4 0
2 38 5 0
2 38 6 0
2 38 16 0
2 38 17 0
2 38 18 0
2 38 32 0
2 38 33 0
2 38 36 0
2 38 48 0
2 38 49 0
2 38 52 0
2 38 70 0
2 38 80 0
2 38 81 0
2 38 84 0
2 38 85 0
2 38 87 0
2 38 96 0
2 38 100 0
2 38 102 0
2 38 103 0
2 38 114 0
2 38 117 0
2 38 118 0
2 38 119 0
2 39 1 0
2 39 3 0
2 39 4 0
2 39 6 0
2 39 18 0
2 39 48 0
2 39 49 0
2 39 53 0
2 39 70 0
2 39 96 0
2 39 117 0
2 48 4 0
2 48 5 0
2 48 50 0
2 48 54 0
2 48 55 0
2 48 66 0
2 48 67 0
2 48 80 0
2 48 81 0
2 48 84 0
2 48 103 0
2 48 114 0
2 48 117 0
2 49 1 0
2 49 3 0
2 49 4 0
2 49 5 0
2 49 6 0
2 49 7 0
2 49 16 0
2 49 18 0
2 49 19 0
2 49 21 0
2 49 23 0
2 49 35 0
2 49 36 0
2 49 37 0
2 49 38 0
2 49 39 0
2 49 53 0
2 49 54 0
2 49 55 0
2 49 67 0
2 49 68 0
2 49 69 0
2 49 71 0
2 49 80 0
2 49 81 0
2 49 82 0
2 49 83 0
2 49 84 0
2 49 85 0
2 49 86 0
2 49 87 0
2 49 96 0
2 49 98 0
2 49 99 0
2 49 100 0
2 49 101 0
2 49 103 0
2 49 113 0
2 49 114 0
2 50 0 0
2 50 1 0
2 50 4 0
2 50 5 0
2 50 17 0
2 50 18 0
2 50 19 0
2 50 20 0
2 50 21 0
2 50 32 0
2 50 36 0
2 50 37 0
2 50 48 0
2 50 53 0
2 50 54 0
2 50 55 0
2 50 64 0
2 50 68 0
2 50 69 0
2 50 71 0
2 50 80 0
2 50 81 0
2 50 82 0
2 50 84 0
2 50 85 0
2 50 86 0
2 50 87 0
2 50 96 0
2 50 98 0
2 50 99 0
2 50 100 0
2 50 101 0
2 50 102 0
2 50 103 0
2 50 119 0
2 51 0 0
2 51 1 0
2 51 4 0
2 51 5 0
2 51 17 0
2 51 18 0
2 51 19 0
2 51 20 0
2 51 21 0
2 51 32 0
2 51 33 0
2 51 48 0
2 51 54 0
2 51 55 0
2 51 64 0
2 51 65 0
2 51 69 0
2 51 71 0
2 51 80 0
2 51 81 0
2 51 82 0
2 51 85 0
2 51 86 0
2 51 87 0
2 51 96 0
2 51 98 0
2 51 99 0
2 51 100 0
2 51 101 0
2 51 102 0
2 51 103 0
2 51 119 0
2 52 0 0
2 52 1 0
2 52 4 0
2 52 5 0
2 52 17 0
2 52 18 0
2 52 19 0
2 52 20 0
2 52 21 0
2 52 32 0
2 52 33 0
2 52 34 0
2 52 48 0
2 52 49 0
2 52 55 0
2 52 64 0
2 52 65 0
2 52 66 0
2 52 71 0
2 52 80 0
2 52 81 0
2 52 82 0
2 52 85 0
2 52 86 0
2 52 87 0
2 52 96 0
2 52 98 0
2 52 99 0
2 52 100 0
2 52 101 0
2 52 102 0
2 52 103 0
2 52 115 0
2 52 116 0
2 52 118 0
2 52 119 0
2 53 0 0
2 53 1 0
2 53 3 0
2 53 4 0
2 53 5 0
2 53 6 0
2 53 7 0
2 53 16 0
2 53 17 0
2 53 18 0
2 53 19 0
2 53 20 0
2 53 21 0
2 53 22 0
2 53 32 0
2 53 33 0
2 53 35 0
2 53 39 0
2 53 48 0
2 53 49 0
2 53 50 0
2 53 55 0
2 53 64 0
2 53 66 0
2 53 67 0
2 53 80 0
2 53 81 0
2 53 82 0
2 53 83 0
2 53 85 0
2 53 86 0
2 53 87 0
2 53 96 0
2 53 97 0
2 53 98 0
2 53 99 0
2 53 100 0
2 53 101 0
2 53 102 0
2 53 103 0
2 53 112 0
2 53 113 0
2 53 115 0
2 53 116 0
2 53 117 0
2 53 118 0
2 53 119 0
2 54 0 0
2 54 1 0
2 54 3 0
2 54 4 0
2 54 5 0
2 54 6 0
2 54 16 0
2 54 17 0
2 54 18 0
2 54 20 0
2 54 21 0
2 54 23 0
2 54 32 0
2 54 33 0
2 54 36 0
2 54 48 0
2 54 49 0
2 54 52 0
2 54 67 0
2 54 68 0
2 54 80 0
2 54 81 0
2 54 82 0
2 54 83 0
2 54 84 0
2 54 85 0
2 54 86 0
2 54 87 0
2 54 96 0
2 54 100 0
2 54 101 0
2 54 102 0
2 54 103 0
2 54 114 0
2 54 116 0
2 54 117 0
2 54 118 0
2 54 119 0
2 55 1 0
2 55 3 0
2 55 4 0
2 55 5 0
2 55 6 0
2 55 18 0
2 55 48 0
2 55 49 0
2 55 53 0
2 55 69 0
2 55 83 0
2 55 86 0
2 55 87 0
2 55 96 0
2 55 114 0
2 55 117 0
2 64 5 0
2 64 32 0
2 64 50 0
2 64 54 0
2 64 55 0
2 64 66 0
2 64 67 0
2 64 82 0
2 64 83 0
2 64 84 0
2 64 96 0
2 64 97 0
2 64 103 0
2 64 114 0
2 64 117 0
2 65 1 0
2 65 3 0
2 65 4 0
2 65 5 0
2 65 7 0
2 65 16 0
2 65 19 0
2 65 22 0
2 65 23 0
2 65 32 0
2 65 38 0
2 65 39 0
2 65 53 0
2 65 54 0
2 65 55 0
2 65 67 0
2 65 68 0
2 65 83 0
2 65 84 0
2 65 85 0
2 65 86 0
2 65 87 0
2 65 96 0
2 65 97 0
2 65 99 0
2 65 101 0
2 65 103 0
2 65 112 0
2 65 113 0
2 65 114 0
2 65 115 0
2 65 117 0
2 66 0 0
2 66 1 0
2 66 3 0
2 66 4 0
2 66 5 0
2 66 6 0
2 66 7 0
2 66 16 0
2 66 17 0
2 66 19 0
2 66 20 0
2 66 22 0
2 66 23 0
2 66 32 0
2 66 35 0
2 66 38 0
2 66 39 0
2 66 48 0
2 66 53 0
2 66 54 0
2 66 55 0
2 66 64 0
2 66 68 0
2 66 69 0
2 66 71 0
2 66 80 0
2 66 85 0
2 66 86 0
2 66 87 0
2 66 96 0
2 66 97 0
2 66 100 0
2 66 102 0
2 66 103 0
2 66 112 0
2 66 113 0
2 66 114 0
2 66 115 0
2 66 116 0
2 66 117 0
2 66 118 0
2 66 119 0
2 67 1 0
2 67 3 0
2 67 4 0
2 67 5 0
2 67 6 0
2 67 7 0
2 67 16 0
2 67 18 0
2 67 19 0
2 67 20 0
2 67 22 0
2 67 23 0
2 67 32 0
2 67 33 0
2 67 36 0
2 67 38 0
2 67 39 0
2 67 48 0
2 67 54 0
2 67 55 0
2 67 64 0
2 67 65 0
2 67 69 0
2 67 70 0
2 67 71 0
2 67 80 0
2 67 81 0
2 67 85 0
2 67 86 0
2 67 87 0
2 67 96 0
2 67 97 0
2 67 101 0
2 67 103 0
2 67 112 0
2 67 113 0
2 67 114 0
2 67 115 0
2 67 116 0
2 67 117 0
2 67 118 0
2 68 0 0
2 68 1 0
2 68 3 0
2 68 4 0
2 68 5 0
2 68 6 0
2 68 16 0
2 68 17 0
2 68 19 0
2 68 20 0
2 68 23 0
2 68 32 0
2 68 33 0
2 68 35 0
2 68 38 0
2 68 39 0
2 68 48 0
2 68 49 0
2 68 55 0
2 68 64 0
2 68 65 0
2 68 66 0
2 68 71 0
2 68 80 0
2 68 81 0
2 68 82 0
2 68 86 0
2 68 87 0
2 68 96 0
2 68 98 0
2 68 101 0
2 68 102 0
2 68 103 0
2 68 113 0
2 68 114 0
2 68 115 0
2 68 116 0
2 68 117 0
2 68 118 0
2 68 119 0
2 69 0 0
2 69 1 0
2 69 3 0
2 69 4 0
2 69 5 0
2 69 6 0
2 69 7 0
2 69 16 0
2 69 17 0
2 69 18 0
2 69 19 0
2 69 20 0
2 69 22 0
2 69 23 0
2 69 32 0
2 69 33 0
2 69 36 0
2 69 38 0
2 69 39 0
2 69 48 0
2 69 49 0
2 69 50 0
2 69 55 0
2 69 64 0
2 69 66 0
2 69 67 0
2 69 80 0
2 69 81 0
2 69 82 0
2 69 83 0
2 69 87 0
2 69 96 0
2 69 97 0
2 69 98 0
2 69 99 0
2 69 101 0
2 69 102 0
2 69 103 0
2 69 112 0
2 69 113 0
2 69 114 0
2 69 115 0
2 69 116 0
2 69 117 0
2 69 118 0
2 69 119 0
2 70 0 0
2 70 1 0
2 70 3 0
2 70 4 0
2 70 5 0
2 70 6 0
2 70 16 0
2 70 17 0
2 70 18 0
2 70 20 0
2 70 23 0
2 70 32 0
2 70 33 0
2 70 38 0
2 70 39 0
2 70 48 0
2 70 49 0
2 70 52 0
2 70 67 0
2 70 68 0
2 70 80 0
2 70 81 0
2 70 82 0
2 70 83 0
2 70 84 0
2 70 96 0
2 70 100 0
2 70 101 0
2 70 102 0
2 70 103 0
2 70 114 0
2 70 116 0
2 70 117 0
2 70 118 0
2 70 119 0
2 71 1 0
2 71 3 0
2 71 4 0
2 71 5 0
2 71 6 0
2 71 18 0
2 71 38 0
2 71 39 0
2 71 48 0
2 71 49 0
2 71 53 0
2 71 69 0
2 71 83 0
2 71 84 0
2 71 85 0
2 71 96 0
2 71 102 0
2 71 103 0
2 71 114 0
2 71 117 0
2 80 5 0
2 80 32 0
2 80 49 0
2 80 54 0
2 80 55 0
2 80 66 0
2 80 67 0
2 80 82 0
2 80 83 0
2 80 84 0
2 80 103 0
2 80 113 0
2 80 114 0
2 80 117 0
2 81 1 0
2 81 3 0
2 81 4 0
2 81 5 0
2 81 7 0
2 81 16 0
2 81 19 0
2 81 22 0
2 81 23 0
2 81 32 0
2 81 38 0
2 81 39 0
2 81 48 0
2 81 49 0
2 81 50 0
2 81 53 0
2 81 54 0
2 81 55 0
2 81 67 0
2 81 68 0
2 81 83 0
2 81 84 0
2 81 85 0
2 81 86 0
2 81 87 0
2 81 99 0
2 81 100 0
2 81 101 0
2 81 103 0
2 81 112 0
2 81 113 0
2 81 114 0
2 81 115 0
2 81 117 0
2 82 0 0
2 82 1 0
2 82 3 0
2 82 4 0
2 82 5 0
2 82 6 0
2 82 7 0
2 82 16 0
2 82 17 0
2 82 19 0
2 82 20 0
2 82 22 0
2 82 23 0
2 82 32 0
2 82 35 0
2 82 38 0
2 82 39 0
2 82 48 0
2 82 49 0
2 82 50 0
2 82 51 0
2 82 53 0
2 82 54 0
2 82 55 0
2 82 64 0
2 82 68 0
2 82 69 0
2 82 71 0
2 82 80 0
2 82 85 0
2 82 86 0
2 82 87 0
2 82 96 0
2 82 100 0
2 82 101 0
2 82 102 0
2 82 103 0
2 82 112 0
2 82 113 0
2 82 114 0
2 82 115 0
2 82 116 0
2 82 117 0
2 82 119 0
2 83 0 0
2 83 1 0
2 83 3 0
2 83 4 0
2 83 5 0
2 83 6 0
2 83 7 0
2 83 16 0
2 83 17 0
2 83 18 0
2 83 19 0
2 83 20 0
2 83 22 0
2 83 23 0
2 83 32 0
2 83 33 0
2 83 35 0
2 83 36 0
2 83 38 0
2 83 39 0
2 83 48 0
2 83 49 0
2 83 50 0
2 83 51 0
2 83 52 0
2 83 53 0
2 83 54 0
2 83 55 0
2 83 64 0
2 83 65 0
2 83 69 0
2 83 70 0
2 83 71 0
2 83 80 0
2 83 81 0
2 83 85 0
2 83 86 0
2 83 87 0
2 83 96 0
2 83 97 0
2 83 101 0
2 83 102 0
2 83 103 0
2 83 112 0
2 83 113 0
2 83 114 0
2 83 115 0
2 83 116 0
2 83 117 0
2 83 118 0
2 83 119 0
2 84 0 0
2 84 1 0
2 84 3 0
2 84 4 0
2 84 5 0
2 84 6 0
2 84 7 0
2 84 16 0
2 84 17 0
2 84 18 0
2 84 19 0
2 84 20 0
2 84 22 0
2 84 23 0
2 84 32 0
2 84 33 0
2 84 35 0
2 84 36 0
2 84 38 0
2 84 39 0
2 84 48 0
2 84 49 0
2 84 51 0
2 84 52 0
2 84 53 0
2 84 54 0
2 84 55 0
2 84 64 0
2 84 65 0
2 84 66 0
2 84 71 0
2 84 80 0
2 84 81 0
2 84 82 0
2 84 86 0
2 84 87 0
2 84 96 0
2 84 97 0
2 84 98 0
2 84 102 0
2 84 103 0
2 84 112 0
2 84 113 0
2 84 114 0
2 84 115 0
2 84 116 0
2 84 117 0
2 84 118 0
2 84 119 0
2 85 0 0
2 85 1 0
2 85 3 0
2 85 4 0
2 85 5 0
2 85 6 0
2 85 7 0
2 85 16 0
2 85 17 0
2 85 18 0
2 85 19 0
2 85 20 0
2 85 22 0
2 85 23 0
2 85 32 0
2 85 33 0
2 85 36 0
2 85 39 0
2 85 48 0
2 85 49 0
2 85 52 0
2 85 53 0
2 85 54 0
2 85 55 0
2 85 64 0
2 85 66 0
2 85 67 0
2 85 80 0
2 85 81 0
2 85 82 0
2 85 83 0
2 85 87 0
2 85 96 0
2 85 97 0
2 85 98 0
2 85 99 0
2 85 103 0
2 85 112 0
2 85 114 0
2 85 115 0
2 85 116 0
2 85 117 0
2 85 118 0
2 85 119 0
2 86 0 0
2 86 1 0
2 86 3 0
2 86 4 0
2 86 5 0
2 86 6 0
2 86 16 0
2 86 17 0
2 86 18 0
2 86 20 0
2 86 23 0
2 86 32 0
2 86 33 0
2 86 39 0
2 86 48 0
2 86 49 0
2 86 53 0
2 86 54 0
2 86 55 0
2 86 67 0
2 86 68 0
2 86 80 0
2 86 81 0
2 86 82 0
2 86 83 0
2 86 84 0
2 86 96 0
2 86 99 0
2 86 100 0
2 86 114 0
2 86 116 0
2 86 117 0
2 86 118 0
2 86 119 0
2 87 1 0
2 87 3 0
2 87 4 0
2 87 5 0
2 87 6 0
2 87 18 0
2 87 39 0
2 87 48 0
2 87 49 0
2 87 54 0
2 87 69 0
2 87 83 0
2 87 84 0
2 87 85 0
2 87 96 0
2 87 114 0
2 87 117 0
2 87 118 0
2 96 5 0
2 96 32 0
2 96 54 0
2 96 55 0
2 96 65 0
2 96 82 0
2 96 83 0
2 96 84 0
2 96 103 0
2 96 114 0
2 96 117 0
2 97 1 0
2 97 5 0
2 97 32 0
2 97 39 0
2 97 48 0
2 97 54 0
2 97 55 0
2 97 65 0
2 97 66 0
2 97 83 0
2 97 84 0
2 97 85 0
2 97 87 0
2 97 99 0
2 97 100 0
2 97 103 0
2 97 115 0
2 97 117 0
2 98 1 0
2 98 4 0
2 98 5 0
2 98 6 0
2 98 32 0
2 98 39 0
2 98 48 0
2 98 54 0
2 98 55 0
2 98 65 0
2 98 66 0
2 98 67 0
2 98 80 0
2 98 85 0
2 98 87 0
2 98 96 0
2 98 100 0
2 98 101 0
2 98 103 0
2 98 116 0
2 98 117 0
2 99 1 0
2 99 4 0
2 99 5 0
2 99 6 0
2 99 32 0
2 99 39 0
2 99 48 0
2 99 49 0
2 99 54 0
2 99 55 0
2 99 66 0
2 99 67 0
2 99 68 0
2 99 80 0
2 99 81 0
2 99 85 0
2 99 86 0
2 99 87 0
2 99 96 0
2 99 97 0
2 99 101 0
2 99 102 0
2 99 103 0
2 99 117 0
2 100 1 0
2 100 4 0
2 100 5 0
2 100 6 0
2 100 32 0
2 100 39 0
2 100 48 0
2 100 49 0
2 100 54 0
2 100 55 0
2 100 67 0
2 100 68 0
2 100 69 0
2 100 80 0
2 100 81 0
2 100 82 0
2 100 86 0
2 100 87 0
2 100 96 0
2 100 97 0
2 100 98 0
2 100 102 0
2 100 103 0
2 100 114 0
2 101 1 0
2 101 4 0
2 101 5 0
2 101 6 0
2 101 32 0
2 101 39 0
2 101 48 0
2 101 49 0
2 101 54 0
2 101 55 0
2 101 68 0
2 101 69 0
2 101 70 0
2 101 80 0
2 101 82 0
2 101 83 0
2 101 87 0
2 101 96 0
2 101 98 0
2 101 99 0
2 101 103 0
2 101 114 0
2 101 115 0
2 102 4 0
2 102 5 0
2 102 6 0
2 102 32 0
2 102 39 0
2 102 48 0
2 102 49 0
2 102 54 0
2 102 55 0
2 102 69 0
2 102 70 0
2 102 80 0
2 102 82 0
2 102 83 0
2 102 84 0
2 102 96 0
2 102 99 0
2 102 100 0
2 102 114 0
2 102 116 0
2 103 5 0
2 103 39 0
2 103 48 0
2 103 49 0
2 103 54 0
2 103 70 0
2 103 83 0
2 103 84 0
2 103 85 0
2 103 96 0
2 103 114 0
2 103 117 0
2 112 5 0
2 112 32 0
2 112 54 0
2 112 55 0
2 112 103 0
2 112 114 0
2 112 117 0
2 113 1 0
2 113 5 0
2 113 32 0
2 113 39 0
2 113 48 0
2 113 54 0
2 113 55 0
2 113 66 0
2 113 82 0
2 113 85 0
2 113 87 0
2 113 99 0
2 113 100 0
2 113 103 0
2 113 115 0
2 113 117 0
2 114 1 0
2 114 4 0
2 114 5 0
2 114 6 0
2 114 32 0
2 114 39 0
2 114 48 0
2 114 54 0
2 114 55 0
2 114 66 0
2 114 80 0
2 114 82 0
2 114 83 0
2 114 85 0
2 114 87 0
2 114 96 0
2 114 100 0
2 114 101 0
2 114 103 0
2 114 116 0
2 114 117 0
2 115 1 0
2 115 4 0
2 115 5 0
2 115 6 0
2 115 32 0
2 115 39 0
2 115 48 0
2 115 54 0
2 115 55 0
2 115 66 0
2 115 80 0
2 115 82 0
2 115 83 0
2 115 84 0
2 115 85 0
2 115 87 0
2 115 96 0
2 115 97 0
2 115 101 0
2 115 102 0
2 115 103 0
2 115 117 0
2 116 1 0
2 116 4 0
2 116 5 0
2 116 6 0
2 116 32 0
2 116 39 0
2 116 48 0
2 116 49 0
2 116 55 0
2 116 69 0
2 116 80 0
2 116 82 0
2 116 83 0
2 116 84 0
2 116 85 0
2 116 87 0
2 116 96 0
2 116 97 0
2 116 98 0
2 116 102 0
2 116 103 0
2 116 114 0
2 117 1 0
2 117 4 0
2 117 5 0
2 117 6 0
2 117 32 0
2 117 39 0
2 117 48 0
2 117 49 0
2 117 55 0
2 117 69 0
2 117 80 0
2 117 82 0
2 117 84 0
2 117 85 0
2 117 87 0
2 117 96 0
2 117 98 0
2 117 99 0
2 117 103 0
2 117 114 0
2 117 115 0
2 118 4 0
2 118 5 0
2 118 6 0
2 118 32 0
2 118 39 0
2 118 48 0
2 118 49 0
2 118 55 0
2 118 69 0
2 118 80 0
2 118 82 0
2 118 85 0
2 118 96 0
2 118 99 0
2 118 100 0
2 118 114 0
2 118 116 0
2 119 5 0
2 119 39 0
2 119 48 0
2 119 49 0
2 119 96 0
2 119 114 0
2 119 117 0
3 16 4 0
3 17 2 0
3 17 4 0
3 17 5 0
3 17 6 0
3 17 7 0
3 17 18 0
3 17 21 0
3 17 22 0
3 17 23 0
3 17 35 0
3 17 38 0
3 17 39 0
3 17 50 0
3 17 80 0
3 17 83 0
3 17 86 0
3 17 87 0
3 17 97 0
3 17 112 0
3 17 113 0
3 17 114 0
3 17 117 0
3 21 0 0
3 21 1 0
3 21 2 0
3 21 4 0
3 21 7 0
3 21 16 0
3 21 17 0
3 21 18 0
3 21 20 0
3 21 32 0
3 21 33 0
3 21 35 0
3 21 39 0
3 21 48 0
3 21 49 0
3 21 52 0
3 21 53 0
3 21 55 0
3 21 64 0
3 21 71 0
3 21 80 0
3 21 81 0
3 21 83 0
3 21 84 0
3 21 86 0
3 21 87 0
3 21 97 0
3 21 98 0
3 21 99 0
3 21 100 0
3 21 101 0
3 21 102 0
3 21 103 0
3 21 112 0
3 21 113 0
3 21 115 0
3 21 116 0
3 21 117 0
3 21 118 0
3 21 119 0
3 22 0 0
3 22 1 0
3 22 2 0
3 22 16 0
3 22 17 0
3 22 18 0
3 22 32 0
3 22 33 0
3 22 36 0
3 22 53 0
3 22 80 0
3 22 81 0
3 22 84 0
3 22 87 0
3 22 102 0
3 22 114 0
3 22 117 0
3 22 118 0
3 22 119 0
3 32 4 0
3 32 5 0
3 32 50 0
3 32 54 0
3 32 55 0
3 32 65 0
3 32 103 0
3 32 114 0
3 33 1 0
3 33 2 0
3 33 4 0
3 33 5 0
3 33 6 0
3 33 7 0
3 33 18 0
3 33 21 0
3 33 22 0
3 33 23 0
3 33 35 0
3 33 38 0
3 33 39 0
3 33 54 0
3 33 55 0
3 33 65 0
3 33 80 0
3 33 82 0
3 33 83 0
3 33 86 0
3 33 87 0
3 33 96 0
3 33 97 0
3 33 99 0
3 33 103 0
3 33 112 0
3 33 113 0
3 33 114 0
3 33 117 0
3 34 0 0
3 34 1 0
3 34 2 0
3 34 4 0
3 34 5 0
3 34 6 0
3 34 19 0
3 34 32 0
3 34 36 0
3 34 37 0
3 34 38 0
3 34 39 0
3 34 48 0
3 34 53 0
3 34 54 0
3 34 55 0
3 34 64 0
3 34 65 0
3 34 70 0
3 34 71 0
3 34 80 0
3 34 81 0
3 34 82 0
3 34 84 0
3 34 85 0
3 34 86 0
3 34 87 0
3 34 96 0
3 34 98 0
3 34 99 0
3 34 100 0
3 34 101 0
3 34 102 0
3 34 103 0
3 34 112 0
3 34 114 0
3 34 115 0
3 34 116 0
3 34 118 0
3 34 119 0
3 35 0 0
3 35 1 0
3 35 2 0
3 35 4 0
3 35 5 0
3 35 6 0
3 35 7 0
3 35 16 0
3 35 17 0
3 35 18 0
3 35 20 0
3 35 21 0
3 35 22 0
3 35 32 0
3 35 33 0
3 35 37 0
3 35 38 0
3 35 39 0
3 35 48 0
3 35 54 0
3 35 55 0
3 35 64 0
3 35 71 0
3 35 80 0
3 35 82 0
3 35 86 0
3 35 87 0
3 35 96 0
3 35 97 0
3 35 98 0
3 35 99 0
3 35 100 0
3 35 101 0
3 35 102 0
3 35 103 0
3 35 112 0
3 35 113 0
3 35 115 0
3 35 116 0
3 35 117 0
3 35 118 0
3 35 119 0
3 36 0 0
3 36 1 0
3 36 2 0
3 36 4 0
3 36 5 0
3 36 6 0
3 36 17 0
3 36 18 0
3 36 19 0
3 36 32 0
3 36 33 0
3 36 34 0
3 36 39 0
3 36 48 0
3 36 49 0
3 36 55 0
3 36 64 0
3 36 70 0
3 36 71 0
3 36 80 0
3 36 81 0
3 36 82 0
3 36 85 0
3 36 87 0
3 36 96 0
3 36 98 0
3 36 99 0
3 36 100 0
3 36 101 0
3 36 102 0
3 36 103 0
3 36 112 0
3 36 114 0
3 36 115 0
3 36 116 0
3 36 118 0
3 36 119 0
3 37 0 0
3 37 1 0
3 37 2 0
3 37 4 0
3 37 5 0
3 37 6 0
3 37 7 0
3 37 16 0
3 37 17 0
3 37 20 0
3 37 32 0
3 37 33 0
3 37 35 0
3 37 39 0
3 37 48 0
3 37 49 0
3 37 50 0
3 37 55 0
3 37 64 0
3 37 70 0
3 37 71 0
3 37 80 0
3 37 81 0
3 37 83 0
3 37 85 0
3 37 86 0
3 37 87 0
3 37 96 0
3 37 97 0
3 37 98 0
3 37 99 0
3 37 100 0
3 37 101 0
3 37 102 0
3 37 103 0
3 37 112 0
3 37 113 0
3 37 115 0
3 37 116 0
3 37 117 0
3 37 118 0
3 37 119 0
3 38 0 0
3 38 1 0
3 38 2 0
3 38 4 0
3 38 5 0
3 38 6 0
3 38 16 0
3 38 17 0
3 38 18 0
3 38 32 0
3 38 33 0
3 38 36 0
3 38 48 0
3 38 49 0
3 38 52 0
3 38 70 0
3 38 80 0
3 38 81 0
3 38 84 0
3 38 85 0
3 38 87 0
3 38 96 0
3 38 100 0
3 38 102 0
3 38 103 0
3 38 114 0
3 38 117 0
3 38 118 0
3 38 119 0
3 39 2 0
3 39 48 0
3 39 49 0
3 39 53 0
3 39 70 0
3 39 96 0
3 39 117 0
3 48 2 0
3 48 4 0
3 48 5 0
3 48 50 0
3 48 54 0
3 48 55 0
3 48 66 0
3 48 80 0
3 48 81 0
3 48 84 0
3 48 103 0
3 48 114 0
3 48 117 0
3 49 1 0
3 49 2 0
3 49 4 0
3 49 5 0
3 49 6 0
3 49 7 0
3 49 16 0
3 49 18 0
3 49 19 0
3 49 21 0
3 49 22 0
3 49 23 0
3 49 35 0
3 49 38 0
3 49 39 0
3 49 54 0
3 49 55 0
3 49 67 0
3 49 68 0
3 49 80 0
3 49 81 0
3 49 82 0
3 49 83 0
3 49 84 0
3 49 85 0
3 49 86 0
3 49 87 0
3 49 96 0
3 49 97 0
3 49 98 0
3 49 99 0
3 49 103 0
3 49 112 0
3 49 113 0
3 49 114 0
3 49 115 0
3 49 117 0
3 50 0 0
3 50 1 0
3 50 2 0
3 50 4 0
3 50 5 0
3 50 6 0
3 50 17 0
3 50 18 0
3 50 19 0
3 50 20 0
3 50 21 0
3 50 32 0
3 50 36 0
3 50 37 0
3 50 38 0
3 50 39 0
3 50 48 0
3 50 53 0
3 50 54 0
3 50 55 0
3 50 64 0
3 50 68 0
3 50 69 0
3 50 70 0
3 50 71 0
3 50 80 0
3 50 81 0
3 50 82 0
3 50 84 0
3 50 85 0
3 50 86 0
3 50 87 0
3 50 96 0
3 50 98 0
3 50 99 0
3 50 100 0
3 50 101 0
3 50 102 0
3 50 103 0
3 50 112 0
3 50 114 0
3 50 115 0
3 50 116 0
3 50 118 0
3 50 119 0
3 51 0 0
3 51 1 0
3 51 2 0
3 51 4 0
3 51 5 0
3 51 6 0
3 51 17 0
3 51 18 0
3 51 19 0
3 51 20 0
3 51 21 0
3 51 32 0
3 51 33 0
3 51 37 0
3 51 38 0
3 51 39 0
3 51 48 0
3 51 54 0
3 51 55 0
3 51 64 0
3 51 65 0
3 51 69 0
3 51 70 0
3 51 71 0
3 51 80 0
3 51 81 0
3 51 82 0
3 51 83 0
3 51 85 0
3 51 86 0
3 51 87 0
3 51 96 0
3 51 98 0
3 51 99 0
3 51 100 0
3 51 101 0
3 51 102 0
3 51 103 0
3 51 112 0
3 51 115 0
3 51 116 0
3 51 118 0
3 51 119 0
3 52 0 0
3 52 1 0
3 52 2 0
3 52 4 0
3 52 5 0
3 52 6 0
3 52 17 0
3 52 18 0
3 52 19 0
3 52 20 0
3 52 21 0
3 52 32 0
3 52 33 0
3 52 34 0
3 52 39 0
3 52 48 0
3 52 49 0
3 52 55 0
3 52 64 0
3 52 65 0
3 52 66 0
3 52 70 0
3 52 71 0
3 52 80 0
3 52 81 0
3 52 82 0
3 52 84 0
3 52 85 0
3 52 86 0
3 52 87 0
3 52 96 0
3 52 98 0
3 52 99 0
3 52 100 0
3 52 101 0
3 52 102 0
3 52 103 0
3 52 112 0
3 52 115 0
3 52 116 0
3 52 118 0
3 52 119 0
3 53 0 0
3 53 1 0
3 53 2 0
3 53 4 0
3 53 5 0
3 53 6 0
3 53 7 0
3 53 16 0
3 53 17 0
3 53 18 0
3 53 19 0
3 53 20 0
3 53 21 0
3 53 22 0
3 53 32 0
3 53 33 0
3 53 35 0
3 53 39 0
3 53 48 0
3 53 49 0
3 53 50 0
3 53 55 0
3 53 64 0
3 53 66 0
3 53 67 0
3 53 71 0
3 53 80 0
3 53 81 0
3 53 82 0
3 53 83 0
3 53 85 0
3 53 86 0
3 53 87 0
3 53 96 0
3 53 97 0
3 53 98 0
3 53 99 0
3 53 100 0
3 53 101 0
3 53 102 0
3 53 103 0
3 53 112 0
3 53 113 0
3 53 115 0
3 53 116 0
3 53 117 0
3 53 118 0
3 53 119 0
3 54 0 0
3 54 1 0
3 54 2 0
3 54 4 0
3 54 5 0
3 54 6 0
3 54 16 0
3 54 17 0
3 54 18 0
3 54 20 0
3 54 21 0
3 54 23 0
3 54 32 0
3 54 33 0
3 54 36 0
3 54 48 0
3 54 49 0
3 54 52 0
3 54 67 0
3 54 68 0
3 54 80 0
3 54 81 0
3 54 82 0
3 54 83 0
3 54 84 0
3 54 85 0
3 54 86 0
3 54 87 0
3 54 96 0
3 54 100 0
3 54 101 0
3 54 102 0
3 54 103 0
3 54 114 0
3 54 116 0
3 54 117 0
3 54 118 0
3 54 119 0
3 55 2 0
3 55 5 0
3 55 48 0
3 55 49 0
3 55 53 0
3 55 69 0
3 55 83 0
3 55 86 0
3 55 87 0
3 55 96 0
3 55 114 0
3 55 117 0
3 64 2 0
3 64 5 0
3 64 32 0
3 64 50 0
3 64 54 0
3 64 55 0
3 64 66 0
3 64 82 0
3 64 83 0
3 64 84 0
3 64 96 0
3 64 97 0
3 64 103 0
3 64 114 0
3 64 117 0
3 65 1 0
3 65 2 0
3 65 4 0
3 65 5 0
3 65 7 0
3 65 16 0
3 65 19 0
3 65 22 0
3 65 23 0
3 65 32 0
3 65 38 0
3 65 39 0
3 65 54 0
3 65 55 0
3 65 67 0
3 65 68 0
3 65 83 0
3 65 84 0
3 65 85 0
3 65 86 0
3 65 87 0
3 65 96 0
3 65 97 0
3 65 98 0
3 65 99 0
3 65 103 0
3 65 112 0
3 65 113 0
3 65 114 0
3 65 115 0
3 65 117 0
3 66 0 0
3 66 1 0
3 66 2 0
3 66 4 0
3 66 5 0
3 66 6 0
3 66 7 0
3 66 16 0
3 66 17 0
3 66 19 0
3 66 20 0
3 66 22 0
3 66 23 0
3 66 32 0
3 66 35 0
3 66 38 0
3 66 39 0
3 66 48 0
3 66 53 0
3 66 54 0
3 66 55 0
3 66 64 0
3 66 68 0
3 66 69 0
3 66 71 0
3 66 80 0
3 66 84 0
3 66 85 0
3 66 86 0
3 66 87 0
3 66 96 0
3 66 97 0
3 66 98 0
3 66 100 0
3 66 102 0
3 66 103 0
3 66 112 0
3 66 113 0
3 66 114 0
3 66 115 0
3 66 116 0
3 66 117 0
3 66 118 0
3 66 119 0
3 67 1 0
3 67 2 0
3 67 4 0
3 67 5 0
3 67 6 0
3 67 7 0
3 67 16 0
3 67 19 0
3 67 20 0
3 67 22 0
3 67 23 0
3 67 32 0
3 67 33 0
3 67 36 0
3 67 38 0
3 67 39 0
3 67 48 0
3 67 54 0
3 67 55 0
3 67 64 0
3 67 65 0
3 67 69 0
3 67 70 0
3 67 71 0
3 67 80 0
3 67 81 0
3 67 85 0
3 67 86 0
3 67 87 0
3 67 96 0
3 67 97 0
3 67 98 0
3 67 103 0
3 67 112 0
3 67 113 0
3 67 114 0
3 67 115 0
3 67 116 0
3 67 117 0
3 67 118 0
3 68 0 0
3 68 1 0
3 68 2 0
3 68 4 0
3 68 5 0
3 68 6 0
3 68 16 0
3 68 17 0
3 68 19 0
3 68 20 0
3 68 23 0
3 68 32 0
3 68 33 0
3 68 35 0
3 68 38 0
3 68 39 0
3 68 48 0
3 68 49 0
3 68 55 0
3 68 64 0
3 68 65 0
3 68 66 0
3 68 70 0
3 68 71 0
3 68 80 0
3 68 81 0
3 68 82 0
3 68 86 0
3 68 87 0
3 68 96 0
3 68 101 0
3 68 102 0
3 68 103 0
3 68 113 0
3 68 114 0
3 68 115 0
3 68 116 0
3 68 117 0
3 68 118 0
3 68 119 0
3 69 0 0
3 69 1 0
3 69 2 0
3 69 4 0
3 69 5 0
3 69 6 0
3 69 7 0
3 69 16 0
3 69 17 0
3 69 19 0
3 69 20 0
3 69 22 0
3 69 23 0
3 69 32 0
3 69 33 0
3 69 36 0
3 69 38 0
3 69 39 0
3 69 48 0
3 69 49 0
3 69 50 0
3 69 55 0
3 69 64 0
3 69 66 0
3 69 67 0
3 69 71 0
3 69 80 0
3 69 81 0
3 69 82 0
3 69 83 0
3 69 87 0
3 69 96 0
3 69 97 0
3 69 99 0
3 69 101 0
3 69 102 0
3 69 103 0
3 69 112 0
3 69 113 0
3 69 114 0
3 69 115 0
3 69 116 0
3 69 117 0
3 69 118 0
3 69 119 0
3 70 0 0
3 70 2 0
3 70 4 0
3 70 5 0
3 70 6 0
3 70 16 0
3 70 17 0
3 70 20 0
3 70 23 0
3 70 32 0
3 70 33 0
3 70 38 0
3 70 39 0
3 70 48 0
3 70 49 0
3 70 52 0
3 70 67 0
3 70 68 0
3 70 80 0
3 70 81 0
3 70 82 0
3 70 83 0
3 70 84 0
3 70 96 0
3 70 100 0
3 70 101 0
3 70 102 0
3 70 103 0
3 70 114 0
3 70 116 0
3 70 117 0
3 70 118 0
3 70 119 0
3 71 2 0
3 71 5 0
3 71 38 0
3 71 39 0
3 71 48 0
3 71 49 0
3 71 53 0
3 71 69 0
3 71 83 0
3 71 84 0
3 71 85 0
3 71 96 0
3 71 102 0
3 71 103 0
3 71 114 0
3 71 117 0
3 80 2 0
3 80 5 0
3 80 32 0
3 80 49 0
3 80 54 0
3 80 55 0
3 80 66 0
3 80 82 0
3 80 83 0
3 80 84 0
3 80 103 0
3 80 113 0
3 80 114 0
3 80 117 0
3 81 1 0
3 81 2 0
3 81 4 0
3 81 5 0
3 81 7 0
3 81 16 0
3 81 19 0
3 81 22 0
3 81 23 0
3 81 32 0
3 81 38 0
3 81 39 0
3 81 48 0
3 81 49 0
3 81 50 0
3 81 54 0
3 81 55 0
3 81 67 0
3 81 68 0
3 81 83 0
3 81 84 0
3 81 85 0
3 81 86 0
3 81 87 0
3 81 99 0
3 81 100 0
3 81 103 0
3 81 112 0
3 81 113 0
3 81 114 0
3 81 115 0
3 81 117 0
3 82 0 0
3 82 1 0
3 82 2 0
3 82 4 0
3 82 5 0
3 82 6 0
3 82 7 0
3 82 16 0
3 82 17 0
3 82 19 0
3 82 20 0
3 82 22 0
3 82 23 0
3 82 32 0
3 82 35 0
3 82 38 0
3 82 39 0
3 82 48 0
3 82 49 0
3 82 50 0
3 82 51 0
3 82 54 0
3 82 55 0
3 82 64 0
3 82 68 0
3 82 69 0
3 82 71 0
3 82 80 0
3 82 84 0
3 82 85 0
3 82 86 0
3 82 87 0
3 82 96 0
3 82 100 0
3 82 101 0
3 82 102 0
3 82 103 0
3 82 112 0
3 82 113 0
3 82 114 0
3 82 115 0
3 82 116 0
3 82 117 0
3 82 119 0
3 83 0 0
3 83 1 0
3 83 2 0
3 83 4 0
3 83 5 0
3 83 6 0
3 83 7 0
3 83 16 0
3 83 17 0
3 83 19 0
3 83 20 0
3 83 22 0
3 83 23 0
3 83 32 0
3 83 33 0
3 83 35 0
3 83 36 0
3 83 38 0
3 83 39 0
3 83 48 0
3 83 49 0
3 83 50 0
3 83 51 0
3 83 52 0
3 83 54 0
3 83 55 0
3 83 64 0
3 83 65 0
3 83 69 0
3 83 70 0
3 83 71 0
3 83 80 0
3 83 81 0
3 83 85 0
3 83 86 0
3 83 87 0
3 83 96 0
3 83 97 0
3 83 101 0
3 83 102 0
3 83 103 0
3 83 112 0
3 83 113 0
3 83 114 0
3 83 115 0
3 83 116 0
3 83 117 0
3 83 118 0
3 83 119 0
3 84 0 0
3 84 1 0
3 84 2 0
3 84 4 0
3 84 5 0
3 84 6 0
3 84 7 0
3 84 16 0
3 84 17 0
3 84 19 0
3 84 20 0
3 84 22 0
3 84 23 0
3 84 32 0
3 84 33 0
3 84 35 0
3 84 36 0
3 84 38 0
3 84 39 0
3 84 48 0
3 84 49 0
3 84 51 0
3 84 52 0
3 84 53 0
3 84 54 0
3 84 55 0
3 84 64 0
3 84 65 0
3 84 66 0
3 84 70 0
3 84 71 0
3 84 80 0
3 84 81 0
3 84 82 0
3 84 86 0
3 84 87 0
3 84 96 0
3 84 97 0
3 84 98 0
3 84 102 0
3 84 103 0
3 84 112 0
3 84 113 0
3 84 114 0
3 84 115 0
3 84 116 0
3 84 117 0
3 84 118 0
3 84 119 0
3 85 0 0
3 85 1 0
3 85 2 0
3 85 4 0
3 85 5 0
3 85 6 0
3 85 7 0
3 85 16 0
3 85 17 0
3 85 19 0
3 85 20 0
3 85 22 0
3 85 23 0
3 85 32 0
3 85 33 0
3 85 36 0
3 85 39 0
3 85 48 0
3 85 49 0
3 85 52 0
3 85 53 0
3 85 54 0
3 85 55 0
3 85 64 0
3 85 66 0
3 85 67 0
3 85 71 0
3 85 80 0
3 85 81 0
3 85 82 0
3 85 83 0
3 85 87 0
3 85 96 0
3 85 97 0
3 85 98 0
3 85 99 0
3 85 103 0
3 85 112 0
3 85 114 0
3 85 115 0
3 85 116 0
3 85 117 0
3 85 118 0
3 85 119 0
3 86 0 0
3 86 2 0
3 86 4 0
3 86 5 0
3 86 6 0
3 86 16 0
3 86 17 0
3 86 20 0
3 86 23 0
3 86 32 0
3 86 33 0
3 86 39 0
3 86 48 0
3 86 49 0
3 86 53 0
3 86 54 0
3 86 55 0
3 86 67 0
3 86 68 0
3 86 80 0
3 86 81 0
3 86 82 0
3 86 83 0
3 86 84 0
3 86 96 0
3 86 99 0
3 86 100 0
3 86 114 0
3 86 116 0
3 86 117 0
3 86 118 0
3 86 119 0
3 87 2 0
3 87 5 0
3 87 39 0
3 87 48 0
3 87 49 0
3 87 54 0
3 87 69 0
3 87 83 0
3 87 84 0
3 87 85 0
3 87 96 0
3 87 114 0
3 87 117 0
3 87 118 0
3 96 2 0
3 96 5 0
3 96 32 0
3 96 54 0
3 96 55 0
3 96 65 0
3 96 82 0
3 96 83 0
3 96 84 0
3 96 103 0
3 96 114 0
3 96 117 0
3 97 1 0
3 97 2 0
3 97 5 0
3 97 32 0
3 97 39 0
3 97 48 0
3 97 54 0
3 97 55 0
3 97 65 0
3 97 66 0
3 97 83 0
3 97 84 0
3 97 85 0
3 97 87 0
3 97 99 0
3 97 100 0
3 97 103 0
3 97 115 0
3 97 117 0
3 98 1 0
3 98 2 0
3 98 5 0
3 98 6 0
3 98 32 0
3 98 39 0
3 98 48 0
3 98 54 0
3 98 55 0
3 98 65 0
3 98 66 0
3 98 67 0
3 98 80 0
3 98 84 0
3 98 85 0
3 98 87 0
3 98 96 0
3 98 100 0
3 98 101 0
3 98 103 0
3 98 116 0
3 98 117 0
3 99 1 0
3 99 2 0
3 99 5 0
3 99 6 0
3 99 32 0
3 99 39 0
3 99 48 0
3 99 49 0
3 99 54 0
3 99 55 0
3 99 66 0
3 99 67 0
3 99 68 0
3 99 80 0
3 99 81 0
3 99 85 0
3 99 86 0
3 99 87 0
3 99 96 0
3 99 97 0
3 99 101 0
3 99 102 0
3 99 103 0
3 99 117 0
3 100 1 0
3 100 2 0
3 100 5 0
3 100 6 0
3 100 32 0
3 100 39 0
3 100 48 0
3 100 49 0
3 100 54 0
3 100 55 0
3 100 67 0
3 100 68 0
3 100 69 0
3 100 80 0
3 100 81 0
3 100 82 0
3 100 86 0
3 100 87 0
3 100 96 0
3 100 97 0
3 100 98 0
3 100 102 0
3 100 103 0
3 100 114 0
3 101 1 0
3 101 2 0
3 101 5 0
3 101 6 0
3 101 32 0
3 101 39 0
3 101 48 0
3 101 49 0
3 101 55 0
3 101 68 0
3 101 69 0
3 101 70 0
3 101 80 0
3 101 82 0
3 101 83 0
3 101 87 0
3 101 96 0
3 101 98 0
3 101 99 0
3 101 103 0
3 101 114 0
3 101 115 0
3 102 2 0
3 102 5 0
3 102 6 0
3 102 32 0
3 102 39 0
3 102 48 0
3 102 49 0
3 102 55 0
3 102 69 0
3 102 70 0
3 102 80 0
3 102 82 0
3 102 83 0
3 102 84 0
3 102 96 0
3 102 99 0
3 102 100 0
3 102 114 0
3 102 116 0
3 103 2 0
3 103 5 0
3 103 39 0
3 103 48 0
3 103 49 0
3 103 70 0
3 103 83 0
3 103 84 0
3 103 85 0
3 103 96 0
3 103 114 0
3 103 117 0
3 112 2 0
3 112 5 0
3 112 32 0
3 112 54 0
3 112 55 0
3 112 103 0
3 112 114 0
3 112 117 0
3 113 1 0
3 113 2 0
3 113 5 0
3 113 32 0
3 113 39 0
3 113 48 0
3 113 54 0
3 113 55 0
3 113 66 0
3 113 82 0
3 113 85 0
3 113 87 0
3 113 99 0
3 113 100 0
3 113 103 0
3 113 115 0
3 113 117 0
3 114 1 0
3 114 2 0
3 114 5 0
3 114 6 0
3 114 32 0
3 114 39 0
3 114 48 0
3 114 54 0
3 114 55 0
3 114 66 0
3 114 80 0
3 114 82 0
3 114 83 0
3 114 85 0
3 114 87 0
3 114 96 0
3 114 100 0
3 114 101 0
3 114 103 0
3 114 116 0
3 114 117 0
3 115 1 0
3 115 2 0
3 115 5 0
3 115 6 0
3 115 32 0
3 115 39 0
3 115 48 0
3 115 54 0
3 115 55 0
3 115 66 0
3 115 80 0
3 115 82 0
3 115 83 0
3 115 84 0
3 115 85 0
3 115 87 0
3 115 96 0
3 115 97 0
3 115 101 0
3 115 102 0
3 115 103 0
3 115 117 0
3 116 1 0
3 116 2 0
3 116 5 0
3 116 6 0
3 116 32 0
3 116 39 0
3 116 48 0
3 116 49 0
3 116 55 0
3 116 69 0
3 116 80 0
3 116 82 0
3 116 83 0
3 116 84 0
3 116 85 0
3 116 87 0
3 116 96 0
3 116 97 0
3 116 98 0
3 116 102 0
3 116 103 0
3 116 114 0
3 117 1 0
3 117 2 0
3 117 5 0
3 117 6 0
3 117 32 0
3 117 39 0
3 117 48 0
3 117 49 0
3 117 55 0
3 117 69 0
3 117 80 0
3 117 82 0
3 117 84 0
3 117 85 0
3 117 87 0
3 117 96 0
3 117 98 0
3 117 99 0
3 117 103 0
3 117 114 0
3 117 115 0
3 118 2 0
3 118 5 0
3 118 6 0
3 118 32 0
3 118 39 0
3 118 48 0
3 118 49 0
3 118 55 0
3 118 69 0
3 118 80 0
3 118 82 0
3 118 85 0
3 118 96 0
3 118 99 0
3 118 100 0
3 118 114 0
3 118 116 0
3 119 2 0
3 119 5 0
3 119 39 0
3 119 48 0
3 119 49 0
3 119 96 0
3 119 114 0
3 119 117 0
17 3 7 0
17 3 112 0
17 4 7 0
17 4 112 0
17 19 6 0
17 19 7 0
17 19 16 0
17 19 22 0
17 19 23 0
17 19 32 0
17 19 33 0
17 19 37 0
17 19 38 0
17 19 39 0
17 19 48 0
17 19 51 0
17 19 52 0
17 19 54 0
17 19 55 0
17 19 64 0
17 19 67 0
17 19 70 0
17 19 71 0
17 19 83 0
17 19 87 0
17 19 96 0
17 19 97 0
17 19 98 0
17 19 99 0
17 19 100 0
17 19 101 0
17 19 112 0
17 19 114 0
17 19 115 0
17 19 116 0
17 19 117 0
17 19 118 0
17 20 6 0
17 20 7 0
17 20 16 0
17 20 22 0
17 20 23 0
17 20 32 0
17 20 33 0
17 20 38 0
17 20 39 0
17 20 48 0
17 20 51 0
17 20 52 0
17 20 54 0
17 20 55 0
17 20 64 0
17 20 67 0
17 20 70 0
17 20 71 0
17 20 83 0
17 20 87 0
17 20 96 0
17 20 97 0
17 20 98 0
17 20 99 0
17 20 100 0
17 20 101 0
17 20 112 0
17 20 114 0
17 20 115 0
17 20 116 0
17 20 117 0
17 20 118 0
17 21 39 0
17 21 52 0
17 21 55 0
17 21 114 0
17 21 117 0
17 35 0 0
17 35 1 0
17 35 2 0
17 35 3 0
17 35 4 0
17 35 5 0
17 35 6 0
17 35 7 0
17 35 16 0
17 35 18 0
17 35 22 0
17 35 32 0
17 35 37 0
17 35 38 0
17 35 39 0
17 35 48 0
17 35 49 0
17 35 54 0
17 35 55 0
17 35 66 0
17 35 68 0
17 35 70 0
17 35 71 0
17 35 80 0
17 35 82 0
17 35 86 0
17 35 87 0
17 35 96 0
17 35 97 0
17 35 98 0
17 35 99 0
17 35 100 0
17 35 103 0
17 35 112 0
17 35 113 0
17 35 114 0
17 35 115 0
17 35 116 0
17 35 117 0
17 36 0 0
17 36 1 0
17 36 2 0
17 36 3 0
17 36 5 0
17 36 6 0
17 36 7 0
17 36 16 0
17 36 22 0
17 36 23 0
17 36 32 0
17 36 33 0
17 36 38 0
17 36 39 0
17 36 48 0
17 36 54 0
17 36 55 0
17 36 64 0
17 36 67 0
17 36 68 0
17 36 70 0
17 36 71 0
17 36 80 0
17 36 87 0
17 36 96 0
17 36 97 0
17 36 98 0
17 36 99 0
17 36 100 0
17 36 101 0
17 36 112 0
17 36 114 0
17 36 115 0
17 36 116 0
17 36 117 0
17 36 118 0
17 37 3 0
17 37 32 0
17 37 39 0
17 37 48 0
17 37 55 0
17 37 68 0
17 37 99 0
17 37 114 0
17 37 117 0
17 38 3 0
17 48 7 0
17 48 37 0
17 48 81 0
17 48 112 0
17 49 1 0
17 49 2 0
17 49 3 0
17 49 4 0
17 49 6 0
17 49 7 0
17 49 18 0
17 49 22 0
17 49 38 0
17 49 39 0
17 49 51 0
17 49 52 0
17 49 53 0
17 49 54 0
17 49 55 0
17 49 67 0
17 49 70 0
17 49 71 0
17 49 81 0
17 49 82 0
17 49 86 0
17 49 87 0
17 49 96 0
17 49 97 0
17 49 98 0
17 49 99 0
17 49 100 0
17 49 103 0
17 49 112 0
17 49 113 0
17 49 114 0
17 49 115 0
17 49 116 0
17 49 117 0
17 50 0 0
17 50 1 0
17 50 2 0
17 50 3 0
17 50 5 0
17 50 6 0
17 50 7 0
17 50 16 0
17 50 19 0
17 50 22 0
17 50 23 0
17 50 32 0
17 50 33 0
17 50 36 0
17 50 37 0
17 50 38 0
17 50 39 0
17 50 48 0
17 50 54 0
17 50 55 0
17 50 64 0
17 50 68 0
17 50 70 0
17 50 71 0
17 50 80 0
17 50 81 0
17 50 82 0
17 50 87 0
17 50 96 0
17 50 97 0
17 50 98 0
17 50 99 0
17 50 100 0
17 50 101 0
17 50 112 0
17 50 114 0
17 50 115 0
17 50 116 0
17 50 117 0
17 50 118 0
17 51 1 0
17 51 2 0
17 51 3 0
17 51 4 0
17 51 6 0
17 51 7 0
17 51 16 0
17 51 18 0
17 51 19 0
17 51 20 0
17 51 22 0
17 51 32 0
17 51 33 0
17 51 37 0
17 51 38 0
17 51 39 0
17 51 48 0
17 51 49 0
17 51 53 0
17 51 54 0
17 51 55 0
17 51 64 0
17 51 65 0
17 51 69 0
17 51 70 0
17 51 71 0
17 51 82 0
17 51 83 0
17 51 84 0
17 51 86 0
17 51 87 0
17 51 96 0
17 51 97 0
17 51 98 0
17 51 99 0
17 51 100 0
17 51 101 0
17 51 103 0
17 51 112 0
17 51 114 0
17 51 115 0
17 51 116 0
17 51 117 0
17 51 118 0
17 52 0 0
17 52 1 0
17 52 2 0
17 52 3 0
17 52 5 0
17 52 6 0
17 52 7 0
17 52 16 0
17 52 19 0
17 52 20 0
17 52 22 0
17 52 23 0
17 52 32 0
17 52 33 0
17 52 38 0
17 52 39 0
17 52 48 0
17 52 54 0
17 52 55 0
17 52 64 0
17 52 66 0
17 52 70 0
17 52 71 0
17 52 80 0
17 52 84 0
17 52 87 0
17 52 96 0
17 52 97 0
17 52 98 0
17 52 99 0
17 52 100 0
17 52 101 0
17 52 112 0
17 52 114 0
17 52 115 0
17 52 116 0
17 52 117 0
17 52 118 0
17 53 3 0
17 53 20 0
17 53 32 0
17 53 39 0
17 53 48 0
17 53 55 0
17 53 67 0
17 53 71 0
17 53 84 0
17 53 99 0
17 53 100 0
17 53 114 0
17 53 117 0
17 54 3 0
17 54 117 0
17 64 7 0
17 64 37 0
17 64 112 0
17 65 1 0
17 65 2 0
17 65 3 0
17 65 4 0
17 65 6 0
17 65 7 0
17 65 18 0
17 65 22 0
17 65 37 0
17 65 38 0
17 65 39 0
17 65 51 0
17 65 52 0
17 65 53 0
17 65 54 0
17 65 55 0
17 65 67 0
17 65 70 0
17 65 71 0
17 65 86 0
17 65 87 0
17 65 96 0
17 65 97 0
17 65 98 0
17 65 99 0
17 65 100 0
17 65 103 0
17 65 112 0
17 65 113 0
17 65 114 0
17 65 115 0
17 65 116 0
17 65 117 0
17 66 0 0
17 66 1 0
17 66 2 0
17 66 3 0
17 66 4 0
17 66 5 0
17 66 6 0
17 66 7 0
17 66 16 0
17 66 18 0
17 66 22 0
17 66 32 0
17 66 37 0
17 66 38 0
17 66 39 0
17 66 48 0
17 66 52 0
17 66 54 0
17 66 55 0
17 66 68 0
17 66 70 0
17 66 71 0
17 66 80 0
17 66 86 0
17 66 87 0
17 66 96 0
17 66 97 0
17 66 98 0
17 66 99 0
17 66 100 0
17 66 103 0
17 66 112 0
17 66 113 0
17 66 114 0
17 66 115 0
17 66 116 0
17 66 117 0
17 67 0 0
17 67 1 0
17 67 2 0
17 67 3 0
17 67 4 0
17 67 5 0
17 67 6 0
17 67 7 0
17 67 16 0
17 67 18 0
17 67 22 0
17 67 32 0
17 67 36 0
17 67 38 0
17 67 39 0
17 67 48 0
17 67 49 0
17 67 54 0
17 67 55 0
17 67 65 0
17 67 69 0
17 67 70 0
17 67 71 0
17 67 80 0
17 67 86 0
17 67 87 0
17 67 96 0
17 67 97 0
17 67 98 0
17 67 99 0
17 67 100 0
17 67 103 0
17 67 112 0
17 67 113 0
17 67 114 0
17 67 115 0
17 67 116 0
17 67 117 0
17 68 0 0
17 68 1 0
17 68 2 0
17 68 3 0
17 68 5 0
17 68 7 0
17 68 16 0
17 68 23 0
17 68 32 0
17 68 36 0
17 68 38 0
17 68 39 0
17 68 48 0
17 68 54 0
17 68 55 0
17 68 66 0
17 68 80 0
17 68 87 0
17 68 98 0
17 68 99 0
17 68 112 0
17 68 113 0
17 68 114 0
17 68 117 0
17 69 3 0
17 69 32 0
17 69 36 0
17 69 39 0
17 69 48 0
17 69 55 0
17 69 67 0
17 69 71 0
17 69 87 0
17 69 99 0
17 69 100 0
17 69 114 0
17 69 117 0
17 70 3 0
17 70 117 0
17 81 39 0
17 81 67 0
17 81 114 0
17 82 3 0
17 82 32 0
17 82 39 0
17 82 54 0
17 82 55 0
17 82 68 0
17 82 114 0
17 82 115 0
17 82 117 0
17 83 3 0
17 83 32 0
17 83 39 0
17 83 48 0
17 83 52 0
17 83 54 0
17 83 55 0
17 83 65 0
17 83 69 0
17 83 114 0
17 83 115 0
17 83 116 0
17 83 117 0
17 84 3 0
17 84 32 0
17 84 39 0
17 84 48 0
17 84 52 0
17 84 54 0
17 84 55 0
17 84 66 0
17 84 114 0
17 84 115 0
17 84 116 0
17 84 117 0
17 85 3 0
17 85 39 0
17 85 48 0
17 85 52 0
17 85 55 0
17 85 67 0
17 85 71 0
17 85 87 0
17 85 114 0
17 85 116 0
17 85 117 0
17 86 117 0
17 101 87 0
18 36 23 0
18 36 48 0
18 36 114 0
18 36 117 0
18 37 117 0
18 49 82 0
18 49 113 0
18 50 23 0
18 50 48 0
18 50 82 0
18 50 83 0
18 50 114 0
18 51 53 0
18 51 69 0
18 51 82 0
18 51 83 0
18 51 84 0
18 51 113 0
18 51 117 0
18 52 23 0
18 52 48 0
18 52 83 0
18 52 84 0
18 52 114 0
18 53 84 0
18 53 117 0
18 65 113 0
18 66 23 0
18 66 48 0
18 66 113 0
18 66 114 0
18 67 23 0
18 67 48 0
18 67 53 0
18 67 69 0
18 67 113 0
18 67 114 0
18 67 117 0
18 68 23 0
18 68 48 0
18 68 114 0
18 68 117 0
18 69 117 0
18 83 69 0
19 50 83 0
19 51 69 0
19 51 83 0
19 51 84 0
19 52 83 0
19 52 84 0
19 53 84 0
19 67 69 0
19 83 69 0
