0 2 52 1
0 3 2 1
0 3 35 1
0 3 38 1
0 3 50 1
0 3 67 1
0 3 70 1
0 3 87 1
0 4 50 1
0 4 67 1
0 4 87 1
0 5 18 1
0 5 51 1
0 5 54 1
0 5 67 1
0 5 69 1
0 5 87 1
0 6 18 1
0 6 35 1
0 6 50 1
0 6 54 1
0 6 55 1
0 6 67 1
0 6 69 1
0 6 87 1
0 7 18 1
0 7 35 1
0 7 36 1
0 7 39 1
0 7 50 1
0 7 69 1
0 7 83 1
0 7 84 1
0 7 86 1
0 7 87 1
0 7 98 1
0 7 99 1
0 7 101 1
0 7 102 1
0 7 103 1
0 7 113 1
0 7 119 1
0 19 18 1
0 19 69 1
0 21 18 1
0 22 18 1
0 23 18 1
0 23 35 1
0 23 36 1
0 23 50 1
0 23 52 1
0 23 69 1
0 23 71 1
0 23 82 1
0 23 84 1
0 23 85 1
0 23 86 1
0 23 99 1
0 23 101 1
0 23 102 1
0 23 103 1
0 23 119 1
0 32 67 1
0 37 35 1
0 39 35 1
0 39 36 1
0 39 50 1
0 39 52 1
0 39 82 1
0 39 83 1
0 39 85 1
0 39 86 1
0 39 98 1
0 39 101 1
0 39 102 1
0 39 103 1
0 39 113 1
0 39 119 1
0 48 32 1
0 48 35 1
0 48 50 1
0 48 52 1
0 48 98 1
0 48 100 1
0 48 117 1
0 49 33 1
0 49 36 1
0 49 84 1
0 53 82 1
0 55 50 1
0 55 52 1
0 55 82 1
0 55 84 1
0 55 99 1
0 55 101 1
0 55 102 1
0 55 119 1
0 64 35 1
0 64 52 1
0 71 50 1
0 71 52 1
0 71 82 1
0 80 51 1
0 80 52 1
0 80 84 1
0 80 99 1
0 83 37 1
0 86 82 1
0 87 37 1
0 87 50 1
0 87 68 1
0 87 82 1
0 87 119 1
0 96 35 1
0 96 52 1
0 96 84 1
0 96 99 1
0 101 37 1
0 102 37 1
0 102 82 1
0 103 37 1
0 103 50 1
0 103 82 1
0 112 23 1
0 112 35 1
0 112 38 1
0 112 53 1
0 112 54 1
0 112 66 1
0 112 69 1
0 112 84 1
0 112 85 1
0 112 101 1
0 112 102 1
0 112 114 1
0 112 119 1
0 113 37 1
0 113 66 1
0 113 67 1
0 113 69 1
0 113 84 1
0 114 37 1
0 114 66 1
0 114 67 1
0 114 68 1
0 115 37 1
0 115 67 1
0 115 68 1
0 116 37 1
0 116 67 1
0 116 68 1
0 117 37 1
0 117 68 1
0 117 82 1
0 118 37 1
0 118 68 1
0 118 82 1
0 119 37 1
0 119 50 1
0 119 82 1
0 119 84 1
1 3 5 1
1 3 32 1
1 3 50 1
1 3 69 1
1 3 80 1
1 3 81 1
1 3 101 1
1 3 117 1
1 3 118 1
1 4 7 1
1 4 16 1
1 4 33 1
1 4 52 1
1 4 67 1
1 4 70 1
1 4 80 1
1 4 97 1
1 4 98 1
1 4 100 1
1 4 101 1
1 4 103 1
1 4 112 1
1 4 115 1
1 4 117 1
1 4 118 1
1 5 6 1
1 5 7 1
1 5 16 1
1 5 18 1
1 5 21 1
1 5 33 1
1 5 37 1
1 5 49 1
1 5 52 1
1 5 55 1
1 5 64 1
1 5 67 1
1 5 70 1
1 5 97 1
1 5 98 1
1 5 100 1
1 5 101 1
1 5 103 1
1 5 112 1
1 5 115 1
1 5 117 1
1 5 118 1
1 6 5 1
1 6 16 1
1 6 18 1
1 6 22 1
1 6 32 1
1 6 33 1
1 6 64 1
1 6 80 1
1 6 118 1
1 7 16 1
1 7 32 1
1 7 33 1
1 7 48 1
1 7 64 1
1 7 118 1
1 19 18 1
1 19 69 1
1 20 82 1
1 20 83 1
1 20 85 1
1 20 86 1
1 20 103 1
1 21 18 1
1 21 19 1
1 21 50 1
1 21 67 1
1 21 70 1
1 21 82 1
1 21 85 1
1 21 87 1
1 21 103 1
1 22 18 1
1 22 19 1
1 22 50 1
1 22 70 1
1 22 85 1
1 22 87 1
1 22 99 1
1 22 100 1
1 22 101 1
1 22 102 1
1 22 103 1
1 22 119 1
1 23 4 1
1 23 7 1
1 23 16 1
1 23 18 1
1 23 33 1
1 23 55 1
1 23 66 1
1 23 97 1
1 23 100 1
1 23 103 1
1 23 112 1
1 23 114 1
1 23 115 1
1 23 117 1
1 23 118 1
1 32 7 1
1 32 16 1
1 32 22 1
1 32 23 1
1 32 34 1
1 32 37 1
1 32 38 1
1 32 53 1
1 32 68 1
1 32 85 1
1 32 98 1
1 32 101 1
1 32 112 1
1 32 113 1
1 32 114 1
1 32 116 1
1 32 118 1
1 33 7 1
1 33 22 1
1 33 34 1
1 33 36 1
1 33 37 1
1 33 49 1
1 33 52 1
1 33 53 1
1 33 81 1
1 33 82 1
1 33 85 1
1 33 97 1
1 33 98 1
1 33 100 1
1 33 112 1
1 36 82 1
1 37 35 1
1 37 50 1
1 38 36 1
1 38 50 1
1 38 67 1
1 38 82 1
1 38 86 1
1 38 87 1
1 38 99 1
1 38 101 1
1 38 102 1
1 38 119 1
1 39 0 1
1 39 17 1
1 39 20 1
1 39 23 1
1 39 34 1
1 39 35 1
1 39 36 1
1 39 38 1
1 39 50 1
1 39 51 1
1 39 67 1
1 39 71 1
1 39 82 1
1 39 83 1
1 39 86 1
1 39 87 1
1 39 98 1
1 39 100 1
1 39 101 1
1 39 102 1
1 39 103 1
1 39 113 1
1 39 119 1
1 48 32 1
1 48 35 1
1 48 36 1
1 48 50 1
1 48 52 1
1 48 53 1
1 48 68 1
1 48 84 1
1 48 85 1
1 48 97 1
1 48 98 1
1 48 100 1
1 48 101 1
1 48 112 1
1 48 117 1
1 49 33 1
1 49 36 1
1 49 84 1
1 49 101 1
1 50 34 1
1 50 85 1
1 53 50 1
1 53 82 1
1 54 50 1
1 54 82 1
1 54 83 1
1 54 102 1
1 54 119 1
1 55 50 1
1 55 52 1
1 55 67 1
1 55 82 1
1 55 83 1
1 55 84 1
1 55 99 1
1 55 101 1
1 55 102 1
1 55 119 1
1 64 35 1
1 64 36 1
1 64 52 1
1 64 53 1
1 64 68 1
1 64 84 1
1 64 85 1
1 64 99 1
1 64 101 1
1 64 112 1
1 69 50 1
1 70 50 1
1 70 82 1
1 71 50 1
1 71 52 1
1 71 67 1
1 71 82 1
1 71 83 1
1 80 33 1
1 80 34 1
1 80 51 1
1 80 52 1
1 80 53 1
1 80 68 1
1 80 84 1
1 80 85 1
1 80 99 1
1 80 101 1
1 80 112 1
1 81 34 1
1 81 49 1
1 81 85 1
1 82 34 1
1 83 37 1
1 86 50 1
1 86 82 1
1 87 37 1
1 87 50 1
1 87 67 1
1 87 68 1
1 87 82 1
1 87 83 1
1 87 119 1
1 96 33 1
1 96 34 1
1 96 35 1
1 96 49 1
1 96 52 1
1 96 53 1
1 96 68 1
1 96 84 1
1 96 85 1
1 96 99 1
1 96 101 1
1 97 34 1
1 97 49 1
1 97 68 1
1 97 85 1
1 98 34 1
1 101 37 1
1 102 37 1
1 102 54 1
1 102 67 1
1 102 82 1
1 103 37 1
1 103 50 1
1 103 51 1
1 103 54 1
1 103 67 1
1 103 82 1
1 103 83 1
1 112 23 1
1 112 33 1
1 112 34 1
1 112 35 1
1 112 38 1
1 112 53 1
1 112 54 1
1 112 66 1
1 112 69 1
1 112 84 1
1 112 85 1
1 112 101 1
1 112 102 1
1 112 114 1
1 112 119 1
1 113 34 1
1 113 37 1
1 113 49 1
1 113 66 1
1 113 67 1
1 113 69 1
1 113 84 1
1 113 85 1
1 114 34 1
1 114 37 1
1 114 66 1
1 114 67 1
1 114 68 1
1 114 85 1
1 115 34 1
1 115 37 1
1 115 67 1
1 115 68 1
1 115 69 1
1 116 34 1
1 116 37 1
1 116 67 1
1 116 68 1
1 116 69 1
1 117 34 1
1 117 37 1
1 117 67 1
1 117 68 1
1 117 69 1
1 117 82 1
1 118 34 1
1 118 37 1
1 118 51 1
1 118 54 1
1 118 68 1
1 118 69 1
1 118 82 1
1 118 83 1
1 119 16 1
1 119 33 1
1 119 37 1
1 119 50 1
1 119 69 1
1 119 82 1
1 119 83 1
1 119 84 1
2 4 16 1
2 4 67 1
2 4 70 1
2 4 97 1
2 4 100 1
2 4 112 1
2 4 115 1
2 4 117 1
2 4 118 1
2 20 82 1
2 20 83 1
2 20 85 1
2 20 86 1
2 20 103 1
2 21 18 1
2 21 19 1
2 21 50 1
2 21 85 1
2 21 99 1
2 21 100 1
2 21 101 1
2 21 102 1
2 21 103 1
2 21 119 1
2 22 49 1
2 22 64 1
2 22 100 1
2 22 115 1
2 23 64 1
2 32 7 1
2 32 16 1
2 32 22 1
2 32 23 1
2 32 37 1
2 32 38 1
2 32 53 1
2 32 68 1
2 32 85 1
2 32 98 1
2 32 101 1
2 32 112 1
2 32 113 1
2 32 114 1
2 32 116 1
2 32 118 1
2 33 7 1
2 33 22 1
2 33 34 1
2 33 36 1
2 33 37 1
2 33 49 1
2 33 52 1
2 33 53 1
2 33 65 1
2 33 68 1
2 33 81 1
2 33 82 1
2 33 85 1
2 33 97 1
2 33 98 1
2 33 100 1
2 33 112 1
2 36 82 1
2 37 35 1
2 37 50 1
2 37 83 1
2 37 86 1
2 38 0 1
2 38 17 1
2 38 34 1
2 38 35 1
2 38 36 1
2 38 37 1
2 38 50 1
2 38 51 1
2 38 54 1
2 38 67 1
2 38 70 1
2 38 82 1
2 38 85 1
2 38 86 1
2 38 87 1
2 38 99 1
2 38 101 1
2 38 102 1
2 38 119 1
2 39 0 1
2 39 16 1
2 39 17 1
2 39 23 1
2 39 33 1
2 39 34 1
2 39 50 1
2 39 67 1
2 39 82 1
2 39 98 1
2 39 101 1
2 39 113 1
2 39 115 1
2 39 117 1
2 39 118 1
2 39 119 1
2 48 32 1
2 48 35 1
2 48 36 1
2 48 50 1
2 48 52 1
2 48 53 1
2 48 68 1
2 48 84 1
2 48 85 1
2 48 97 1
2 48 98 1
2 48 100 1
2 48 101 1
2 48 112 1
2 48 117 1
2 49 33 1
2 49 36 1
2 49 52 1
2 49 53 1
2 49 84 1
2 49 85 1
2 49 97 1
2 49 101 1
2 49 112 1
2 50 34 1
2 50 85 1
2 53 50 1
2 53 82 1
2 54 50 1
2 54 51 1
2 54 82 1
2 54 83 1
2 54 98 1
2 54 102 1
2 54 119 1
2 55 35 1
2 55 50 1
2 55 51 1
2 55 53 1
2 55 67 1
2 55 82 1
2 55 83 1
2 55 98 1
2 55 99 1
2 55 101 1
2 55 102 1
2 55 103 1
2 55 119 1
2 64 35 1
2 64 36 1
2 64 52 1
2 64 53 1
2 64 68 1
2 64 84 1
2 64 85 1
2 64 99 1
2 64 101 1
2 64 112 1
2 65 52 1
2 65 53 1
2 65 85 1
2 65 112 1
2 69 50 1
2 70 50 1
2 70 51 1
2 70 82 1
2 70 119 1
2 71 35 1
2 71 50 1
2 71 51 1
2 71 67 1
2 71 82 1
2 71 83 1
2 71 98 1
2 71 100 1
2 71 119 1
2 80 33 1
2 80 34 1
2 80 51 1
2 80 52 1
2 80 53 1
2 80 68 1
2 80 84 1
2 80 85 1
2 80 99 1
2 80 101 1
2 80 112 1
2 81 34 1
2 81 49 1
2 81 52 1
2 81 53 1
2 81 85 1
2 82 34 1
2 83 37 1
2 84 34 1
2 85 37 1
2 86 37 1
2 86 50 1
2 86 51 1
2 86 82 1
2 87 37 1
2 87 38 1
2 87 50 1
2 87 51 1
2 87 52 1
2 87 67 1
2 87 82 1
2 87 83 1
2 87 98 1
2 87 100 1
2 87 119 1
2 96 33 1
2 96 34 1
2 96 35 1
2 96 49 1
2 96 52 1
2 96 53 1
2 96 68 1
2 96 84 1
2 96 85 1
2 96 99 1
2 96 101 1
2 97 34 1
2 97 49 1
2 97 68 1
2 97 85 1
2 98 34 1
2 101 37 1
2 102 37 1
2 102 54 1
2 102 67 1
2 102 82 1
2 103 37 1
2 103 38 1
2 103 50 1
2 103 51 1
2 103 54 1
2 103 67 1
2 103 82 1
2 103 83 1
2 103 98 1
2 103 100 1
2 112 23 1
2 112 33 1
2 112 34 1
2 112 35 1
2 112 38 1
2 112 53 1
2 112 54 1
2 112 66 1
2 112 69 1
2 112 84 1
2 112 85 1
2 112 101 1
2 112 102 1
2 112 114 1
2 112 119 1
2 113 34 1
2 113 37 1
2 113 49 1
2 113 52 1
2 113 66 1
2 113 67 1
2 113 69 1
2 113 84 1
2 113 85 1
2 114 34 1
2 114 37 1
2 114 66 1
2 114 67 1
2 114 68 1
2 114 85 1
2 115 34 1
2 115 37 1
2 115 66 1
2 115 67 1
2 115 68 1
2 115 69 1
2 116 34 1
2 116 37 1
2 116 66 1
2 116 67 1
2 116 68 1
2 116 69 1
2 117 34 1
2 117 37 1
2 117 67 1
2 117 68 1
2 117 69 1
2 117 82 1
2 118 34 1
2 118 37 1
2 118 51 1
2 118 54 1
2 118 66 1
2 118 68 1
2 118 69 1
2 118 82 1
2 118 83 1
2 119 16 1
2 119 33 1
2 119 37 1
2 119 38 1
2 119 49 1
2 119 50 1
2 119 66 1
2 119 69 1
2 119 82 1
2 119 83 1
2 119 97 1
2 119 98 1
2 119 112 1
2 119 117 1
3 17 71 1
3 21 18 1
3 21 19 1
3 21 50 1
3 21 85 1
3 21 99 1
3 21 100 1
3 21 101 1
3 21 102 1
3 21 103 1
3 21 119 1
3 32 7 1
3 32 16 1
3 32 22 1
3 32 23 1
3 32 37 1
3 32 38 1
3 32 53 1
3 32 68 1
3 32 85 1
3 32 98 1
3 32 101 1
3 32 112 1
3 32 113 1
3 32 114 1
3 32 116 1
3 32 118 1
3 33 7 1
3 33 22 1
3 33 34 1
3 33 36 1
3 33 37 1
3 33 49 1
3 33 52 1
3 33 53 1
3 33 65 1
3 33 68 1
3 33 81 1
3 33 82 1
3 33 85 1
3 33 97 1
3 33 98 1
3 33 100 1
3 33 112 1
3 34 36 1
3 34 53 1
3 34 81 1
3 34 84 1
3 36 82 1
3 37 35 1
3 37 50 1
3 37 83 1
3 37 86 1
3 38 0 1
3 38 17 1
3 38 34 1
3 38 35 1
3 38 37 1
3 38 50 1
3 38 51 1
3 38 54 1
3 38 67 1
3 38 70 1
3 38 82 1
3 38 85 1
3 38 86 1
3 38 99 1
3 38 101 1
3 38 102 1
3 38 119 1
3 39 0 1
3 39 16 1
3 39 17 1
3 39 23 1
3 39 33 1
3 39 34 1
3 39 50 1
3 39 67 1
3 39 82 1
3 39 98 1
3 39 101 1
3 39 113 1
3 39 115 1
3 39 117 1
3 39 118 1
3 39 119 1
3 48 35 1
3 48 36 1
3 48 50 1
3 48 52 1
3 48 53 1
3 48 68 1
3 48 84 1
3 48 85 1
3 48 97 1
3 48 98 1
3 48 100 1
3 48 101 1
3 48 112 1
3 48 117 1
3 49 33 1
3 49 36 1
3 49 52 1
3 49 53 1
3 49 84 1
3 49 85 1
3 49 97 1
3 49 101 1
3 49 112 1
3 50 34 1
3 50 53 1
3 50 85 1
3 53 37 1
3 53 50 1
3 53 82 1
3 54 35 1
3 54 50 1
3 54 51 1
3 54 82 1
3 54 83 1
3 54 98 1
3 54 102 1
3 54 119 1
3 55 35 1
3 55 36 1
3 55 50 1
3 55 51 1
3 55 53 1
3 55 67 1
3 55 82 1
3 55 83 1
3 55 98 1
3 55 99 1
3 55 101 1
3 55 102 1
3 55 114 1
3 55 119 1
3 64 35 1
3 64 36 1
3 64 52 1
3 64 53 1
3 64 68 1
3 64 84 1
3 64 85 1
3 64 99 1
3 64 101 1
3 64 112 1
3 65 52 1
3 65 53 1
3 65 85 1
3 65 112 1
3 66 53 1
3 69 50 1
3 70 50 1
3 70 51 1
3 70 82 1
3 70 119 1
3 71 35 1
3 71 36 1
3 71 50 1
3 71 51 1
3 71 67 1
3 71 82 1
3 71 83 1
3 71 98 1
3 71 100 1
3 71 119 1
3 80 33 1
3 80 34 1
3 80 51 1
3 80 52 1
3 80 53 1
3 80 68 1
3 80 84 1
3 80 85 1
3 80 99 1
3 80 101 1
3 80 112 1
3 81 34 1
3 81 49 1
3 81 52 1
3 81 53 1
3 81 85 1
3 82 34 1
3 83 37 1
3 84 34 1
3 85 37 1
3 86 37 1
3 86 50 1
3 86 51 1
3 86 54 1
3 86 82 1
3 87 37 1
3 87 38 1
3 87 50 1
3 87 51 1
3 87 52 1
3 87 67 1
3 87 82 1
3 87 83 1
3 87 98 1
3 87 100 1
3 87 119 1
3 96 33 1
3 96 34 1
3 96 35 1
3 96 49 1
3 96 52 1
3 96 53 1
3 96 68 1
3 96 84 1
3 96 85 1
3 96 99 1
3 96 101 1
3 97 34 1
3 97 49 1
3 97 68 1
3 97 85 1
3 98 34 1
3 101 37 1
3 102 37 1
3 102 54 1
3 102 67 1
3 102 82 1
3 103 36 1
3 103 37 1
3 103 38 1
3 103 50 1
3 103 51 1
3 103 54 1
3 103 67 1
3 103 82 1
3 103 83 1
3 103 98 1
3 103 100 1
3 112 23 1
3 112 33 1
3 112 34 1
3 112 35 1
3 112 38 1
3 112 53 1
3 112 54 1
3 112 66 1
3 112 69 1
3 112 84 1
3 112 85 1
3 112 101 1
3 112 102 1
3 112 114 1
3 112 119 1
3 113 34 1
3 113 37 1
3 113 49 1
3 113 52 1
3 113 66 1
3 113 67 1
3 113 69 1
3 113 84 1
3 113 85 1
3 114 34 1
3 114 37 1
3 114 66 1
3 114 67 1
3 114 68 1
3 114 85 1
3 115 34 1
3 115 37 1
3 115 66 1
3 115 67 1
3 115 68 1
3 115 69 1
3 116 34 1
3 116 37 1
3 116 66 1
3 116 67 1
3 116 68 1
3 116 69 1
3 117 34 1
3 117 37 1
3 117 67 1
3 117 68 1
3 117 69 1
3 117 82 1
3 118 34 1
3 118 37 1
3 118 51 1
3 118 54 1
3 118 66 1
3 118 68 1
3 118 69 1
3 118 82 1
3 118 83 1
3 119 16 1
3 119 33 1
3 119 36 1
3 119 37 1
3 119 38 1
3 119 49 1
3 119 50 1
3 119 66 1
3 119 69 1
3 119 82 1
3 119 83 1
3 119 97 1
3 119 98 1
3 119 112 1
3 119 117 1
17 3 0 1
17 3 32 1
17 3 117 1
17 4 1 1
17 4 5 1
17 4 16 1
17 4 20 1
17 4 32 1
17 4 33 1
17 4 48 1
17 4 80 1
17 4 117 1
17 5 1 1
17 5 4 1
17 5 6 1
17 5 16 1
17 5 21 1
17 5 32 1
17 5 33 1
17 5 37 1
17 5 48 1
17 5 49 1
17 5 64 1
17 5 117 1
17 6 5 1
17 6 16 1
17 6 32 1
17 6 33 1
17 6 48 1
17 6 64 1
17 6 80 1
17 7 16 1
17 7 32 1
17 7 33 1
17 7 48 1
17 19 0 1
17 19 3 1
17 19 16 1
17 19 18 1
17 19 32 1
17 19 48 1
17 19 51 1
17 19 54 1
17 19 55 1
17 19 65 1
17 19 66 1
17 19 69 1
17 19 80 1
17 19 81 1
17 19 99 1
17 19 100 1
17 19 101 1
17 19 102 1
17 19 103 1
17 19 114 1
17 19 118 1
17 20 0 1
17 20 1 1
17 20 7 1
17 20 16 1
17 20 22 1
17 20 23 1
17 20 32 1
17 20 33 1
17 20 39 1
17 20 48 1
17 20 49 1
17 20 52 1
17 20 55 1
17 20 64 1
17 20 66 1
17 20 68 1
17 20 81 1
17 20 82 1
17 20 83 1
17 20 84 1
17 20 85 1
17 20 86 1
17 20 96 1
17 20 97 1
17 20 98 1
17 20 99 1
17 20 100 1
17 20 101 1
17 20 102 1
17 20 103 1
17 20 112 1
17 20 113 1
17 20 114 1
17 20 115 1
17 20 116 1
17 20 117 1
17 20 118 1
17 20 119 1
17 21 0 1
17 21 1 1
17 21 2 1
17 21 16 1
17 21 19 1
17 21 23 1
17 21 32 1
17 21 33 1
17 21 34 1
17 21 48 1
17 21 49 1
17 21 64 1
17 21 65 1
17 21 68 1
17 21 70 1
17 21 71 1
17 21 80 1
17 21 82 1
17 21 83 1
17 21 84 1
17 21 85 1
17 21 86 1
17 21 97 1
17 21 98 1
17 21 99 1
17 21 100 1
17 21 101 1
17 21 102 1
17 21 103 1
17 21 112 1
17 21 113 1
17 21 114 1
17 21 115 1
17 21 116 1
17 21 117 1
17 21 118 1
17 21 119 1
17 22 0 1
17 22 1 1
17 22 2 1
17 22 3 1
17 22 16 1
17 22 19 1
17 22 21 1
17 22 32 1
17 22 33 1
17 22 34 1
17 22 38 1
17 22 48 1
17 22 49 1
17 22 64 1
17 22 65 1
17 22 66 1
17 22 70 1
17 22 80 1
17 22 81 1
17 22 96 1
17 22 100 1
17 22 114 1
17 22 115 1
17 22 116 1
17 22 117 1
17 22 118 1
17 23 1 1
17 23 3 1
17 23 7 1
17 23 16 1
17 23 32 1
17 23 33 1
17 23 48 1
17 23 49 1
17 23 64 1
17 23 65 1
17 23 66 1
17 23 80 1
17 23 81 1
17 23 96 1
17 23 100 1
17 23 114 1
17 23 115 1
17 23 116 1
17 23 117 1
17 23 118 1
17 35 34 1
17 35 85 1
17 36 1 1
17 36 7 1
17 36 16 1
17 36 32 1
17 36 33 1
17 36 64 1
17 36 65 1
17 36 68 1
17 36 80 1
17 36 84 1
17 36 97 1
17 36 101 1
17 36 112 1
17 36 118 1
17 37 1 1
17 37 2 1
17 37 5 1
17 37 16 1
17 37 21 1
17 37 32 1
17 37 33 1
17 37 34 1
17 37 35 1
17 37 49 1
17 37 50 1
17 37 53 1
17 37 64 1
17 37 65 1
17 37 66 1
17 37 69 1
17 37 80 1
17 37 81 1
17 37 83 1
17 37 84 1
17 37 85 1
17 37 86 1
17 37 101 1
17 37 103 1
17 37 118 1
17 38 1 1
17 38 2 1
17 38 3 1
17 38 6 1
17 38 16 1
17 38 19 1
17 38 32 1
17 38 33 1
17 38 34 1
17 38 48 1
17 38 49 1
17 38 51 1
17 38 64 1
17 38 65 1
17 38 66 1
17 38 67 1
17 38 70 1
17 38 80 1
17 38 81 1
17 38 87 1
17 38 96 1
17 38 97 1
17 38 100 1
17 38 112 1
17 38 114 1
17 38 115 1
17 38 116 1
17 38 117 1
17 38 118 1
17 39 1 1
17 39 2 1
17 39 3 1
17 39 4 1
17 39 7 1
17 39 16 1
17 39 19 1
17 39 20 1
17 39 32 1
17 39 33 1
17 39 48 1
17 39 49 1
17 39 55 1
17 39 64 1
17 39 65 1
17 39 66 1
17 39 67 1
17 39 80 1
17 39 81 1
17 39 87 1
17 39 96 1
17 39 97 1
17 39 100 1
17 39 112 1
17 39 115 1
17 39 116 1
17 39 117 1
17 39 118 1
17 48 0 1
17 48 2 1
17 48 55 1
17 48 70 1
17 48 71 1
17 48 86 1
17 48 87 1
17 48 103 1
17 48 118 1
17 49 0 1
17 49 1 1
17 49 2 1
17 49 3 1
17 49 5 1
17 49 6 1
17 49 20 1
17 49 21 1
17 49 22 1
17 49 33 1
17 49 36 1
17 49 39 1
17 49 48 1
17 49 51 1
17 49 54 1
17 49 70 1
17 49 81 1
17 49 84 1
17 49 86 1
17 49 87 1
17 49 96 1
17 49 99 1
17 49 102 1
17 49 103 1
17 49 115 1
17 49 118 1
17 50 34 1
17 50 85 1
17 52 51 1
17 52 98 1
17 52 101 1
17 53 7 1
17 53 37 1
17 53 48 1
17 53 49 1
17 53 50 1
17 53 51 1
17 53 52 1
17 53 64 1
17 53 65 1
17 53 82 1
17 53 96 1
17 53 97 1
17 53 99 1
17 53 100 1
17 53 101 1
17 53 112 1
17 53 115 1
17 53 116 1
17 54 1 1
17 54 4 1
17 54 6 1
17 54 7 1
17 54 16 1
17 54 18 1
17 54 19 1
17 54 22 1
17 54 33 1
17 54 48 1
17 54 49 1
17 54 51 1
17 54 64 1
17 54 65 1
17 54 66 1
17 54 67 1
17 54 96 1
17 54 97 1
17 54 100 1
17 54 112 1
17 54 115 1
17 54 116 1
17 54 118 1
17 55 1 1
17 55 2 1
17 55 3 1
17 55 5 1
17 55 6 1
17 55 7 1
17 55 16 1
17 55 18 1
17 55 19 1
17 55 20 1
17 55 32 1
17 55 33 1
17 55 39 1
17 55 48 1
17 55 49 1
17 55 64 1
17 55 65 1
17 55 66 1
17 55 67 1
17 55 71 1
17 55 80 1
17 55 81 1
17 55 87 1
17 55 96 1
17 55 97 1
17 55 112 1
17 55 114 1
17 55 116 1
17 55 117 1
17 55 118 1
17 64 1 1
17 64 2 1
17 64 3 1
17 64 5 1
17 64 16 1
17 64 18 1
17 64 55 1
17 64 65 1
17 64 70 1
17 64 71 1
17 64 80 1
17 64 86 1
17 64 87 1
17 64 101 1
17 64 103 1
17 64 118 1
17 65 2 1
17 65 3 1
17 65 4 1
17 65 6 1
17 65 7 1
17 65 19 1
17 65 21 1
17 65 22 1
17 65 23 1
17 65 37 1
17 65 38 1
17 65 39 1
17 65 53 1
17 65 54 1
17 65 55 1
17 65 67 1
17 65 68 1
17 65 69 1
17 65 70 1
17 65 71 1
17 65 85 1
17 65 86 1
17 65 87 1
17 65 97 1
17 65 101 1
17 65 112 1
17 65 113 1
17 65 114 1
17 65 115 1
17 65 118 1
17 66 7 1
17 66 16 1
17 66 22 1
17 66 50 1
17 66 85 1
17 66 101 1
17 66 112 1
17 66 118 1
17 67 35 1
17 67 38 1
17 67 51 1
17 67 86 1
17 68 7 1
17 68 16 1
17 68 22 1
17 68 33 1
17 68 97 1
17 68 112 1
17 68 118 1
17 69 50 1
17 69 67 1
17 69 101 1
17 70 1 1
17 70 3 1
17 70 4 1
17 70 6 1
17 70 7 1
17 70 16 1
17 70 18 1
17 70 20 1
17 70 21 1
17 70 22 1
17 70 23 1
17 70 33 1
17 70 35 1
17 70 38 1
17 70 48 1
17 70 49 1
17 70 51 1
17 70 64 1
17 70 65 1
17 70 66 1
17 70 67 1
17 70 83 1
17 70 96 1
17 70 97 1
17 70 98 1
17 70 112 1
17 70 113 1
17 70 116 1
17 70 118 1
17 71 1 1
17 71 4 1
17 71 5 1
17 71 6 1
17 71 7 1
17 71 16 1
17 71 18 1
17 71 19 1
17 71 21 1
17 71 22 1
17 71 32 1
17 71 33 1
17 71 36 1
17 71 39 1
17 71 48 1
17 71 49 1
17 71 55 1
17 71 64 1
17 71 65 1
17 71 66 1
17 71 67 1
17 71 69 1
17 71 70 1
17 71 80 1
17 71 81 1
17 71 87 1
17 71 96 1
17 71 97 1
17 71 100 1
17 71 103 1
17 71 112 1
17 71 115 1
17 71 117 1
17 71 118 1
17 80 1 1
17 80 2 1
17 80 3 1
17 80 4 1
17 80 16 1
17 80 18 1
17 80 19 1
17 80 55 1
17 80 70 1
17 80 71 1
17 80 81 1
17 80 82 1
17 80 86 1
17 80 87 1
17 80 96 1
17 80 101 1
17 80 103 1
17 80 118 1
17 81 2 1
17 81 3 1
17 81 4 1
17 81 7 1
17 81 19 1
17 81 20 1
17 81 22 1
17 81 23 1
17 81 32 1
17 81 33 1
17 81 34 1
17 81 37 1
17 81 38 1
17 81 39 1
17 81 49 1
17 81 53 1
17 81 54 1
17 81 55 1
17 81 68 1
17 81 69 1
17 81 70 1
17 81 71 1
17 81 85 1
17 81 86 1
17 81 87 1
17 81 100 1
17 81 101 1
17 81 113 1
17 81 117 1
17 81 118 1
17 82 33 1
17 82 34 1
17 82 35 1
17 82 50 1
17 82 53 1
17 82 85 1
17 82 101 1
17 82 118 1
17 83 3 1
17 83 4 1
17 83 6 1
17 83 7 1
17 83 19 1
17 83 20 1
17 83 22 1
17 83 35 1
17 83 37 1
17 83 51 1
17 83 54 1
17 83 55 1
17 83 67 1
17 83 70 1
17 83 71 1
17 83 82 1
17 83 112 1
17 84 35 1
17 84 52 1
17 85 23 1
17 85 35 1
17 85 38 1
17 85 98 1
17 85 113 1
17 86 3 1
17 86 4 1
17 86 6 1
17 86 7 1
17 86 16 1
17 86 19 1
17 86 20 1
17 86 21 1
17 86 22 1
17 86 23 1
17 86 33 1
17 86 38 1
17 86 39 1
17 86 48 1
17 86 49 1
17 86 51 1
17 86 54 1
17 86 64 1
17 86 65 1
17 86 66 1
17 86 67 1
17 86 83 1
17 86 84 1
17 86 96 1
17 86 97 1
17 86 98 1
17 86 99 1
17 86 112 1
17 86 113 1
17 86 115 1
17 86 118 1
17 87 1 1
17 87 3 1
17 87 4 1
17 87 5 1
17 87 6 1
17 87 7 1
17 87 16 1
17 87 18 1
17 87 20 1
17 87 21 1
17 87 22 1
17 87 23 1
17 87 32 1
17 87 33 1
17 87 34 1
17 87 38 1
17 87 39 1
17 87 48 1
17 87 49 1
17 87 51 1
17 87 55 1
17 87 64 1
17 87 65 1
17 87 66 1
17 87 67 1
17 87 71 1
17 87 80 1
17 87 81 1
17 87 83 1
17 87 86 1
17 87 96 1
17 87 97 1
17 87 98 1
17 87 100 1
17 87 112 1
17 87 113 1
17 87 115 1
17 87 116 1
17 87 119 1
17 96 1 1
17 96 2 1
17 96 3 1
17 96 4 1
17 96 5 1
17 96 18 1
17 96 80 1
17 96 103 1
17 97 2 1
17 97 3 1
17 97 4 1
17 97 5 1
17 97 6 1
17 97 16 1
17 97 19 1
17 97 20 1
17 97 21 1
17 97 32 1
17 97 33 1
17 97 34 1
17 97 36 1
17 97 39 1
17 97 48 1
17 97 50 1
17 97 55 1
17 97 70 1
17 97 71 1
17 97 81 1
17 97 86 1
17 97 87 1
17 97 98 1
17 97 100 1
17 97 117 1
17 97 118 1
17 98 3 1
17 98 4 1
17 98 6 1
17 98 7 1
17 98 16 1
17 98 19 1
17 98 20 1
17 98 21 1
17 98 22 1
17 98 32 1
17 98 33 1
17 98 34 1
17 98 35 1
17 98 39 1
17 98 48 1
17 98 49 1
17 98 50 1
17 98 51 1
17 98 52 1
17 98 54 1
17 98 55 1
17 98 70 1
17 98 71 1
17 98 85 1
17 98 86 1
17 98 96 1
17 98 100 1
17 98 101 1
17 98 102 1
17 98 117 1
17 98 118 1
17 98 119 1
17 99 3 1
17 99 4 1
17 99 6 1
17 99 7 1
17 99 16 1
17 99 19 1
17 99 20 1
17 99 21 1
17 99 22 1
17 99 23 1
17 99 32 1
17 99 33 1
17 99 35 1
17 99 38 1
17 99 49 1
17 99 50 1
17 99 51 1
17 99 52 1
17 99 53 1
17 99 55 1
17 99 70 1
17 99 71 1
17 99 86 1
17 99 96 1
17 99 97 1
17 99 102 1
17 99 112 1
17 99 118 1
17 99 119 1
17 100 3 1
17 100 4 1
17 100 6 1
17 100 7 1
17 100 16 1
17 100 19 1
17 100 20 1
17 100 21 1
17 100 22 1
17 100 23 1
17 100 33 1
17 100 35 1
17 100 38 1
17 100 39 1
17 100 48 1
17 100 50 1
17 100 51 1
17 100 52 1
17 100 53 1
17 100 54 1
17 100 65 1
17 100 71 1
17 100 96 1
17 100 97 1
17 100 98 1
17 100 102 1
17 100 112 1
17 100 113 1
17 100 119 1
17 101 3 1
17 101 4 1
17 101 6 1
17 101 7 1
17 101 19 1
17 101 20 1
17 101 21 1
17 101 22 1
17 101 23 1
17 101 32 1
17 101 35 1
17 101 36 1
17 101 38 1
17 101 39 1
17 101 48 1
17 101 49 1
17 101 51 1
17 101 52 1
17 101 53 1
17 101 54 1
17 101 55 1
17 101 65 1
17 101 66 1
17 101 81 1
17 101 96 1
17 101 97 1
17 101 98 1
17 101 112 1
17 101 113 1
17 102 1 1
17 102 3 1
17 102 4 1
17 102 6 1
17 102 7 1
17 102 16 1
17 102 18 1
17 102 19 1
17 102 20 1
17 102 21 1
17 102 22 1
17 102 23 1
17 102 33 1
17 102 35 1
17 102 38 1
17 102 39 1
17 102 48 1
17 102 49 1
17 102 52 1
17 102 53 1
17 102 54 1
17 102 55 1
17 102 64 1
17 102 65 1
17 102 66 1
17 102 67 1
17 102 70 1
17 102 81 1
17 102 83 1
17 102 86 1
17 102 96 1
17 102 97 1
17 102 98 1
17 102 99 1
17 102 100 1
17 102 101 1
17 102 112 1
17 102 113 1
17 102 115 1
17 103 3 1
17 103 4 1
17 103 5 1
17 103 6 1
17 103 7 1
17 103 16 1
17 103 19 1
17 103 20 1
17 103 21 1
17 103 22 1
17 103 32 1
17 103 33 1
17 103 36 1
17 103 39 1
17 103 48 1
17 103 49 1
17 103 64 1
17 103 65 1
17 103 66 1
17 103 67 1
17 103 71 1
17 103 80 1
17 103 81 1
17 103 96 1
17 103 97 1
17 103 100 1
17 103 112 1
17 103 115 1
17 112 1 1
17 112 2 1
17 112 3 1
17 112 18 1
17 112 103 1
17 113 1 1
17 113 2 1
17 113 3 1
17 113 4 1
17 113 5 1
17 113 6 1
17 113 7 1
17 113 16 1
17 113 18 1
17 113 19 1
17 113 20 1
17 113 21 1
17 113 22 1
17 113 33 1
17 113 36 1
17 113 39 1
17 113 48 1
17 113 55 1
17 113 70 1
17 113 71 1
17 113 87 1
17 113 103 1
17 113 112 1
17 113 115 1
17 113 118 1
17 114 1 1
17 114 3 1
17 114 4 1
17 114 6 1
17 114 7 1
17 114 16 1
17 114 18 1
17 114 19 1
17 114 20 1
17 114 21 1
17 114 22 1
17 114 23 1
17 114 32 1
17 114 33 1
17 114 34 1
17 114 35 1
17 114 36 1
17 114 48 1
17 114 49 1
17 114 50 1
17 114 51 1
17 114 52 1
17 114 53 1
17 114 55 1
17 114 65 1
17 114 70 1
17 114 71 1
17 114 86 1
17 114 87 1
17 114 98 1
17 114 101 1
17 114 102 1
17 114 103 1
17 114 112 1
17 114 113 1
17 114 115 1
17 114 116 1
17 114 117 1
17 114 118 1
17 114 119 1
17 115 3 1
17 115 4 1
17 115 6 1
17 115 7 1
17 115 16 1
17 115 19 1
17 115 20 1
17 115 21 1
17 115 22 1
17 115 23 1
17 115 32 1
17 115 33 1
17 115 34 1
17 115 35 1
17 115 36 1
17 115 38 1
17 115 39 1
17 115 48 1
17 115 49 1
17 115 50 1
17 115 51 1
17 115 52 1
17 115 53 1
17 115 54 1
17 115 65 1
17 115 71 1
17 115 83 1
17 115 86 1
17 115 96 1
17 115 99 1
17 115 102 1
17 115 112 1
17 115 113 1
17 115 118 1
17 115 119 1
17 116 3 1
17 116 4 1
17 116 6 1
17 116 7 1
17 116 16 1
17 116 19 1
17 116 20 1
17 116 21 1
17 116 22 1
17 116 23 1
17 116 33 1
17 116 34 1
17 116 35 1
17 116 36 1
17 116 38 1
17 116 39 1
17 116 49 1
17 116 50 1
17 116 51 1
17 116 52 1
17 116 53 1
17 116 54 1
17 116 55 1
17 116 64 1
17 116 66 1
17 116 69 1
17 116 70 1
17 116 81 1
17 116 84 1
17 116 96 1
17 116 97 1
17 116 100 1
17 116 112 1
17 116 113 1
17 116 114 1
17 116 115 1
17 116 118 1
17 116 119 1
17 117 3 1
17 117 4 1
17 117 6 1
17 117 7 1
17 117 16 1
17 117 19 1
17 117 20 1
17 117 21 1
17 117 22 1
17 117 23 1
17 117 33 1
17 117 34 1
17 117 35 1
17 117 38 1
17 117 39 1
17 117 48 1
17 117 50 1
17 117 51 1
17 117 52 1
17 117 53 1
17 117 54 1
17 117 55 1
17 117 64 1
17 117 65 1
17 117 69 1
17 117 70 1
17 117 71 1
17 117 81 1
17 117 85 1
17 117 96 1
17 117 97 1
17 117 98 1
17 117 101 1
17 117 112 1
17 117 113 1
17 117 115 1
17 117 116 1
17 118 1 1
17 118 3 1
17 118 4 1
17 118 6 1
17 118 7 1
17 118 18 1
17 118 19 1
17 118 20 1
17 118 21 1
17 118 22 1
17 118 23 1
17 118 34 1
17 118 35 1
17 118 38 1
17 118 39 1
17 118 48 1
17 118 49 1
17 118 51 1
17 118 52 1
17 118 53 1
17 118 54 1
17 118 55 1
17 118 64 1
17 118 65 1
17 118 66 1
17 118 69 1
17 118 70 1
17 118 81 1
17 118 83 1
17 118 86 1
17 118 96 1
17 118 97 1
17 118 98 1
17 118 99 1
17 118 102 1
17 118 112 1
17 118 113 1
17 118 114 1
17 118 116 1
17 118 117 1
17 118 119 1
17 119 0 1
17 119 1 1
17 119 3 1
17 119 4 1
17 119 5 1
17 119 6 1
17 119 7 1
17 119 16 1
17 119 18 1
17 119 19 1
17 119 20 1
17 119 21 1
17 119 22 1
17 119 23 1
17 119 32 1
17 119 33 1
17 119 36 1
17 119 38 1
17 119 39 1
17 119 48 1
17 119 49 1
17 119 53 1
17 119 64 1
17 119 65 1
17 119 66 1
17 119 80 1
17 119 81 1
17 119 83 1
17 119 87 1
17 119 96 1
17 119 97 1
17 119 98 1
17 119 112 1
17 119 113 1
17 119 114 1
17 119 117 1
18 20 32 1
18 20 48 1
18 20 83 1
18 20 86 1
18 20 113 1
18 20 116 1
18 21 5 1
18 21 22 1
18 21 48 1
18 36 1 1
18 36 7 1
18 36 16 1
18 36 17 1
18 36 32 1
18 36 33 1
18 36 37 1
18 36 48 1
18 36 49 1
18 36 52 1
18 36 64 1
18 36 65 1
18 36 68 1
18 36 80 1
18 36 84 1
18 36 97 1
18 36 99 1
18 36 100 1
18 36 101 1
18 36 112 1
18 36 113 1
18 36 115 1
18 36 116 1
18 36 118 1
18 37 0 1
18 37 1 1
18 37 2 1
18 37 5 1
18 37 16 1
18 37 17 1
18 37 21 1
18 37 32 1
18 37 33 1
18 37 34 1
18 37 35 1
18 37 48 1
18 37 49 1
18 37 53 1
18 37 64 1
18 37 65 1
18 37 66 1
18 37 69 1
18 37 80 1
18 37 81 1
18 37 96 1
18 37 114 1
18 37 115 1
18 37 116 1
18 37 117 1
18 37 118 1
18 38 1 1
18 38 2 1
18 38 3 1
18 38 6 1
18 38 22 1
18 38 32 1
18 38 48 1
18 38 49 1
18 38 64 1
18 38 65 1
18 38 80 1
18 38 81 1
18 38 96 1
18 38 97 1
18 38 112 1
18 38 116 1
18 39 2 1
18 39 80 1
18 48 2 1
18 48 55 1
18 48 70 1
18 48 71 1
18 48 86 1
18 48 87 1
18 48 103 1
18 49 0 1
18 49 1 1
18 49 2 1
18 49 3 1
18 49 5 1
18 49 7 1
18 49 17 1
18 49 20 1
18 49 22 1
18 49 33 1
18 49 37 1
18 49 39 1
18 49 48 1
18 49 54 1
18 49 55 1
18 49 70 1
18 49 71 1
18 49 86 1
18 49 87 1
18 49 102 1
18 49 103 1
18 49 115 1
18 49 119 1
18 50 0 1
18 50 1 1
18 50 2 1
18 50 3 1
18 50 4 1
18 50 6 1
18 50 21 1
18 50 22 1
18 50 34 1
18 50 39 1
18 50 48 1
18 50 49 1
18 50 51 1
18 50 52 1
18 50 53 1
18 50 54 1
18 50 55 1
18 50 66 1
18 50 69 1
18 50 70 1
18 50 71 1
18 50 85 1
18 50 87 1
18 50 96 1
18 50 98 1
18 50 99 1
18 50 100 1
18 50 102 1
18 50 103 1
18 50 114 1
18 50 115 1
18 50 116 1
18 50 117 1
18 50 119 1
18 52 48 1
18 52 49 1
18 52 51 1
18 52 64 1
18 52 65 1
18 52 68 1
18 52 96 1
18 52 98 1
18 52 99 1
18 52 100 1
18 52 101 1
18 52 113 1
18 52 115 1
18 52 116 1
18 53 0 1
18 53 5 1
18 53 7 1
18 53 16 1
18 53 17 1
18 53 21 1
18 53 32 1
18 53 33 1
18 53 34 1
18 53 37 1
18 53 48 1
18 53 49 1
18 53 52 1
18 53 64 1
18 53 65 1
18 53 66 1
18 53 69 1
18 53 80 1
18 53 81 1
18 53 85 1
18 53 96 1
18 53 97 1
18 53 100 1
18 53 103 1
18 53 112 1
18 53 114 1
18 53 115 1
18 53 116 1
18 53 117 1
18 53 118 1
18 54 0 1
18 54 1 1
18 54 4 1
18 54 5 1
18 54 6 1
18 54 7 1
18 54 16 1
18 54 17 1
18 54 19 1
18 54 22 1
18 54 32 1
18 54 33 1
18 54 34 1
18 54 38 1
18 54 48 1
18 54 49 1
18 54 51 1
18 54 53 1
18 54 64 1
18 54 65 1
18 54 66 1
18 54 70 1
18 54 80 1
18 54 81 1
18 54 96 1
18 54 97 1
18 54 112 1
18 54 115 1
18 54 116 1
18 54 117 1
18 54 118 1
18 55 1 1
18 55 2 1
18 55 5 1
18 55 32 1
18 55 39 1
18 55 48 1
18 55 49 1
18 55 64 1
18 55 65 1
18 55 66 1
18 55 80 1
18 55 81 1
18 55 96 1
18 55 114 1
18 55 117 1
18 64 1 1
18 64 2 1
18 64 3 1
18 64 5 1
18 64 55 1
18 64 70 1
18 64 71 1
18 64 80 1
18 64 86 1
18 64 87 1
18 64 103 1
18 65 0 1
18 65 1 1
18 65 2 1
18 65 3 1
18 65 4 1
18 65 6 1
18 65 7 1
18 65 16 1
18 65 17 1
18 65 19 1
18 65 21 1
18 65 22 1
18 65 23 1
18 65 37 1
18 65 38 1
18 65 39 1
18 65 54 1
18 65 55 1
18 65 69 1
18 65 70 1
18 65 71 1
18 65 86 1
18 65 87 1
18 65 102 1
18 65 103 1
18 65 113 1
18 65 114 1
18 65 115 1
18 65 118 1
18 65 119 1
18 66 0 1
18 66 1 1
18 66 2 1
18 66 3 1
18 66 4 1
18 66 7 1
18 66 16 1
18 66 17 1
18 66 19 1
18 66 20 1
18 66 22 1
18 66 23 1
18 66 38 1
18 66 39 1
18 66 50 1
18 66 64 1
18 66 68 1
18 66 69 1
18 66 70 1
18 66 71 1
18 66 86 1
18 66 87 1
18 66 98 1
18 66 102 1
18 66 113 1
18 66 115 1
18 66 116 1
18 66 118 1
18 66 119 1
18 67 0 1
18 67 17 1
18 67 19 1
18 67 21 1
18 67 23 1
18 67 32 1
18 67 35 1
18 67 38 1
18 67 54 1
18 67 64 1
18 67 65 1
18 67 69 1
18 67 70 1
18 67 86 1
18 67 102 1
18 67 103 1
18 67 113 1
18 67 119 1
18 68 1 1
18 68 3 1
18 68 4 1
18 68 6 1
18 68 7 1
18 68 16 1
18 68 19 1
18 68 20 1
18 68 21 1
18 68 22 1
18 68 33 1
18 68 36 1
18 68 39 1
18 68 48 1
18 68 49 1
18 68 64 1
18 68 65 1
18 68 66 1
18 68 71 1
18 68 81 1
18 68 96 1
18 68 97 1
18 68 112 1
18 68 115 1
18 68 116 1
18 68 118 1
18 69 0 1
18 69 5 1
18 69 7 1
18 69 16 1
18 69 17 1
18 69 19 1
18 69 20 1
18 69 21 1
18 69 22 1
18 69 23 1
18 69 32 1
18 69 33 1
18 69 34 1
18 69 37 1
18 69 64 1
18 69 65 1
18 69 66 1
18 69 67 1
18 69 68 1
18 69 80 1
18 69 81 1
18 69 97 1
18 69 98 1
18 69 101 1
18 69 112 1
18 69 113 1
18 69 118 1
18 70 0 1
18 70 1 1
18 70 3 1
18 70 4 1
18 70 5 1
18 70 6 1
18 70 7 1
18 70 16 1
18 70 17 1
18 70 20 1
18 70 21 1
18 70 22 1
18 70 23 1
18 70 32 1
18 70 33 1
18 70 34 1
18 70 35 1
18 70 48 1
18 70 49 1
18 70 51 1
18 70 64 1
18 70 65 1
18 70 66 1
18 70 80 1
18 70 81 1
18 70 96 1
18 70 97 1
18 70 98 1
18 70 112 1
18 70 113 1
18 70 114 1
18 70 116 1
18 70 118 1
18 71 1 1
18 71 2 1
18 71 4 1
18 71 5 1
18 71 6 1
18 71 7 1
18 71 19 1
18 71 21 1
18 71 22 1
18 71 32 1
18 71 36 1
18 71 39 1
18 71 48 1
18 71 49 1
18 71 55 1
18 71 64 1
18 71 65 1
18 71 66 1
18 71 70 1
18 71 80 1
18 71 81 1
18 71 87 1
18 71 96 1
18 71 97 1
18 71 103 1
18 71 112 1
18 71 114 1
18 71 117 1
18 80 1 1
18 80 2 1
18 80 3 1
18 80 4 1
18 80 19 1
18 80 55 1
18 80 64 1
18 80 70 1
18 80 71 1
18 80 86 1
18 80 87 1
18 80 96 1
18 80 103 1
18 81 0 1
18 81 1 1
18 81 2 1
18 81 3 1
18 81 4 1
18 81 7 1
18 81 16 1
18 81 17 1
18 81 19 1
18 81 20 1
18 81 22 1
18 81 23 1
18 81 32 1
18 81 37 1
18 81 38 1
18 81 39 1
18 81 54 1
18 81 55 1
18 81 65 1
18 81 69 1
18 81 70 1
18 81 71 1
18 81 80 1
18 81 82 1
18 81 83 1
18 81 86 1
18 81 87 1
18 81 97 1
18 81 100 1
18 81 102 1
18 81 103 1
18 81 113 1
18 81 116 1
18 81 117 1
18 81 118 1
18 81 119 1
18 82 0 1
18 82 1 1
18 82 3 1
18 82 4 1
18 82 6 1
18 82 16 1
18 82 17 1
18 82 19 1
18 82 20 1
18 82 21 1
18 82 23 1
18 82 33 1
18 82 35 1
18 82 36 1
18 82 38 1
18 82 39 1
18 82 50 1
18 82 53 1
18 82 69 1
18 82 70 1
18 82 71 1
18 82 86 1
18 82 87 1
18 82 101 1
18 82 102 1
18 82 118 1
18 82 119 1
18 83 0 1
18 83 3 1
18 83 4 1
18 83 6 1
18 83 7 1
18 83 16 1
18 83 17 1
18 83 19 1
18 83 20 1
18 83 21 1
18 83 22 1
18 83 33 1
18 83 35 1
18 83 36 1
18 83 37 1
18 83 51 1
18 83 54 1
18 83 55 1
18 83 64 1
18 83 67 1
18 83 70 1
18 83 71 1
18 83 81 1
18 83 82 1
18 83 86 1
18 83 102 1
18 83 112 1
18 83 118 1
18 83 119 1
18 84 0 1
18 84 7 1
18 84 17 1
18 84 19 1
18 84 21 1
18 84 22 1
18 84 23 1
18 84 34 1
18 84 35 1
18 84 36 1
18 84 38 1
18 84 52 1
18 84 64 1
18 84 65 1
18 84 81 1
18 84 86 1
18 84 97 1
18 84 112 1
18 84 113 1
18 84 119 1
18 85 7 1
18 85 16 1
18 85 19 1
18 85 21 1
18 85 22 1
18 85 23 1
18 85 32 1
18 85 33 1
18 85 35 1
18 85 36 1
18 85 38 1
18 85 64 1
18 85 65 1
18 85 66 1
18 85 81 1
18 85 97 1
18 85 98 1
18 85 112 1
18 85 113 1
18 86 0 1
18 86 1 1
18 86 3 1
18 86 4 1
18 86 5 1
18 86 6 1
18 86 7 1
18 86 16 1
18 86 17 1
18 86 19 1
18 86 20 1
18 86 21 1
18 86 22 1
18 86 23 1
18 86 32 1
18 86 33 1
18 86 34 1
18 86 36 1
18 86 38 1
18 86 39 1
18 86 48 1
18 86 49 1
18 86 64 1
18 86 65 1
18 86 66 1
18 86 80 1
18 86 81 1
18 86 84 1
18 86 96 1
18 86 97 1
18 86 98 1
18 86 99 1
18 86 112 1
18 86 113 1
18 86 114 1
18 86 115 1
18 86 118 1
18 87 1 1
18 87 3 1
18 87 4 1
18 87 5 1
18 87 6 1
18 87 7 1
18 87 20 1
18 87 21 1
18 87 22 1
18 87 23 1
18 87 32 1
18 87 38 1
18 87 39 1
18 87 48 1
18 87 49 1
18 87 55 1
18 87 64 1
18 87 65 1
18 87 66 1
18 87 71 1
18 87 80 1
18 87 81 1
18 87 86 1
18 87 96 1
18 87 97 1
18 87 98 1
18 87 100 1
18 87 112 1
18 87 113 1
18 87 114 1
18 87 119 1
18 96 1 1
18 96 2 1
18 96 3 1
18 96 4 1
18 96 5 1
18 96 80 1
18 96 103 1
18 97 0 1
18 97 1 1
18 97 2 1
18 97 3 1
18 97 4 1
18 97 5 1
18 97 6 1
18 97 16 1
18 97 17 1
18 97 19 1
18 97 20 1
18 97 21 1
18 97 32 1
18 97 36 1
18 97 39 1
18 97 48 1
18 97 50 1
18 97 55 1
18 97 70 1
18 97 71 1
18 97 81 1
18 97 86 1
18 97 87 1
18 97 98 1
18 97 100 1
18 97 103 1
18 97 113 1
18 97 117 1
18 97 118 1
18 98 0 1
18 98 1 1
18 98 3 1
18 98 4 1
18 98 6 1
18 98 7 1
18 98 16 1
18 98 17 1
18 98 19 1
18 98 20 1
18 98 21 1
18 98 22 1
18 98 32 1
18 98 33 1
18 98 35 1
18 98 36 1
18 98 39 1
18 98 48 1
18 98 50 1
18 98 51 1
18 98 52 1
18 98 54 1
18 98 55 1
18 98 70 1
18 98 71 1
18 98 82 1
18 98 86 1
18 98 87 1
18 98 96 1
18 98 99 1
18 98 100 1
18 98 101 1
18 98 102 1
18 98 103 1
18 98 117 1
18 98 118 1
18 98 119 1
18 99 0 1
18 99 1 1
18 99 3 1
18 99 4 1
18 99 6 1
18 99 7 1
18 99 16 1
18 99 17 1
18 99 19 1
18 99 20 1
18 99 21 1
18 99 22 1
18 99 23 1
18 99 32 1
18 99 33 1
18 99 35 1
18 99 36 1
18 99 38 1
18 99 49 1
18 99 50 1
18 99 52 1
18 99 53 1
18 99 55 1
18 99 64 1
18 99 70 1
18 99 71 1
18 99 86 1
18 99 96 1
18 99 97 1
18 99 102 1
18 99 103 1
18 99 112 1
18 99 118 1
18 99 119 1
18 100 0 1
18 100 1 1
18 100 3 1
18 100 4 1
18 100 6 1
18 100 7 1
18 100 16 1
18 100 17 1
18 100 19 1
18 100 20 1
18 100 21 1
18 100 22 1
18 100 23 1
18 100 33 1
18 100 35 1
18 100 36 1
18 100 38 1
18 100 39 1
18 100 48 1
18 100 50 1
18 100 51 1
18 100 52 1
18 100 53 1
18 100 54 1
18 100 64 1
18 100 65 1
18 100 71 1
18 100 81 1
18 100 96 1
18 100 97 1
18 100 98 1
18 100 102 1
18 100 103 1
18 100 112 1
18 100 113 1
18 100 119 1
18 101 0 1
18 101 1 1
18 101 3 1
18 101 4 1
18 101 6 1
18 101 7 1
18 101 17 1
18 101 19 1
18 101 20 1
18 101 21 1
18 101 22 1
18 101 23 1
18 101 32 1
18 101 35 1
18 101 36 1
18 101 38 1
18 101 39 1
18 101 48 1
18 101 49 1
18 101 52 1
18 101 53 1
18 101 55 1
18 101 64 1
18 101 65 1
18 101 66 1
18 101 81 1
18 101 85 1
18 101 96 1
18 101 97 1
18 101 98 1
18 101 100 1
18 101 103 1
18 101 112 1
18 101 113 1
18 101 114 1
18 102 1 1
18 102 2 1
18 102 3 1
18 102 4 1
18 102 5 1
18 102 6 1
18 102 7 1
18 102 19 1
18 102 20 1
18 102 21 1
18 102 22 1
18 102 23 1
18 102 32 1
18 102 35 1
18 102 36 1
18 102 39 1
18 102 48 1
18 102 49 1
18 102 52 1
18 102 53 1
18 102 55 1
18 102 64 1
18 102 65 1
18 102 66 1
18 102 70 1
18 102 80 1
18 102 81 1
18 102 86 1
18 102 96 1
18 102 97 1
18 102 98 1
18 102 99 1
18 102 100 1
18 102 101 1
18 102 112 1
18 102 113 1
18 102 114 1
18 102 118 1
18 103 1 1
18 103 2 1
18 103 3 1
18 103 4 1
18 103 5 1
18 103 6 1
18 103 7 1
18 103 19 1
18 103 20 1
18 103 21 1
18 103 22 1
18 103 32 1
18 103 36 1
18 103 39 1
18 103 48 1
18 103 49 1
18 103 64 1
18 103 65 1
18 103 66 1
18 103 80 1
18 103 81 1
18 103 87 1
18 103 96 1
18 103 97 1
18 103 100 1
18 103 112 1
18 103 114 1
18 112 1 1
18 112 2 1
18 112 3 1
18 112 103 1
18 113 1 1
18 113 2 1
18 113 3 1
18 113 4 1
18 113 5 1
18 113 6 1
18 113 7 1
18 113 16 1
18 113 19 1
18 113 20 1
18 113 21 1
18 113 22 1
18 113 36 1
18 113 39 1
18 113 48 1
18 113 55 1
18 113 70 1
18 113 71 1
18 113 87 1
18 113 103 1
18 113 112 1
18 113 115 1
18 113 118 1
18 114 0 1
18 114 1 1
18 114 3 1
18 114 4 1
18 114 6 1
18 114 7 1
18 114 16 1
18 114 17 1
18 114 19 1
18 114 20 1
18 114 21 1
18 114 22 1
18 114 23 1
18 114 32 1
18 114 33 1
18 114 35 1
18 114 36 1
18 114 48 1
18 114 50 1
18 114 51 1
18 114 52 1
18 114 53 1
18 114 55 1
18 114 64 1
18 114 65 1
18 114 70 1
18 114 71 1
18 114 86 1
18 114 87 1
18 114 98 1
18 114 101 1
18 114 102 1
18 114 103 1
18 114 113 1
18 114 115 1
18 114 116 1
18 114 117 1
18 114 118 1
18 114 119 1
18 115 0 1
18 115 1 1
18 115 3 1
18 115 4 1
18 115 6 1
18 115 7 1
18 115 16 1
18 115 17 1
18 115 19 1
18 115 20 1
18 115 21 1
18 115 22 1
18 115 23 1
18 115 32 1
18 115 33 1
18 115 35 1
18 115 36 1
18 115 39 1
18 115 48 1
18 115 50 1
18 115 51 1
18 115 52 1
18 115 53 1
18 115 65 1
18 115 71 1
18 115 83 1
18 115 86 1
18 115 87 1
18 115 96 1
18 115 99 1
18 115 102 1
18 115 103 1
18 115 112 1
18 115 113 1
18 115 114 1
18 115 116 1
18 115 118 1
18 115 119 1
18 116 0 1
18 116 1 1
18 116 3 1
18 116 4 1
18 116 6 1
18 116 7 1
18 116 16 1
18 116 17 1
18 116 19 1
18 116 20 1
18 116 21 1
18 116 22 1
18 116 23 1
18 116 32 1
18 116 33 1
18 116 35 1
18 116 36 1
18 116 39 1
18 116 49 1
18 116 50 1
18 116 51 1
18 116 52 1
18 116 53 1
18 116 55 1
18 116 64 1
18 116 66 1
18 116 70 1
18 116 81 1
18 116 84 1
18 116 87 1
18 116 96 1
18 116 97 1
18 116 100 1
18 116 103 1
18 116 112 1
18 116 113 1
18 116 114 1
18 116 115 1
18 116 118 1
18 116 119 1
18 117 0 1
18 117 1 1
18 117 3 1
18 117 4 1
18 117 6 1
18 117 7 1
18 117 16 1
18 117 17 1
18 117 19 1
18 117 20 1
18 117 21 1
18 117 22 1
18 117 23 1
18 117 35 1
18 117 36 1
18 117 38 1
18 117 39 1
18 117 48 1
18 117 50 1
18 117 52 1
18 117 53 1
18 117 55 1
18 117 64 1
18 117 65 1
18 117 70 1
18 117 71 1
18 117 81 1
18 117 85 1
18 117 96 1
18 117 97 1
18 117 98 1
18 117 101 1
18 117 112 1
18 117 113 1
18 117 114 1
18 117 115 1
18 117 116 1
18 117 118 1
18 118 0 1
18 118 1 1
18 118 2 1
18 118 3 1
18 118 4 1
18 118 5 1
18 118 6 1
18 118 7 1
18 118 17 1
18 118 19 1
18 118 20 1
18 118 21 1
18 118 22 1
18 118 23 1
18 118 32 1
18 118 35 1
18 118 36 1
18 118 38 1
18 118 39 1
18 118 48 1
18 118 49 1
18 118 52 1
18 118 53 1
18 118 55 1
18 118 64 1
18 118 65 1
18 118 66 1
18 118 80 1
18 118 81 1
18 118 86 1
18 118 96 1
18 118 97 1
18 118 98 1
18 118 99 1
18 118 102 1
18 118 112 1
18 118 113 1
18 118 114 1
18 118 116 1
18 118 117 1
18 118 119 1
18 119 1 1
18 119 2 1
18 119 3 1
18 119 4 1
18 119 5 1
18 119 6 1
18 119 7 1
18 119 19 1
18 119 20 1
18 119 21 1
18 119 22 1
18 119 23 1
18 119 32 1
18 119 36 1
18 119 38 1
18 119 39 1
18 119 48 1
18 119 49 1
18 119 53 1
18 119 64 1
18 119 65 1
18 119 66 1
18 119 80 1
18 119 81 1
18 119 87 1
18 119 96 1
18 119 97 1
18 119 98 1
18 119 112 1
18 119 113 1
18 119 114 1
19 33 87 1
19 37 0 1
19 37 1 1
19 37 2 1
19 37 5 1
19 37 16 1
19 37 17 1
19 37 21 1
19 37 32 1
19 37 33 1
19 37 34 1
19 37 35 1
19 37 38 1
19 37 48 1
19 37 49 1
19 37 53 1
19 37 64 1
19 37 65 1
19 37 66 1
19 37 69 1
19 37 80 1
19 37 81 1
19 37 96 1
19 37 114 1
19 37 115 1
19 37 116 1
19 37 117 1
19 37 118 1
19 38 22 1
19 38 96 1
19 48 2 1
19 48 4 1
19 48 55 1
19 48 70 1
19 48 71 1
19 48 86 1
19 48 87 1
19 48 103 1
19 49 0 1
19 49 1 1
19 49 2 1
19 49 3 1
19 49 4 1
19 49 5 1
19 49 7 1
19 49 17 1
19 49 20 1
19 49 22 1
19 49 33 1
19 49 37 1
19 49 39 1
19 49 54 1
19 49 55 1
19 49 70 1
19 49 71 1
19 49 86 1
19 49 87 1
19 49 102 1
19 49 103 1
19 49 115 1
19 49 119 1
19 50 0 1
19 50 1 1
19 50 3 1
19 50 6 1
19 50 7 1
19 50 18 1
19 50 21 1
19 50 22 1
19 50 23 1
19 50 34 1
19 50 37 1
19 50 38 1
19 50 39 1
19 50 48 1
19 50 49 1
19 50 51 1
19 50 54 1
19 50 55 1
19 50 66 1
19 50 69 1
19 50 70 1
19 50 71 1
19 50 82 1
19 50 86 1
19 50 87 1
19 50 96 1
19 50 99 1
19 50 102 1
19 50 103 1
19 50 113 1
19 50 114 1
19 50 115 1
19 50 116 1
19 50 117 1
19 50 119 1
19 51 52 1
19 51 54 1
19 51 55 1
19 51 67 1
19 51 70 1
19 51 71 1
19 51 99 1
19 51 100 1
19 51 103 1
19 51 115 1
19 51 116 1
19 51 118 1
19 52 48 1
19 52 49 1
19 52 51 1
19 52 64 1
19 52 65 1
19 52 68 1
19 52 96 1
19 52 98 1
19 52 99 1
19 52 100 1
19 52 101 1
19 52 113 1
19 52 115 1
19 52 116 1
19 53 0 1
19 53 5 1
19 53 7 1
19 53 16 1
19 53 17 1
19 53 21 1
19 53 32 1
19 53 33 1
19 53 34 1
19 53 37 1
19 53 48 1
19 53 49 1
19 53 52 1
19 53 64 1
19 53 65 1
19 53 66 1
19 53 69 1
19 53 80 1
19 53 81 1
19 53 85 1
19 53 96 1
19 53 97 1
19 53 100 1
19 53 103 1
19 53 112 1
19 53 114 1
19 53 115 1
19 53 116 1
19 53 117 1
19 53 118 1
19 54 0 1
19 54 4 1
19 54 5 1
19 54 6 1
19 54 7 1
19 54 17 1
19 54 22 1
19 54 32 1
19 54 34 1
19 54 38 1
19 54 48 1
19 54 49 1
19 54 64 1
19 54 65 1
19 54 80 1
19 54 81 1
19 54 96 1
19 54 97 1
19 54 112 1
19 54 116 1
19 55 2 1
19 55 5 1
19 55 32 1
19 55 48 1
19 55 49 1
19 55 64 1
19 55 65 1
19 55 80 1
19 55 81 1
19 55 96 1
19 64 1 1
19 64 2 1
19 64 3 1
19 64 4 1
19 64 5 1
19 64 48 1
19 64 55 1
19 64 70 1
19 64 71 1
19 64 80 1
19 64 86 1
19 64 87 1
19 64 103 1
19 65 0 1
19 65 1 1
19 65 2 1
19 65 3 1
19 65 4 1
19 65 6 1
19 65 7 1
19 65 16 1
19 65 17 1
19 65 18 1
19 65 21 1
19 65 22 1
19 65 23 1
19 65 37 1
19 65 38 1
19 65 39 1
19 65 54 1
19 65 55 1
19 65 66 1
19 65 69 1
19 65 70 1
19 65 71 1
19 65 81 1
19 65 86 1
19 65 87 1
19 65 102 1
19 65 103 1
19 65 113 1
19 65 114 1
19 65 115 1
19 65 118 1
19 65 119 1
19 66 0 1
19 66 1 1
19 66 2 1
19 66 3 1
19 66 4 1
19 66 7 1
19 66 16 1
19 66 17 1
19 66 18 1
19 66 20 1
19 66 22 1
19 66 23 1
19 66 38 1
19 66 39 1
19 66 50 1
19 66 64 1
19 66 68 1
19 66 69 1
19 66 70 1
19 66 71 1
19 66 86 1
19 66 87 1
19 66 98 1
19 66 102 1
19 66 113 1
19 66 115 1
19 66 116 1
19 66 118 1
19 66 119 1
19 67 0 1
19 67 1 1
19 67 3 1
19 67 4 1
19 67 6 1
19 67 17 1
19 67 18 1
19 67 20 1
19 67 21 1
19 67 23 1
19 67 32 1
19 67 35 1
19 67 38 1
19 67 54 1
19 67 55 1
19 67 64 1
19 67 65 1
19 67 69 1
19 67 70 1
19 67 71 1
19 67 86 1
19 67 102 1
19 67 103 1
19 67 113 1
19 67 115 1
19 67 116 1
19 67 119 1
19 68 1 1
19 68 3 1
19 68 4 1
19 68 6 1
19 68 7 1
19 68 16 1
19 68 18 1
19 68 20 1
19 68 21 1
19 68 22 1
19 68 33 1
19 68 36 1
19 68 39 1
19 68 48 1
19 68 49 1
19 68 64 1
19 68 65 1
19 68 66 1
19 68 70 1
19 68 71 1
19 68 81 1
19 68 96 1
19 68 97 1
19 68 112 1
19 68 115 1
19 68 116 1
19 68 118 1
19 69 0 1
19 69 3 1
19 69 4 1
19 69 5 1
19 69 6 1
19 69 7 1
19 69 16 1
19 69 17 1
19 69 20 1
19 69 21 1
19 69 22 1
19 69 23 1
19 69 32 1
19 69 33 1
19 69 53 1
19 69 64 1
19 69 65 1
19 69 66 1
19 69 67 1
19 69 68 1
19 69 71 1
19 69 80 1
19 69 81 1
19 69 97 1
19 69 101 1
19 69 112 1
19 69 113 1
19 69 115 1
19 69 116 1
19 69 118 1
19 70 0 1
19 70 1 1
19 70 3 1
19 70 4 1
19 70 5 1
19 70 6 1
19 70 7 1
19 70 16 1
19 70 17 1
19 70 18 1
19 70 20 1
19 70 21 1
19 70 22 1
19 70 23 1
19 70 32 1
19 70 33 1
19 70 34 1
19 70 48 1
19 70 49 1
19 70 64 1
19 70 65 1
19 70 66 1
19 70 69 1
19 70 80 1
19 70 81 1
19 70 86 1
19 70 96 1
19 70 97 1
19 70 112 1
19 70 113 1
19 70 116 1
19 70 117 1
19 70 118 1
19 71 2 1
19 71 4 1
19 71 5 1
19 71 6 1
19 71 32 1
19 71 36 1
19 71 48 1
19 71 49 1
19 71 55 1
19 71 64 1
19 71 65 1
19 71 80 1
19 71 81 1
19 71 87 1
19 71 96 1
19 71 114 1
19 71 117 1
19 80 1 1
19 80 2 1
19 80 3 1
19 80 4 1
19 80 18 1
19 80 55 1
19 80 64 1
19 80 70 1
19 80 71 1
19 80 86 1
19 80 87 1
19 80 96 1
19 80 103 1
19 81 0 1
19 81 1 1
19 81 2 1
19 81 3 1
19 81 4 1
19 81 7 1
19 81 16 1
19 81 17 1
19 81 18 1
19 81 20 1
19 81 22 1
19 81 23 1
19 81 32 1
19 81 37 1
19 81 38 1
19 81 39 1
19 81 54 1
19 81 55 1
19 81 65 1
19 81 69 1
19 81 70 1
19 81 71 1
19 81 80 1
19 81 82 1
19 81 83 1
19 81 86 1
19 81 87 1
19 81 97 1
19 81 100 1
19 81 102 1
19 81 103 1
19 81 113 1
19 81 116 1
19 81 117 1
19 81 118 1
19 81 119 1
19 82 0 1
19 82 1 1
19 82 3 1
19 82 4 1
19 82 6 1
19 82 16 1
19 82 17 1
19 82 18 1
19 82 20 1
19 82 21 1
19 82 23 1
19 82 33 1
19 82 35 1
19 82 36 1
19 82 38 1
19 82 39 1
19 82 50 1
19 82 69 1
19 82 70 1
19 82 71 1
19 82 86 1
19 82 87 1
19 82 101 1
19 82 102 1
19 82 118 1
19 82 119 1
19 83 0 1
19 83 3 1
19 83 4 1
19 83 6 1
19 83 7 1
19 83 16 1
19 83 17 1
19 83 18 1
19 83 20 1
19 83 21 1
19 83 22 1
19 83 33 1
19 83 35 1
19 83 36 1
19 83 37 1
19 83 51 1
19 83 54 1
19 83 55 1
19 83 64 1
19 83 67 1
19 83 70 1
19 83 71 1
19 83 81 1
19 83 82 1
19 83 86 1
19 83 102 1
19 83 112 1
19 83 118 1
19 83 119 1
19 84 0 1
19 84 1 1
19 84 3 1
19 84 7 1
19 84 17 1
19 84 18 1
19 84 20 1
19 84 21 1
19 84 22 1
19 84 23 1
19 84 34 1
19 84 35 1
19 84 36 1
19 84 38 1
19 84 48 1
19 84 49 1
19 84 52 1
19 84 64 1
19 84 65 1
19 84 68 1
19 84 71 1
19 84 81 1
19 84 85 1
19 84 86 1
19 84 97 1
19 84 112 1
19 84 113 1
19 84 119 1
19 85 1 1
19 85 3 1
19 85 4 1
19 85 6 1
19 85 7 1
19 85 16 1
19 85 18 1
19 85 20 1
19 85 21 1
19 85 22 1
19 85 23 1
19 85 32 1
19 85 33 1
19 85 35 1
19 85 36 1
19 85 38 1
19 85 53 1
19 85 64 1
19 85 65 1
19 85 66 1
19 85 80 1
19 85 81 1
19 85 97 1
19 85 98 1
19 85 112 1
19 85 113 1
19 86 0 1
19 86 3 1
19 86 4 1
19 86 5 1
19 86 6 1
19 86 7 1
19 86 16 1
19 86 17 1
19 86 20 1
19 86 21 1
19 86 22 1
19 86 23 1
19 86 32 1
19 86 33 1
19 86 34 1
19 86 36 1
19 86 39 1
19 86 48 1
19 86 49 1
19 86 64 1
19 86 65 1
19 86 66 1
19 86 70 1
19 86 80 1
19 86 81 1
19 86 84 1
19 86 85 1
19 86 96 1
19 86 97 1
19 86 99 1
19 86 102 1
19 86 112 1
19 86 113 1
19 86 114 1
19 86 115 1
19 86 118 1
19 87 2 1
19 87 3 1
19 87 4 1
19 87 5 1
19 87 6 1
19 87 20 1
19 87 21 1
19 87 32 1
19 87 48 1
19 87 49 1
19 87 64 1
19 87 65 1
19 87 71 1
19 87 80 1
19 87 81 1
19 87 96 1
19 87 103 1
19 87 114 1
19 96 1 1
19 96 2 1
19 96 3 1
19 96 4 1
19 96 5 1
19 96 18 1
19 96 80 1
19 96 103 1
19 97 0 1
19 97 1 1
19 97 2 1
19 97 3 1
19 97 4 1
19 97 5 1
19 97 6 1
19 97 16 1
19 97 17 1
19 97 18 1
19 97 20 1
19 97 21 1
19 97 32 1
19 97 36 1
19 97 39 1
19 97 48 1
19 97 50 1
19 97 55 1
19 97 70 1
19 97 71 1
19 97 81 1
19 97 86 1
19 97 87 1
19 97 98 1
19 97 100 1
19 97 103 1
19 97 113 1
19 97 117 1
19 97 118 1
19 98 0 1
19 98 1 1
19 98 3 1
19 98 4 1
19 98 6 1
19 98 7 1
19 98 16 1
19 98 17 1
19 98 18 1
19 98 20 1
19 98 21 1
19 98 22 1
19 98 32 1
19 98 33 1
19 98 35 1
19 98 36 1
19 98 39 1
19 98 48 1
19 98 50 1
19 98 51 1
19 98 54 1
19 98 55 1
19 98 70 1
19 98 71 1
19 98 82 1
19 98 86 1
19 98 87 1
19 98 96 1
19 98 99 1
19 98 101 1
19 98 102 1
19 98 103 1
19 98 117 1
19 98 118 1
19 98 119 1
19 99 0 1
19 99 1 1
19 99 3 1
19 99 4 1
19 99 6 1
19 99 7 1
19 99 16 1
19 99 17 1
19 99 18 1
19 99 20 1
19 99 21 1
19 99 22 1
19 99 23 1
19 99 32 1
19 99 33 1
19 99 35 1
19 99 36 1
19 99 38 1
19 99 49 1
19 99 50 1
19 99 52 1
19 99 53 1
19 99 55 1
19 99 64 1
19 99 70 1
19 99 71 1
19 99 86 1
19 99 96 1
19 99 97 1
19 99 102 1
19 99 103 1
19 99 112 1
19 99 118 1
19 99 119 1
19 100 0 1
19 100 1 1
19 100 3 1
19 100 4 1
19 100 6 1
19 100 7 1
19 100 16 1
19 100 17 1
19 100 18 1
19 100 20 1
19 100 21 1
19 100 22 1
19 100 23 1
19 100 33 1
19 100 35 1
19 100 36 1
19 100 38 1
19 100 39 1
19 100 48 1
19 100 50 1
19 100 51 1
19 100 53 1
19 100 54 1
19 100 64 1
19 100 65 1
19 100 71 1
19 100 81 1
19 100 96 1
19 100 97 1
19 100 102 1
19 100 103 1
19 100 112 1
19 100 113 1
19 100 119 1
19 101 0 1
19 101 1 1
19 101 3 1
19 101 4 1
19 101 6 1
19 101 7 1
19 101 17 1
19 101 18 1
19 101 20 1
19 101 21 1
19 101 22 1
19 101 23 1
19 101 32 1
19 101 35 1
19 101 36 1
19 101 38 1
19 101 39 1
19 101 48 1
19 101 49 1
19 101 52 1
19 101 53 1
19 101 55 1
19 101 64 1
19 101 65 1
19 101 80 1
19 101 81 1
19 101 85 1
19 101 96 1
19 101 97 1
19 101 98 1
19 101 100 1
19 101 103 1
19 101 112 1
19 101 113 1
19 101 114 1
19 102 1 1
19 102 2 1
19 102 3 1
19 102 4 1
19 102 5 1
19 102 6 1
19 102 7 1
19 102 18 1
19 102 20 1
19 102 21 1
19 102 22 1
19 102 23 1
19 102 32 1
19 102 35 1
19 102 36 1
19 102 39 1
19 102 48 1
19 102 53 1
19 102 55 1
19 102 64 1
19 102 65 1
19 102 80 1
19 102 81 1
19 102 86 1
19 102 96 1
19 102 99 1
19 102 101 1
19 102 113 1
19 102 114 1
19 102 118 1
19 103 2 1
19 103 3 1
19 103 4 1
19 103 5 1
19 103 6 1
19 103 21 1
19 103 36 1
19 103 87 1
19 103 96 1
19 112 1 1
19 112 2 1
19 112 3 1
19 112 18 1
19 112 103 1
19 113 1 1
19 113 2 1
19 113 3 1
19 113 4 1
19 113 5 1
19 113 6 1
19 113 7 1
19 113 16 1
19 113 18 1
19 113 20 1
19 113 21 1
19 113 22 1
19 113 36 1
19 113 39 1
19 113 48 1
19 113 55 1
19 113 70 1
19 113 71 1
19 113 87 1
19 113 103 1
19 113 112 1
19 113 115 1
19 113 118 1
19 114 0 1
19 114 1 1
19 114 3 1
19 114 4 1
19 114 6 1
19 114 7 1
19 114 16 1
19 114 17 1
19 114 18 1
19 114 20 1
19 114 21 1
19 114 22 1
19 114 23 1
19 114 32 1
19 114 33 1
19 114 35 1
19 114 36 1
19 114 48 1
19 114 50 1
19 114 51 1
19 114 53 1
19 114 55 1
19 114 64 1
19 114 65 1
19 114 70 1
19 114 71 1
19 114 86 1
19 114 87 1
19 114 98 1
19 114 101 1
19 114 102 1
19 114 103 1
19 114 113 1
19 114 115 1
19 114 116 1
19 114 117 1
19 114 118 1
19 114 119 1
19 115 0 1
19 115 1 1
19 115 3 1
19 115 4 1
19 115 6 1
19 115 7 1
19 115 16 1
19 115 17 1
19 115 18 1
19 115 20 1
19 115 21 1
19 115 22 1
19 115 23 1
19 115 32 1
19 115 35 1
19 115 36 1
19 115 39 1
19 115 48 1
19 115 50 1
19 115 51 1
19 115 52 1
19 115 53 1
19 115 65 1
19 115 71 1
19 115 80 1
19 115 83 1
19 115 86 1
19 115 87 1
19 115 96 1
19 115 99 1
19 115 102 1
19 115 103 1
19 115 112 1
19 115 113 1
19 115 114 1
19 115 116 1
19 115 117 1
19 115 118 1
19 115 119 1
19 116 0 1
19 116 1 1
19 116 3 1
19 116 4 1
19 116 6 1
19 116 7 1
19 116 16 1
19 116 17 1
19 116 18 1
19 116 20 1
19 116 21 1
19 116 22 1
19 116 23 1
19 116 32 1
19 116 35 1
19 116 36 1
19 116 39 1
19 116 50 1
19 116 51 1
19 116 52 1
19 116 53 1
19 116 55 1
19 116 64 1
19 116 70 1
19 116 80 1
19 116 81 1
19 116 84 1
19 116 87 1
19 116 96 1
19 116 97 1
19 116 100 1
19 116 103 1
19 116 112 1
19 116 113 1
19 116 114 1
19 116 115 1
19 116 117 1
19 116 118 1
19 116 119 1
19 117 0 1
19 117 1 1
19 117 3 1
19 117 4 1
19 117 6 1
19 117 7 1
19 117 16 1
19 117 17 1
19 117 18 1
19 117 20 1
19 117 21 1
19 117 22 1
19 117 23 1
19 117 35 1
19 117 36 1
19 117 38 1
19 117 39 1
19 117 48 1
19 117 50 1
19 117 52 1
19 117 53 1
19 117 55 1
19 117 64 1
19 117 65 1
19 117 70 1
19 117 71 1
19 117 80 1
19 117 81 1
19 117 96 1
19 117 97 1
19 117 98 1
19 117 101 1
19 117 112 1
19 117 113 1
19 117 114 1
19 117 115 1
19 117 116 1
19 117 118 1
19 118 0 1
19 118 1 1
19 118 2 1
19 118 3 1
19 118 4 1
19 118 5 1
19 118 6 1
19 118 17 1
19 118 18 1
19 118 20 1
19 118 21 1
19 118 23 1
19 118 32 1
19 118 35 1
19 118 48 1
19 118 55 1
19 118 64 1
19 118 65 1
19 118 80 1
19 118 96 1
19 118 113 1
19 118 116 1
19 118 119 1
19 119 2 1
19 119 4 1
19 119 5 1
19 119 6 1
19 119 21 1
19 119 96 1
34 37 21 1
34 37 38 1
34 37 53 1
34 52 0 1
34 52 2 1
34 52 4 1
34 52 6 1
34 52 23 1
34 52 48 1
34 52 49 1
34 52 50 1
34 52 53 1
34 52 71 1
34 52 87 1
34 52 96 1
34 52 98 1
34 52 99 1
34 52 100 1
34 52 102 1
34 52 113 1
34 52 115 1
34 52 116 1
34 52 119 1
34 53 0 1
34 53 37 1
34 53 69 1
34 54 0 1
34 66 0 1
34 66 5 1
34 66 16 1
34 66 17 1
34 66 50 1
34 66 64 1
34 66 65 1
34 66 102 1
34 66 116 1
34 66 119 1
34 67 0 1
34 67 1 1
34 67 2 1
34 67 3 1
34 67 4 1
34 67 5 1
34 67 6 1
34 67 17 1
34 67 18 1
34 67 19 1
34 67 20 1
34 67 21 1
34 67 23 1
34 67 32 1
34 67 35 1
34 67 38 1
34 67 54 1
34 67 55 1
34 67 64 1
34 67 65 1
34 67 66 1
34 67 68 1
34 67 69 1
34 67 70 1
34 67 71 1
34 67 80 1
34 67 83 1
34 67 86 1
34 67 87 1
34 67 96 1
34 67 102 1
34 67 103 1
34 67 113 1
34 67 115 1
34 67 116 1
34 67 117 1
34 67 119 1
34 68 0 1
34 68 1 1
34 68 2 1
34 68 3 1
34 68 4 1
34 68 5 1
34 68 6 1
34 68 7 1
34 68 16 1
34 68 17 1
34 68 18 1
34 68 19 1
34 68 20 1
34 68 21 1
34 68 22 1
34 68 33 1
34 68 36 1
34 68 39 1
34 68 48 1
34 68 49 1
34 68 55 1
34 68 64 1
34 68 65 1
34 68 66 1
34 68 69 1
34 68 70 1
34 68 71 1
34 68 80 1
34 68 81 1
34 68 84 1
34 68 87 1
34 68 96 1
34 68 97 1
34 68 100 1
34 68 103 1
34 68 112 1
34 68 114 1
34 68 115 1
34 68 116 1
34 68 118 1
34 69 0 1
34 69 2 1
34 69 5 1
34 69 17 1
34 69 32 1
34 69 53 1
34 69 70 1
34 69 80 1
34 69 81 1
34 69 85 1
34 69 117 1
34 70 0 1
34 82 0 1
34 82 1 1
34 82 17 1
34 82 18 1
34 82 81 1
34 82 83 1
34 82 98 1
34 82 103 1
34 83 0 1
34 83 2 1
34 83 5 1
34 83 17 1
34 83 36 1
34 83 80 1
34 83 81 1
34 83 82 1
34 83 84 1
34 83 87 1
34 83 115 1
34 84 0 1
34 84 1 1
34 84 2 1
34 84 17 1
34 84 18 1
34 84 64 1
34 84 83 1
34 84 85 1
34 84 87 1
34 84 103 1
34 85 0 1
34 85 2 1
34 85 69 1
34 85 87 1
34 85 117 1
34 86 0 1
34 86 2 1
34 86 87 1
34 86 114 1
34 98 0 1
34 98 17 1
34 99 0 1
34 99 2 1
34 99 5 1
34 99 17 1
34 99 64 1
34 100 0 1
34 100 1 1
34 100 2 1
34 100 5 1
34 100 17 1
34 100 18 1
34 100 64 1
34 100 80 1
34 100 87 1
34 100 103 1
34 100 116 1
34 101 0 1
34 101 2 1
34 101 5 1
34 101 17 1
34 101 32 1
34 101 36 1
34 101 80 1
34 102 2 1
34 102 103 1
34 102 114 1
34 115 2 1
34 116 2 1
34 116 117 1
34 117 2 1
35 66 5 1
35 67 5 1
35 67 32 1
35 67 54 1
35 67 55 1
35 67 80 1
35 67 99 1
35 67 103 1
35 67 114 1
35 67 117 1
35 68 1 1
35 68 2 1
35 68 3 1
35 68 4 1
35 68 5 1
35 68 6 1
35 68 18 1
35 68 20 1
35 68 39 1
35 68 48 1
35 68 49 1
35 68 55 1
35 68 71 1
35 68 87 1
35 68 96 1
35 68 100 1
35 68 114 1
35 68 115 1
35 68 116 1
35 68 117 1
35 69 2 1
35 69 5 1
35 69 53 1
35 69 70 1
35 83 5 1
35 83 80 1
35 83 82 1
35 83 84 1
35 83 99 1
35 84 2 1
35 84 83 1
35 84 85 1
35 84 87 1
35 84 100 1
35 85 117 1
35 99 2 1
35 99 5 1
35 100 2 1
35 100 5 1
35 100 80 1
35 100 116 1
35 116 117 1
