0 3 53 1
0 6 52 1
0 7 53 1
0 7 85 1
0 39 68 1
0 48 83 1
0 55 68 1
0 71 68 1
0 96 67 1
0 103 68 1
0 112 83 1
1 3 2 1
1 3 35 1
1 3 38 1
1 3 39 1
1 3 53 1
1 3 83 1
1 3 84 1
1 3 86 1
1 3 87 1
1 3 98 1
1 3 113 1
1 4 0 1
1 4 2 1
1 4 17 1
1 4 50 1
1 4 65 1
1 4 69 1
1 4 82 1
1 4 84 1
1 4 87 1
1 4 102 1
1 4 114 1
1 4 119 1
1 5 0 1
1 5 2 1
1 5 17 1
1 5 54 1
1 5 66 1
1 5 69 1
1 5 81 1
1 5 82 1
1 5 84 1
1 5 87 1
1 5 96 1
1 5 102 1
1 5 114 1
1 5 119 1
1 6 0 1
1 6 2 1
1 6 17 1
1 6 19 1
1 6 35 1
1 6 38 1
1 6 49 1
1 6 50 1
1 6 54 1
1 6 65 1
1 6 67 1
1 6 69 1
1 6 70 1
1 6 82 1
1 6 84 1
1 6 86 1
1 6 87 1
1 6 97 1
1 6 98 1
1 6 100 1
1 6 101 1
1 6 102 1
1 6 103 1
1 6 112 1
1 6 113 1
1 6 114 1
1 6 115 1
1 6 116 1
1 6 117 1
1 6 119 1
1 7 0 1
1 7 2 1
1 7 5 1
1 7 17 1
1 7 18 1
1 7 35 1
1 7 49 1
1 7 50 1
1 7 65 1
1 7 66 1
1 7 69 1
1 7 80 1
1 7 81 1
1 7 84 1
1 7 86 1
1 7 87 1
1 7 96 1
1 7 98 1
1 7 100 1
1 7 101 1
1 7 102 1
1 7 103 1
1 7 113 1
1 7 114 1
1 7 115 1
1 7 116 1
1 7 117 1
1 7 119 1
1 20 19 1
1 20 67 1
1 20 70 1
1 20 87 1
1 22 51 1
1 22 54 1
1 22 83 1
1 22 84 1
1 22 86 1
1 22 98 1
1 22 113 1
1 23 0 1
1 23 2 1
1 23 17 1
1 23 19 1
1 23 21 1
1 23 22 1
1 23 34 1
1 23 35 1
1 23 36 1
1 23 39 1
1 23 50 1
1 23 51 1
1 23 67 1
1 23 69 1
1 23 70 1
1 23 82 1
1 23 84 1
1 23 85 1
1 23 86 1
1 23 87 1
1 23 99 1
1 23 101 1
1 23 102 1
1 23 119 1
1 38 84 1
1 39 37 1
1 39 52 1
1 39 85 1
1 48 67 1
1 48 83 1
1 48 96 1
1 55 68 1
1 64 51 1
1 64 67 1
1 71 68 1
1 80 67 1
1 96 67 1
1 103 68 1
1 112 83 1
2 5 6 1
2 5 16 1
2 5 32 1
2 5 49 1
2 5 64 1
2 5 84 1
2 5 87 1
2 5 96 1
2 5 114 1
2 5 117 1
2 5 118 1
2 6 16 1
2 6 32 1
2 6 117 1
2 6 118 1
2 7 32 1
2 20 19 1
2 20 67 1
2 20 70 1
2 20 87 1
2 21 84 1
2 21 86 1
2 21 87 1
2 22 84 1
2 22 87 1
2 23 16 1
2 23 32 1
2 23 33 1
2 23 48 1
2 23 49 1
2 23 81 1
2 23 96 1
2 23 100 1
2 38 84 1
2 39 1 1
2 39 4 1
2 39 7 1
2 39 18 1
2 39 35 1
2 39 36 1
2 39 38 1
2 39 51 1
2 39 55 1
2 39 66 1
2 39 81 1
2 39 83 1
2 39 86 1
2 39 87 1
2 39 96 1
2 39 100 1
2 39 102 1
2 48 67 1
2 48 83 1
2 48 96 1
2 55 52 1
2 55 68 1
2 55 84 1
2 64 51 1
2 64 67 1
2 71 52 1
2 71 68 1
2 80 67 1
2 87 68 1
2 96 67 1
2 103 68 1
2 112 83 1
2 119 84 1
3 5 16 1
3 5 118 1
3 17 23 1
3 17 38 1
3 17 55 1
3 17 86 1
3 17 103 1
3 21 84 1
3 21 86 1
3 21 87 1
3 22 16 1
3 22 33 1
3 22 48 1
3 22 81 1
3 22 96 1
3 23 16 1
3 23 33 1
3 23 48 1
3 48 67 1
3 48 83 1
3 48 96 1
3 55 68 1
3 55 84 1
3 55 103 1
3 64 51 1
3 64 67 1
3 71 52 1
3 71 68 1
3 80 67 1
3 87 68 1
3 96 67 1
3 103 68 1
3 112 83 1
3 119 84 1
17 3 2 1
17 3 35 1
17 3 83 1
17 3 98 1
17 3 100 1
17 3 103 1
17 3 113 1
17 3 115 1
17 3 118 1
17 4 0 1
17 4 2 1
17 4 50 1
17 4 65 1
17 4 67 1
17 4 69 1
17 4 70 1
17 4 82 1
17 4 83 1
17 4 84 1
17 4 86 1
17 4 87 1
17 4 97 1
17 4 98 1
17 4 100 1
17 4 101 1
17 4 102 1
17 4 103 1
17 4 112 1
17 4 113 1
17 4 114 1
17 4 115 1
17 4 116 1
17 4 118 1
17 4 119 1
17 5 0 1
17 5 2 1
17 5 18 1
17 5 54 1
17 5 66 1
17 5 67 1
17 5 69 1
17 5 70 1
17 5 81 1
17 5 82 1
17 5 83 1
17 5 84 1
17 5 86 1
17 5 87 1
17 5 96 1
17 5 97 1
17 5 98 1
17 5 100 1
17 5 101 1
17 5 102 1
17 5 103 1
17 5 112 1
17 5 113 1
17 5 114 1
17 5 115 1
17 5 116 1
17 5 118 1
17 5 119 1
17 6 0 1
17 6 1 1
17 6 2 1
17 6 7 1
17 6 18 1
17 6 19 1
17 6 22 1
17 6 35 1
17 6 38 1
17 6 49 1
17 6 50 1
17 6 54 1
17 6 65 1
17 6 67 1
17 6 69 1
17 6 70 1
17 6 82 1
17 6 84 1
17 6 86 1
17 6 87 1
17 6 97 1
17 6 98 1
17 6 100 1
17 6 101 1
17 6 102 1
17 6 103 1
17 6 112 1
17 6 113 1
17 6 114 1
17 6 115 1
17 6 116 1
17 6 117 1
17 6 118 1
17 6 119 1
17 7 0 1
17 7 1 1
17 7 2 1
17 7 5 1
17 7 18 1
17 7 35 1
17 7 49 1
17 7 50 1
17 7 64 1
17 7 65 1
17 7 66 1
17 7 69 1
17 7 80 1
17 7 81 1
17 7 84 1
17 7 86 1
17 7 87 1
17 7 96 1
17 7 98 1
17 7 100 1
17 7 101 1
17 7 102 1
17 7 103 1
17 7 113 1
17 7 114 1
17 7 115 1
17 7 116 1
17 7 117 1
17 7 118 1
17 7 119 1
17 19 20 1
17 19 22 1
17 19 23 1
17 19 35 1
17 19 38 1
17 19 39 1
17 19 67 1
17 19 68 1
17 19 71 1
17 19 83 1
17 19 84 1
17 19 86 1
17 19 98 1
17 19 113 1
17 20 18 1
17 20 19 1
17 20 67 1
17 20 69 1
17 20 70 1
17 20 87 1
17 21 18 1
17 21 50 1
17 21 67 1
17 21 69 1
17 21 87 1
17 22 18 1
17 22 35 1
17 22 50 1
17 22 51 1
17 22 54 1
17 22 69 1
17 22 83 1
17 22 84 1
17 22 86 1
17 22 87 1
17 22 98 1
17 22 99 1
17 22 101 1
17 22 102 1
17 22 103 1
17 22 113 1
17 22 119 1
17 23 0 1
17 23 2 1
17 23 18 1
17 23 19 1
17 23 21 1
17 23 22 1
17 23 34 1
17 23 35 1
17 23 36 1
17 23 39 1
17 23 50 1
17 23 51 1
17 23 55 1
17 23 67 1
17 23 69 1
17 23 70 1
17 23 82 1
17 23 84 1
17 23 86 1
17 23 87 1
17 23 97 1
17 23 99 1
17 23 101 1
17 23 102 1
17 23 103 1
17 23 112 1
17 23 119 1
17 36 35 1
17 36 82 1
17 36 83 1
17 36 85 1
17 36 86 1
17 36 103 1
17 37 18 1
17 38 18 1
17 38 35 1
17 38 36 1
17 38 50 1
17 38 82 1
17 38 84 1
17 38 85 1
17 38 86 1
17 38 99 1
17 38 101 1
17 38 102 1
17 38 103 1
17 38 119 1
17 39 18 1
17 39 23 1
17 39 34 1
17 39 35 1
17 39 36 1
17 39 37 1
17 39 38 1
17 39 50 1
17 39 51 1
17 39 52 1
17 39 71 1
17 39 82 1
17 39 83 1
17 39 86 1
17 39 98 1
17 39 101 1
17 39 102 1
17 39 103 1
17 39 113 1
17 39 119 1
17 48 23 1
17 48 32 1
17 48 38 1
17 48 50 1
17 48 53 1
17 48 101 1
17 49 23 1
17 49 38 1
17 49 50 1
17 49 52 1
17 49 53 1
17 49 65 1
17 49 68 1
17 49 69 1
17 49 97 1
17 49 98 1
17 49 101 1
17 49 113 1
17 49 114 1
17 49 116 1
17 52 50 1
17 54 35 1
17 54 50 1
17 54 52 1
17 54 82 1
17 54 83 1
17 54 86 1
17 54 98 1
17 54 101 1
17 54 102 1
17 54 103 1
17 54 113 1
17 54 119 1
17 55 23 1
17 55 34 1
17 55 35 1
17 55 36 1
17 55 50 1
17 55 51 1
17 55 52 1
17 55 53 1
17 55 54 1
17 55 82 1
17 55 83 1
17 55 84 1
17 55 98 1
17 55 99 1
17 55 101 1
17 55 102 1
17 55 103 1
17 55 113 1
17 55 119 1
17 64 0 1
17 64 7 1
17 64 20 1
17 64 22 1
17 64 23 1
17 64 32 1
17 64 35 1
17 64 37 1
17 64 38 1
17 64 39 1
17 64 52 1
17 64 53 1
17 64 69 1
17 64 84 1
17 64 100 1
17 64 102 1
17 64 117 1
17 64 119 1
17 65 33 1
17 65 36 1
17 65 49 1
17 65 52 1
17 65 84 1
17 65 100 1
17 65 117 1
17 66 37 1
17 66 53 1
17 69 82 1
17 70 50 1
17 70 82 1
17 70 99 1
17 70 102 1
17 70 119 1
17 71 23 1
17 71 34 1
17 71 35 1
17 71 50 1
17 71 51 1
17 71 52 1
17 71 82 1
17 71 83 1
17 71 84 1
17 71 98 1
17 71 99 1
17 71 113 1
17 71 119 1
17 80 0 1
17 80 6 1
17 80 7 1
17 80 21 1
17 80 22 1
17 80 23 1
17 80 32 1
17 80 33 1
17 80 36 1
17 80 37 1
17 80 38 1
17 80 39 1
17 80 52 1
17 80 53 1
17 80 69 1
17 80 84 1
17 80 99 1
17 80 100 1
17 80 102 1
17 80 117 1
17 80 119 1
17 81 35 1
17 81 52 1
17 81 84 1
17 84 37 1
17 85 37 1
17 85 50 1
17 85 82 1
17 86 37 1
17 86 50 1
17 86 82 1
17 87 35 1
17 87 37 1
17 87 50 1
17 87 52 1
17 87 82 1
17 87 84 1
17 87 85 1
17 87 99 1
17 96 0 1
17 96 7 1
17 96 16 1
17 96 19 1
17 96 20 1
17 96 22 1
17 96 23 1
17 96 32 1
17 96 33 1
17 96 35 1
17 96 37 1
17 96 38 1
17 96 39 1
17 96 49 1
17 96 50 1
17 96 52 1
17 96 55 1
17 96 69 1
17 96 70 1
17 96 71 1
17 96 84 1
17 96 86 1
17 96 87 1
17 96 97 1
17 96 98 1
17 96 99 1
17 96 100 1
17 96 101 1
17 96 102 1
17 96 112 1
17 96 117 1
17 96 118 1
17 96 119 1
17 97 23 1
17 97 35 1
17 97 38 1
17 97 49 1
17 97 51 1
17 97 53 1
17 97 54 1
17 97 69 1
17 97 84 1
17 97 85 1
17 97 99 1
17 97 101 1
17 97 102 1
17 97 119 1
17 98 37 1
17 98 66 1
17 98 69 1
17 99 37 1
17 99 67 1
17 99 101 1
17 100 37 1
17 101 37 1
17 101 82 1
17 101 99 1
17 102 37 1
17 102 50 1
17 102 82 1
17 103 23 1
17 103 34 1
17 103 37 1
17 103 38 1
17 103 50 1
17 103 51 1
17 103 53 1
17 103 54 1
17 103 55 1
17 103 68 1
17 103 82 1
17 103 83 1
17 103 84 1
17 103 98 1
17 103 99 1
17 103 101 1
17 103 102 1
17 103 113 1
17 103 116 1
17 103 119 1
17 112 0 1
17 112 4 1
17 112 5 1
17 112 6 1
17 112 16 1
17 112 19 1
17 112 20 1
17 112 21 1
17 112 23 1
17 112 32 1
17 112 33 1
17 112 35 1
17 112 36 1
17 112 38 1
17 112 39 1
17 112 50 1
17 112 55 1
17 112 69 1
17 112 70 1
17 112 71 1
17 112 80 1
17 112 84 1
17 112 86 1
17 112 87 1
17 112 101 1
17 112 102 1
17 112 117 1
17 112 118 1
17 112 119 1
17 113 0 1
17 113 32 1
17 113 34 1
17 113 35 1
17 113 37 1
17 113 49 1
17 113 50 1
17 113 51 1
17 113 52 1
17 113 54 1
17 113 66 1
17 113 69 1
17 113 81 1
17 113 84 1
17 113 85 1
17 113 86 1
17 113 97 1
17 113 100 1
17 113 101 1
17 113 102 1
17 113 114 1
17 113 117 1
17 113 119 1
17 114 37 1
17 114 38 1
17 114 66 1
17 114 67 1
17 114 82 1
17 114 85 1
17 115 37 1
17 115 66 1
17 115 67 1
17 115 68 1
17 115 69 1
17 116 37 1
17 116 67 1
17 116 68 1
17 117 37 1
17 117 67 1
17 117 68 1
17 117 82 1
17 117 119 1
17 118 37 1
17 118 71 1
17 118 82 1
17 118 115 1
17 119 35 1
17 119 37 1
17 119 50 1
17 119 69 1
17 119 82 1
17 119 84 1
18 20 1 1
18 20 4 1
18 20 7 1
18 20 16 1
18 20 19 1
18 20 22 1
18 20 49 1
18 20 52 1
18 20 55 1
18 20 64 1
18 20 67 1
18 20 70 1
18 20 97 1
18 20 98 1
18 20 100 1
18 20 101 1
18 20 103 1
18 20 112 1
18 20 115 1
18 20 117 1
18 20 118 1
18 21 1 1
18 21 16 1
18 21 33 1
18 21 37 1
18 21 64 1
18 21 80 1
18 21 118 1
18 22 1 1
18 22 16 1
18 22 32 1
18 22 33 1
18 22 48 1
18 22 64 1
18 22 118 1
18 23 16 1
18 23 32 1
18 23 33 1
18 23 48 1
18 23 64 1
18 36 35 1
18 36 82 1
18 36 83 1
18 36 85 1
18 36 86 1
18 36 103 1
18 37 39 1
18 37 50 1
18 37 85 1
18 37 99 1
18 37 100 1
18 37 101 1
18 37 102 1
18 37 103 1
18 37 119 1
18 38 16 1
18 38 19 1
18 38 33 1
18 38 39 1
18 38 66 1
18 38 67 1
18 38 70 1
18 38 87 1
18 38 100 1
18 38 103 1
18 38 114 1
18 38 115 1
18 38 117 1
18 38 118 1
18 39 1 1
18 39 4 1
18 39 7 1
18 39 16 1
18 39 19 1
18 39 32 1
18 39 33 1
18 39 48 1
18 39 49 1
18 39 55 1
18 39 64 1
18 39 66 1
18 39 67 1
18 39 81 1
18 39 87 1
18 39 96 1
18 39 97 1
18 39 112 1
18 39 115 1
18 39 116 1
18 39 117 1
18 39 118 1
18 48 23 1
18 48 32 1
18 48 38 1
18 48 53 1
18 48 101 1
18 48 118 1
18 49 6 1
18 49 21 1
18 49 23 1
18 49 36 1
18 49 38 1
18 49 50 1
18 49 52 1
18 49 53 1
18 49 65 1
18 49 68 1
18 49 69 1
18 49 81 1
18 49 84 1
18 49 85 1
18 49 97 1
18 49 98 1
18 49 101 1
18 49 112 1
18 49 113 1
18 49 114 1
18 49 116 1
18 49 118 1
18 52 50 1
18 53 50 1
18 53 51 1
18 53 82 1
18 53 99 1
18 53 101 1
18 53 102 1
18 53 119 1
18 54 35 1
18 54 50 1
18 54 67 1
18 54 82 1
18 54 83 1
18 54 86 1
18 54 98 1
18 54 100 1
18 54 101 1
18 54 102 1
18 54 103 1
18 54 113 1
18 54 119 1
18 55 0 1
18 55 3 1
18 55 6 1
18 55 7 1
18 55 16 1
18 55 17 1
18 55 19 1
18 55 20 1
18 55 23 1
18 55 33 1
18 55 34 1
18 55 35 1
18 55 36 1
18 55 50 1
18 55 51 1
18 55 53 1
18 55 54 1
18 55 67 1
18 55 71 1
18 55 82 1
18 55 83 1
18 55 87 1
18 55 97 1
18 55 98 1
18 55 99 1
18 55 102 1
18 55 103 1
18 55 112 1
18 55 113 1
18 55 116 1
18 55 118 1
18 64 0 1
18 64 7 1
18 64 16 1
18 64 17 1
18 64 20 1
18 64 22 1
18 64 23 1
18 64 32 1
18 64 35 1
18 64 37 1
18 64 38 1
18 64 39 1
18 64 52 1
18 64 53 1
18 64 65 1
18 64 69 1
18 64 84 1
18 64 100 1
18 64 101 1
18 64 102 1
18 64 117 1
18 64 118 1
18 64 119 1
18 65 33 1
18 65 36 1
18 65 49 1
18 65 52 1
18 65 53 1
18 65 68 1
18 65 84 1
18 65 85 1
18 65 97 1
18 65 100 1
18 65 101 1
18 65 112 1
18 65 117 1
18 66 34 1
18 66 37 1
18 66 53 1
18 66 85 1
18 66 101 1
18 66 112 1
18 67 51 1
18 68 52 1
18 69 50 1
18 69 82 1
18 69 119 1
18 70 38 1
18 70 50 1
18 70 67 1
18 70 82 1
18 70 83 1
18 70 99 1
18 70 102 1
18 70 119 1
18 71 0 1
18 71 16 1
18 71 17 1
18 71 23 1
18 71 33 1
18 71 34 1
18 71 35 1
18 71 50 1
18 71 51 1
18 71 52 1
18 71 67 1
18 71 69 1
18 71 82 1
18 71 83 1
18 71 84 1
18 71 98 1
18 71 99 1
18 71 100 1
18 71 113 1
18 71 115 1
18 71 118 1
18 80 0 1
18 80 6 1
18 80 7 1
18 80 16 1
18 80 17 1
18 80 21 1
18 80 22 1
18 80 23 1
18 80 32 1
18 80 33 1
18 80 36 1
18 80 37 1
18 80 38 1
18 80 39 1
18 80 52 1
18 80 53 1
18 80 69 1
18 80 81 1
18 80 82 1
18 80 84 1
18 80 99 1
18 80 100 1
18 80 101 1
18 80 102 1
18 80 117 1
18 80 118 1
18 80 119 1
18 81 33 1
18 81 34 1
18 81 35 1
18 81 49 1
18 81 52 1
18 81 53 1
18 81 68 1
18 81 84 1
18 81 85 1
18 81 101 1
18 82 34 1
18 82 85 1
18 83 34 1
18 84 37 1
18 85 37 1
18 85 50 1
18 85 82 1
18 86 37 1
18 86 50 1
18 86 51 1
18 86 54 1
18 86 67 1
18 86 82 1
18 86 83 1
18 87 0 1
18 87 16 1
18 87 17 1
18 87 33 1
18 87 34 1
18 87 35 1
18 87 37 1
18 87 50 1
18 87 51 1
18 87 52 1
18 87 67 1
18 87 82 1
18 87 83 1
18 87 84 1
18 87 85 1
18 87 99 1
18 87 115 1
18 96 0 1
18 96 7 1
18 96 16 1
18 96 17 1
18 96 19 1
18 96 20 1
18 96 22 1
18 96 23 1
18 96 32 1
18 96 33 1
18 96 35 1
18 96 37 1
18 96 38 1
18 96 39 1
18 96 49 1
18 96 50 1
18 96 52 1
18 96 55 1
18 96 69 1
18 96 70 1
18 96 71 1
18 96 84 1
18 96 86 1
18 96 87 1
18 96 97 1
18 96 98 1
18 96 99 1
18 96 100 1
18 96 101 1
18 96 102 1
18 96 112 1
18 96 117 1
18 96 118 1
18 96 119 1
18 97 23 1
18 97 33 1
18 97 34 1
18 97 35 1
18 97 38 1
18 97 49 1
18 97 51 1
18 97 53 1
18 97 54 1
18 97 69 1
18 97 84 1
18 97 85 1
18 97 99 1
18 97 101 1
18 97 102 1
18 97 119 1
18 98 34 1
18 98 37 1
18 98 49 1
18 98 66 1
18 98 69 1
18 98 85 1
18 99 34 1
18 99 37 1
18 99 51 1
18 99 67 1
18 99 101 1
18 100 34 1
18 100 37 1
18 101 34 1
18 101 37 1
18 101 51 1
18 101 54 1
18 101 69 1
18 101 82 1
18 101 99 1
18 102 16 1
18 102 33 1
18 102 37 1
18 102 38 1
18 102 50 1
18 102 54 1
18 102 67 1
18 102 82 1
18 102 83 1
18 102 115 1
18 103 0 1
18 103 16 1
18 103 17 1
18 103 23 1
18 103 33 1
18 103 34 1
18 103 37 1
18 103 38 1
18 103 50 1
18 103 51 1
18 103 53 1
18 103 54 1
18 103 55 1
18 103 67 1
18 103 68 1
18 103 71 1
18 103 82 1
18 103 83 1
18 103 84 1
18 103 98 1
18 103 99 1
18 103 101 1
18 103 102 1
18 103 113 1
18 103 115 1
18 103 116 1
18 103 119 1
18 112 0 1
18 112 4 1
18 112 5 1
18 112 6 1
18 112 16 1
18 112 17 1
18 112 19 1
18 112 20 1
18 112 21 1
18 112 23 1
18 112 32 1
18 112 33 1
18 112 35 1
18 112 36 1
18 112 38 1
18 112 39 1
18 112 50 1
18 112 55 1
18 112 69 1
18 112 70 1
18 112 71 1
18 112 80 1
18 112 84 1
18 112 86 1
18 112 87 1
18 112 101 1
18 112 102 1
18 112 117 1
18 112 118 1
18 112 119 1
18 113 0 1
18 113 17 1
18 113 32 1
18 113 33 1
18 113 34 1
18 113 35 1
18 113 37 1
18 113 49 1
18 113 50 1
18 113 51 1
18 113 52 1
18 113 54 1
18 113 66 1
18 113 69 1
18 113 81 1
18 113 84 1
18 113 85 1
18 113 86 1
18 113 97 1
18 113 100 1
18 113 101 1
18 113 102 1
18 113 114 1
18 113 117 1
18 113 119 1
18 114 34 1
18 114 37 1
18 114 38 1
18 114 49 1
18 114 66 1
18 114 67 1
18 114 82 1
18 114 85 1
18 114 112 1
18 115 34 1
18 115 37 1
18 115 38 1
18 115 49 1
18 115 54 1
18 115 66 1
18 115 67 1
18 115 68 1
18 115 69 1
18 116 34 1
18 116 37 1
18 116 38 1
18 116 54 1
18 116 67 1
18 116 68 1
18 116 69 1
18 117 33 1
18 117 34 1
18 117 37 1
18 117 51 1
18 117 54 1
18 117 67 1
18 117 68 1
18 117 69 1
18 117 82 1
18 117 119 1
18 118 34 1
18 118 37 1
18 118 51 1
18 118 54 1
18 118 69 1
18 118 70 1
18 118 71 1
18 118 82 1
18 118 83 1
18 118 115 1
18 119 16 1
18 119 33 1
18 119 35 1
18 119 37 1
18 119 50 1
18 119 69 1
18 119 82 1
18 119 83 1
18 119 117 1
19 33 71 1
19 33 99 1
19 37 18 1
19 37 39 1
19 37 50 1
19 37 85 1
19 37 99 1
19 37 100 1
19 37 101 1
19 37 102 1
19 37 103 1
19 37 119 1
19 38 39 1
19 38 64 1
19 38 81 1
19 38 100 1
19 39 64 1
19 48 23 1
19 48 32 1
19 48 38 1
19 48 53 1
19 48 101 1
19 48 118 1
19 49 6 1
19 49 21 1
19 49 23 1
19 49 36 1
19 49 38 1
19 49 50 1
19 49 52 1
19 49 53 1
19 49 65 1
19 49 68 1
19 49 69 1
19 49 81 1
19 49 84 1
19 49 85 1
19 49 97 1
19 49 98 1
19 49 101 1
19 49 112 1
19 49 113 1
19 49 114 1
19 49 116 1
19 49 118 1
19 50 52 1
19 50 53 1
19 50 85 1
19 50 97 1
19 50 98 1
19 50 100 1
19 50 112 1
19 52 50 1
19 53 50 1
19 53 51 1
19 53 82 1
19 53 99 1
19 53 101 1
19 53 102 1
19 53 119 1
19 54 1 1
19 54 16 1
19 54 18 1
19 54 33 1
19 54 35 1
19 54 50 1
19 54 51 1
19 54 53 1
19 54 66 1
19 54 67 1
19 54 70 1
19 54 82 1
19 54 83 1
19 54 86 1
19 54 98 1
19 54 101 1
19 54 102 1
19 54 113 1
19 54 115 1
19 54 117 1
19 54 118 1
19 54 119 1
19 55 1 1
19 55 16 1
19 55 18 1
19 55 33 1
19 55 35 1
19 55 36 1
19 55 39 1
19 55 50 1
19 55 66 1
19 55 83 1
19 55 87 1
19 55 98 1
19 55 113 1
19 55 114 1
19 55 117 1
19 64 0 1
19 64 7 1
19 64 16 1
19 64 17 1
19 64 18 1
19 64 20 1
19 64 22 1
19 64 23 1
19 64 32 1
19 64 35 1
19 64 37 1
19 64 38 1
19 64 39 1
19 64 52 1
19 64 53 1
19 64 65 1
19 64 69 1
19 64 84 1
19 64 100 1
19 64 101 1
19 64 102 1
19 64 117 1
19 64 118 1
19 64 119 1
19 65 33 1
19 65 36 1
19 65 49 1
19 65 52 1
19 65 53 1
19 65 68 1
19 65 84 1
19 65 85 1
19 65 97 1
19 65 100 1
19 65 101 1
19 65 112 1
19 65 117 1
19 66 34 1
19 66 37 1
19 66 53 1
19 66 85 1
19 66 101 1
19 66 112 1
19 67 51 1
19 68 52 1
19 69 34 1
19 69 37 1
19 69 50 1
19 69 82 1
19 69 98 1
19 69 119 1
19 70 35 1
19 70 38 1
19 70 50 1
19 70 51 1
19 70 67 1
19 70 82 1
19 70 83 1
19 70 98 1
19 70 99 1
19 70 102 1
19 70 114 1
19 70 119 1
19 71 0 1
19 71 1 1
19 71 7 1
19 71 16 1
19 71 17 1
19 71 18 1
19 71 21 1
19 71 22 1
19 71 23 1
19 71 33 1
19 71 34 1
19 71 35 1
19 71 39 1
19 71 50 1
19 71 51 1
19 71 66 1
19 71 69 1
19 71 70 1
19 71 82 1
19 71 83 1
19 71 97 1
19 71 98 1
19 71 99 1
19 71 100 1
19 71 103 1
19 71 112 1
19 71 113 1
19 71 118 1
19 80 0 1
19 80 6 1
19 80 7 1
19 80 16 1
19 80 17 1
19 80 21 1
19 80 22 1
19 80 23 1
19 80 32 1
19 80 33 1
19 80 36 1
19 80 37 1
19 80 38 1
19 80 39 1
19 80 52 1
19 80 53 1
19 80 69 1
19 80 81 1
19 80 82 1
19 80 84 1
19 80 99 1
19 80 100 1
19 80 101 1
19 80 102 1
19 80 117 1
19 80 118 1
19 80 119 1
19 81 33 1
19 81 34 1
19 81 35 1
19 81 49 1
19 81 52 1
19 81 53 1
19 81 68 1
19 81 84 1
19 81 85 1
19 81 101 1
19 82 34 1
19 82 53 1
19 82 85 1
19 83 34 1
19 84 37 1
19 85 37 1
19 85 50 1
19 85 82 1
19 86 37 1
19 86 38 1
19 86 50 1
19 86 51 1
19 86 54 1
19 86 67 1
19 86 82 1
19 86 83 1
19 86 98 1
19 87 0 1
19 87 1 1
19 87 7 1
19 87 16 1
19 87 17 1
19 87 18 1
19 87 22 1
19 87 23 1
19 87 33 1
19 87 34 1
19 87 35 1
19 87 38 1
19 87 39 1
19 87 50 1
19 87 51 1
19 87 66 1
19 87 82 1
19 87 83 1
19 87 85 1
19 87 86 1
19 87 97 1
19 87 98 1
19 87 99 1
19 87 100 1
19 87 112 1
19 87 113 1
19 96 0 1
19 96 7 1
19 96 16 1
19 96 17 1
19 96 20 1
19 96 22 1
19 96 23 1
19 96 32 1
19 96 33 1
19 96 35 1
19 96 37 1
19 96 38 1
19 96 39 1
19 96 49 1
19 96 50 1
19 96 52 1
19 96 55 1
19 96 69 1
19 96 70 1
19 96 71 1
19 96 84 1
19 96 86 1
19 96 87 1
19 96 97 1
19 96 98 1
19 96 99 1
19 96 100 1
19 96 101 1
19 96 102 1
19 96 112 1
19 96 117 1
19 96 118 1
19 96 119 1
19 97 23 1
19 97 33 1
19 97 34 1
19 97 35 1
19 97 38 1
19 97 49 1
19 97 51 1
19 97 53 1
19 97 54 1
19 97 69 1
19 97 84 1
19 97 85 1
19 97 99 1
19 97 101 1
19 97 102 1
19 97 119 1
19 98 34 1
19 98 37 1
19 98 49 1
19 98 52 1
19 98 66 1
19 98 69 1
19 98 85 1
19 98 100 1
19 99 34 1
19 99 37 1
19 99 51 1
19 99 101 1
19 100 34 1
19 100 37 1
19 100 52 1
19 100 98 1
19 101 34 1
19 101 37 1
19 101 51 1
19 101 54 1
19 101 66 1
19 101 69 1
19 101 82 1
19 101 99 1
19 102 16 1
19 102 33 1
19 102 37 1
19 102 38 1
19 102 49 1
19 102 50 1
19 102 52 1
19 102 54 1
19 102 66 1
19 102 82 1
19 102 83 1
19 102 97 1
19 102 98 1
19 102 100 1
19 102 112 1
19 103 0 1
19 103 7 1
19 103 16 1
19 103 17 1
19 103 20 1
19 103 22 1
19 103 23 1
19 103 32 1
19 103 33 1
19 103 34 1
19 103 38 1
19 103 39 1
19 103 48 1
19 103 51 1
19 103 53 1
19 103 54 1
19 103 64 1
19 103 65 1
19 103 66 1
19 103 80 1
19 103 81 1
19 103 83 1
19 103 97 1
19 103 98 1
19 103 99 1
19 103 100 1
19 103 101 1
19 103 102 1
19 103 112 1
19 103 113 1
19 103 114 1
19 103 119 1
19 112 0 1
19 112 4 1
19 112 5 1
19 112 6 1
19 112 16 1
19 112 17 1
19 112 20 1
19 112 21 1
19 112 23 1
19 112 32 1
19 112 33 1
19 112 35 1
19 112 36 1
19 112 38 1
19 112 39 1
19 112 50 1
19 112 55 1
19 112 69 1
19 112 70 1
19 112 71 1
19 112 80 1
19 112 84 1
19 112 86 1
19 112 87 1
19 112 101 1
19 112 102 1
19 112 117 1
19 112 118 1
19 112 119 1
19 113 0 1
19 113 17 1
19 113 32 1
19 113 33 1
19 113 34 1
19 113 35 1
19 113 37 1
19 113 49 1
19 113 50 1
19 113 51 1
19 113 52 1
19 113 54 1
19 113 66 1
19 113 69 1
19 113 81 1
19 113 84 1
19 113 85 1
19 113 86 1
19 113 97 1
19 113 100 1
19 113 101 1
19 113 102 1
19 113 114 1
19 113 117 1
19 113 119 1
19 114 34 1
19 114 37 1
19 114 38 1
19 114 49 1
19 114 52 1
19 114 66 1
19 114 67 1
19 114 82 1
19 114 85 1
19 114 112 1
19 115 33 1
19 115 34 1
19 115 37 1
19 115 38 1
19 115 49 1
19 115 54 1
19 115 66 1
19 115 67 1
19 115 68 1
19 115 69 1
19 116 33 1
19 116 34 1
19 116 37 1
19 116 38 1
19 116 49 1
19 116 54 1
19 116 66 1
19 116 67 1
19 116 68 1
19 116 69 1
19 117 33 1
19 117 34 1
19 117 37 1
19 117 51 1
19 117 54 1
19 117 68 1
19 117 69 1
19 117 82 1
19 117 85 1
19 117 119 1
19 118 7 1
19 118 22 1
19 118 34 1
19 118 36 1
19 118 37 1
19 118 38 1
19 118 39 1
19 118 49 1
19 118 51 1
19 118 52 1
19 118 53 1
19 118 54 1
19 118 66 1
19 118 69 1
19 118 81 1
19 118 82 1
19 118 83 1
19 118 86 1
19 118 97 1
19 118 98 1
19 118 99 1
19 118 102 1
19 118 112 1
19 118 114 1
19 118 117 1
19 119 1 1
19 119 3 1
19 119 7 1
19 119 16 1
19 119 18 1
19 119 20 1
19 119 22 1
19 119 23 1
19 119 32 1
19 119 33 1
19 119 35 1
19 119 36 1
19 119 38 1
19 119 39 1
19 119 48 1
19 119 53 1
19 119 64 1
19 119 65 1
19 119 66 1
19 119 80 1
19 119 81 1
19 119 83 1
19 119 87 1
19 119 97 1
19 119 98 1
19 119 112 1
19 119 113 1
19 119 114 1
34 20 0 1
34 20 1 1
34 20 4 1
34 20 16 1
34 20 17 1
34 20 19 1
34 20 32 1
34 20 48 1
34 20 49 1
34 20 64 1
34 20 117 1
34 21 1 1
34 21 5 1
34 21 16 1
34 21 22 1
34 21 33 1
34 21 37 1
34 21 48 1
34 21 64 1
34 21 80 1
34 22 16 1
34 22 32 1
34 22 33 1
34 22 48 1
34 22 64 1
34 23 16 1
34 23 32 1
34 23 33 1
34 23 48 1
34 23 64 1
34 36 0 1
34 36 1 1
34 36 4 1
34 36 7 1
34 36 16 1
34 36 17 1
34 36 20 1
34 36 23 1
34 36 32 1
34 36 33 1
34 36 35 1
34 36 37 1
34 36 38 1
34 36 39 1
34 36 48 1
34 36 49 1
34 36 52 1
34 36 55 1
34 36 64 1
34 36 65 1
34 36 68 1
34 36 71 1
34 36 80 1
34 36 82 1
34 36 83 1
34 36 84 1
34 36 85 1
34 36 86 1
34 36 97 1
34 36 98 1
34 36 99 1
34 36 100 1
34 36 101 1
34 36 102 1
34 36 103 1
34 36 112 1
34 36 113 1
34 36 114 1
34 36 115 1
34 36 116 1
34 36 117 1
34 36 118 1
34 36 119 1
34 37 0 1
34 37 2 1
34 37 5 1
34 37 16 1
34 37 17 1
34 37 32 1
34 37 33 1
34 37 39 1
34 37 48 1
34 37 49 1
34 37 64 1
34 37 65 1
34 37 66 1
34 37 80 1
34 37 81 1
34 37 96 1
34 37 100 1
34 37 114 1
34 37 115 1
34 37 116 1
34 37 117 1
34 37 118 1
34 38 0 1
34 38 1 1
34 38 2 1
34 38 3 1
34 38 6 1
34 38 16 1
34 38 17 1
34 38 19 1
34 38 22 1
34 38 32 1
34 38 33 1
34 38 39 1
34 38 48 1
34 38 49 1
34 38 64 1
34 38 65 1
34 38 66 1
34 38 70 1
34 38 80 1
34 38 81 1
34 38 96 1
34 38 100 1
34 38 114 1
34 38 115 1
34 38 116 1
34 38 117 1
34 38 118 1
34 39 1 1
34 39 2 1
34 39 16 1
34 39 19 1
34 39 32 1
34 39 33 1
34 39 48 1
34 39 49 1
34 39 64 1
34 39 66 1
34 39 80 1
34 39 81 1
34 39 96 1
34 39 117 1
34 52 5 1
34 52 16 1
34 52 17 1
34 52 20 1
34 52 32 1
34 52 33 1
34 52 36 1
34 52 51 1
34 52 64 1
34 52 65 1
34 52 68 1
34 52 80 1
34 52 81 1
34 52 84 1
34 52 101 1
34 52 118 1
34 53 1 1
34 53 3 1
34 53 4 1
34 53 5 1
34 53 6 1
34 53 7 1
34 53 16 1
34 53 17 1
34 53 21 1
34 53 32 1
34 53 33 1
34 53 48 1
34 53 49 1
34 53 51 1
34 53 55 1
34 53 64 1
34 53 65 1
34 53 66 1
34 53 80 1
34 53 81 1
34 53 96 1
34 53 97 1
34 53 112 1
34 53 114 1
34 53 115 1
34 53 116 1
34 53 117 1
34 53 118 1
34 54 1 1
34 54 2 1
34 54 4 1
34 54 5 1
34 54 6 1
34 54 7 1
34 54 16 1
34 54 17 1
34 54 19 1
34 54 22 1
34 54 32 1
34 54 33 1
34 54 48 1
34 54 49 1
34 54 55 1
34 54 64 1
34 54 65 1
34 54 66 1
34 54 67 1
34 54 70 1
34 54 80 1
34 54 81 1
34 54 96 1
34 54 97 1
34 54 100 1
34 54 112 1
34 54 115 1
34 54 116 1
34 54 117 1
34 54 118 1
34 55 0 1
34 55 2 1
34 55 3 1
34 55 5 1
34 55 6 1
34 55 16 1
34 55 17 1
34 55 19 1
34 55 20 1
34 55 32 1
34 55 33 1
34 55 39 1
34 55 48 1
34 55 49 1
34 55 64 1
34 55 66 1
34 55 80 1
34 55 81 1
34 55 87 1
34 55 96 1
34 55 117 1
34 65 0 1
34 65 1 1
34 65 2 1
34 65 3 1
34 65 4 1
34 65 16 1
34 65 17 1
34 65 19 1
34 65 49 1
34 65 55 1
34 65 64 1
34 65 70 1
34 65 71 1
34 65 86 1
34 65 87 1
34 65 101 1
34 65 103 1
34 65 118 1
34 66 1 1
34 66 2 1
34 66 3 1
34 66 4 1
34 66 7 1
34 66 18 1
34 66 19 1
34 66 20 1
34 66 22 1
34 66 23 1
34 66 37 1
34 66 38 1
34 66 39 1
34 66 53 1
34 66 54 1
34 66 55 1
34 66 67 1
34 66 68 1
34 66 69 1
34 66 70 1
34 66 71 1
34 66 82 1
34 66 85 1
34 66 86 1
34 66 87 1
34 66 98 1
34 66 101 1
34 66 103 1
34 66 112 1
34 66 113 1
34 66 114 1
34 66 115 1
34 66 118 1
34 67 51 1
34 68 52 1
34 68 67 1
34 69 3 1
34 69 4 1
34 69 6 1
34 69 7 1
34 69 16 1
34 69 19 1
34 69 20 1
34 69 21 1
34 69 22 1
34 69 33 1
34 69 48 1
34 69 49 1
34 69 64 1
34 69 65 1
34 69 66 1
34 69 71 1
34 69 96 1
34 69 97 1
34 69 112 1
34 69 115 1
34 69 116 1
34 69 118 1
34 70 1 1
34 70 3 1
34 70 4 1
34 70 5 1
34 70 6 1
34 70 7 1
34 70 16 1
34 70 17 1
34 70 18 1
34 70 20 1
34 70 21 1
34 70 22 1
34 70 32 1
34 70 33 1
34 70 48 1
34 70 49 1
34 70 64 1
34 70 65 1
34 70 66 1
34 70 67 1
34 70 69 1
34 70 71 1
34 70 80 1
34 70 81 1
34 70 96 1
34 70 97 1
34 70 112 1
34 70 114 1
34 70 116 1
34 70 117 1
34 70 118 1
34 71 0 1
34 71 1 1
34 71 2 1
34 71 4 1
34 71 5 1
34 71 6 1
34 71 16 1
34 71 17 1
34 71 19 1
34 71 21 1
34 71 32 1
34 71 39 1
34 71 48 1
34 71 49 1
34 71 55 1
34 71 64 1
34 71 65 1
34 71 66 1
34 71 70 1
34 71 80 1
34 71 81 1
34 71 87 1
34 71 96 1
34 71 114 1
34 71 115 1
34 71 117 1
34 71 118 1
34 81 1 1
34 81 3 1
34 81 4 1
34 81 5 1
34 81 16 1
34 81 18 1
34 81 80 1
34 81 82 1
34 81 97 1
34 81 103 1
34 82 2 1
34 82 3 1
34 82 4 1
34 82 5 1
34 82 6 1
34 82 16 1
34 82 19 1
34 82 20 1
34 82 21 1
34 82 32 1
34 82 39 1
34 82 50 1
34 82 55 1
34 82 70 1
34 82 71 1
34 82 80 1
34 82 86 1
34 82 87 1
34 82 114 1
34 82 118 1
34 83 1 1
34 83 3 1
34 83 4 1
34 83 6 1
34 83 7 1
34 83 16 1
34 83 18 1
34 83 19 1
34 83 20 1
34 83 21 1
34 83 22 1
34 83 33 1
34 83 35 1
34 83 39 1
34 83 48 1
34 83 51 1
34 83 54 1
34 83 55 1
34 83 64 1
34 83 70 1
34 83 71 1
34 83 85 1
34 83 86 1
34 83 96 1
34 83 102 1
34 83 103 1
34 83 112 1
34 83 118 1
34 83 119 1
34 84 3 1
34 84 4 1
34 84 5 1
34 84 6 1
34 84 7 1
34 84 19 1
34 84 20 1
34 84 21 1
34 84 22 1
34 84 23 1
34 84 32 1
34 84 35 1
34 84 36 1
34 84 38 1
34 84 48 1
34 84 49 1
34 84 55 1
34 84 65 1
34 84 71 1
34 84 80 1
34 84 81 1
34 84 86 1
34 84 96 1
34 84 97 1
34 84 112 1
34 84 113 1
34 84 116 1
34 85 1 1
34 85 3 1
34 85 4 1
34 85 5 1
34 85 6 1
34 85 7 1
34 85 16 1
34 85 17 1
34 85 18 1
34 85 19 1
34 85 20 1
34 85 21 1
34 85 22 1
34 85 23 1
34 85 32 1
34 85 33 1
34 85 35 1
34 85 36 1
34 85 38 1
34 85 39 1
34 85 48 1
34 85 49 1
34 85 53 1
34 85 64 1
34 85 65 1
34 85 66 1
34 85 80 1
34 85 81 1
34 85 83 1
34 85 84 1
34 85 86 1
34 85 96 1
34 85 97 1
34 85 98 1
34 85 101 1
34 85 112 1
34 85 113 1
34 85 114 1
34 86 3 1
34 86 4 1
34 86 5 1
34 86 6 1
34 86 7 1
34 86 16 1
34 86 17 1
34 86 19 1
34 86 20 1
34 86 21 1
34 86 22 1
34 86 32 1
34 86 33 1
34 86 36 1
34 86 39 1
34 86 48 1
34 86 49 1
34 86 64 1
34 86 65 1
34 86 66 1
34 86 67 1
34 86 70 1
34 86 80 1
34 86 81 1
34 86 96 1
34 86 97 1
34 86 112 1
34 86 115 1
34 86 118 1
34 87 0 1
34 87 3 1
34 87 4 1
34 87 5 1
34 87 6 1
34 87 16 1
34 87 17 1
34 87 20 1
34 87 21 1
34 87 32 1
34 87 39 1
34 87 48 1
34 87 64 1
34 87 65 1
34 87 71 1
34 87 80 1
34 87 96 1
34 87 103 1
34 87 114 1
34 97 1 1
34 97 2 1
34 97 3 1
34 97 4 1
34 97 18 1
34 97 103 1
34 98 1 1
34 98 2 1
34 98 3 1
34 98 4 1
34 98 5 1
34 98 6 1
34 98 7 1
34 98 16 1
34 98 18 1
34 98 19 1
34 98 20 1
34 98 21 1
34 98 22 1
34 98 32 1
34 98 33 1
34 98 36 1
34 98 39 1
34 98 48 1
34 98 55 1
34 98 70 1
34 98 71 1
34 98 87 1
34 98 96 1
34 98 97 1
34 98 100 1
34 98 103 1
34 98 114 1
34 98 117 1
34 98 118 1
34 99 1 1
34 99 3 1
34 99 4 1
34 99 6 1
34 99 7 1
34 99 16 1
34 99 18 1
34 99 19 1
34 99 20 1
34 99 21 1
34 99 22 1
34 99 23 1
34 99 32 1
34 99 33 1
34 99 35 1
34 99 36 1
34 99 49 1
34 99 50 1
34 99 51 1
34 99 52 1
34 99 53 1
34 99 55 1
34 99 70 1
34 99 71 1
34 99 80 1
34 99 83 1
34 99 86 1
34 99 87 1
34 99 96 1
34 99 97 1
34 99 98 1
34 99 100 1
34 99 101 1
34 99 102 1
34 99 103 1
34 99 112 1
34 99 115 1
34 99 118 1
34 99 119 1
34 100 3 1
34 100 4 1
34 100 6 1
34 100 7 1
34 100 16 1
34 100 19 1
34 100 20 1
34 100 21 1
34 100 22 1
34 100 33 1
34 100 36 1
34 100 39 1
34 100 48 1
34 100 52 1
34 100 65 1
34 100 71 1
34 100 81 1
34 100 84 1
34 100 96 1
34 100 97 1
34 100 112 1
34 101 1 1
34 101 3 1
34 101 4 1
34 101 6 1
34 101 7 1
34 101 18 1
34 101 19 1
34 101 20 1
34 101 21 1
34 101 22 1
34 101 23 1
34 101 35 1
34 101 39 1
34 101 48 1
34 101 49 1
34 101 51 1
34 101 52 1
34 101 53 1
34 101 54 1
34 101 55 1
34 101 64 1
34 101 65 1
34 101 66 1
34 101 69 1
34 101 81 1
34 101 85 1
34 101 96 1
34 101 97 1
34 101 98 1
34 101 99 1
34 101 100 1
34 101 102 1
34 101 103 1
34 101 112 1
34 101 113 1
34 101 114 1
34 101 117 1
34 102 0 1
34 102 1 1
34 102 3 1
34 102 4 1
34 102 5 1
34 102 6 1
34 102 7 1
34 102 16 1
34 102 17 1
34 102 18 1
34 102 19 1
34 102 20 1
34 102 21 1
34 102 22 1
34 102 23 1
34 102 32 1
34 102 33 1
34 102 36 1
34 102 38 1
34 102 39 1
34 102 48 1
34 102 49 1
34 102 53 1
34 102 64 1
34 102 65 1
34 102 66 1
34 102 70 1
34 102 80 1
34 102 81 1
34 102 86 1
34 102 96 1
34 102 97 1
34 102 98 1
34 102 100 1
34 102 101 1
34 102 112 1
34 102 113 1
34 102 118 1
34 103 0 1
34 103 2 1
34 103 3 1
34 103 4 1
34 103 5 1
34 103 6 1
34 103 17 1
34 103 20 1
34 103 21 1
34 103 23 1
34 103 32 1
34 103 48 1
34 103 51 1
34 103 64 1
34 103 65 1
34 103 80 1
34 103 83 1
34 103 87 1
34 103 96 1
34 103 102 1
34 103 113 1
34 103 114 1
34 103 119 1
34 113 1 1
34 113 2 1
34 113 3 1
34 113 4 1
34 114 1 1
34 114 2 1
34 114 3 1
34 114 4 1
34 114 5 1
34 114 6 1
34 114 7 1
34 114 16 1
34 114 19 1
34 114 22 1
34 114 32 1
34 114 55 1
34 114 71 1
34 114 87 1
34 114 103 1
34 114 115 1
34 114 117 1
34 115 1 1
34 115 3 1
34 115 4 1
34 115 5 1
34 115 6 1
34 115 7 1
34 115 16 1
34 115 18 1
34 115 19 1
34 115 20 1
34 115 22 1
34 115 23 1
34 115 32 1
34 115 35 1
34 115 39 1
34 115 48 1
34 115 50 1
34 115 51 1
34 115 53 1
34 115 54 1
34 115 65 1
34 115 71 1
34 115 80 1
34 115 87 1
34 115 96 1
34 115 99 1
34 115 103 1
34 115 113 1
34 115 114 1
34 115 116 1
34 115 117 1
34 115 118 1
34 116 0 1
34 116 1 1
34 116 3 1
34 116 4 1
34 116 5 1
34 116 6 1
34 116 7 1
34 116 16 1
34 116 17 1
34 116 18 1
34 116 20 1
34 116 21 1
34 116 22 1
34 116 23 1
34 116 32 1
34 116 35 1
34 116 38 1
34 116 39 1
34 116 50 1
34 116 51 1
34 116 53 1
34 116 54 1
34 116 55 1
34 116 64 1
34 116 70 1
34 116 80 1
34 116 84 1
34 116 87 1
34 116 96 1
34 116 97 1
34 116 100 1
34 116 103 1
34 116 113 1
34 116 114 1
34 116 115 1
34 116 118 1
34 117 0 1
34 117 1 1
34 117 3 1
34 117 4 1
34 117 5 1
34 117 6 1
34 117 17 1
34 117 18 1
34 117 20 1
34 117 21 1
34 117 23 1
34 117 35 1
34 117 38 1
34 117 39 1
34 117 48 1
34 117 51 1
34 117 53 1
34 117 54 1
34 117 64 1
34 117 65 1
34 117 80 1
34 117 96 1
34 117 98 1
34 117 101 1
34 117 113 1
34 117 114 1
34 117 116 1
34 117 118 1
34 118 0 1
34 118 2 1
34 118 3 1
34 118 4 1
34 118 5 1
34 118 6 1
34 118 17 1
34 118 20 1
34 118 21 1
34 118 32 1
34 118 39 1
34 118 48 1
34 118 65 1
34 118 80 1
34 118 96 1
34 118 117 1
34 119 0 1
34 119 2 1
34 119 3 1
34 119 4 1
34 119 5 1
34 119 6 1
34 119 17 1
34 119 20 1
34 119 23 1
34 119 32 1
34 119 48 1
34 119 65 1
34 119 80 1
34 119 83 1
34 119 87 1
34 119 96 1
34 119 113 1
34 119 117 1
35 37 48 1
35 49 1 1
35 49 2 1
35 49 3 1
35 49 5 1
35 49 87 1
35 49 103 1
35 49 115 1
35 53 0 1
35 53 1 1
35 53 3 1
35 53 4 1
35 53 5 1
35 53 6 1
35 53 7 1
35 53 16 1
35 53 17 1
35 53 21 1
35 53 32 1
35 53 33 1
35 53 34 1
35 53 37 1
35 53 48 1
35 53 49 1
35 53 51 1
35 53 54 1
35 53 55 1
35 53 64 1
35 53 65 1
35 53 66 1
35 53 69 1
35 53 80 1
35 53 81 1
35 53 96 1
35 53 97 1
35 53 112 1
35 53 114 1
35 53 115 1
35 53 116 1
35 53 117 1
35 53 118 1
35 54 2 1
35 54 4 1
35 54 5 1
35 54 6 1
35 54 55 1
35 54 80 1
35 54 96 1
35 54 116 1
35 55 2 1
35 55 5 1
35 55 80 1
35 55 96 1
35 65 1 1
35 65 2 1
35 65 3 1
35 65 4 1
35 65 5 1
35 65 19 1
35 65 39 1
35 65 54 1
35 65 55 1
35 65 64 1
35 65 70 1
35 65 71 1
35 65 86 1
35 65 87 1
35 65 103 1
35 65 114 1
35 65 117 1
35 66 0 1
35 66 1 1
35 66 2 1
35 66 3 1
35 66 4 1
35 66 7 1
35 66 17 1
35 66 18 1
35 66 19 1
35 66 20 1
35 66 22 1
35 66 23 1
35 66 37 1
35 66 38 1
35 66 39 1
35 66 50 1
35 66 54 1
35 66 55 1
35 66 64 1
35 66 65 1
35 66 69 1
35 66 70 1
35 66 71 1
35 66 82 1
35 66 86 1
35 66 87 1
35 66 102 1
35 66 103 1
35 66 113 1
35 66 114 1
35 66 115 1
35 66 116 1
35 66 119 1
35 67 0 1
35 67 1 1
35 67 2 1
35 67 3 1
35 67 4 1
35 67 6 1
35 67 17 1
35 67 18 1
35 67 19 1
35 67 20 1
35 67 21 1
35 67 23 1
35 67 38 1
35 67 39 1
35 67 48 1
35 67 51 1
35 67 64 1
35 67 65 1
35 67 66 1
35 67 68 1
35 67 69 1
35 67 70 1
35 67 71 1
35 67 83 1
35 67 86 1
35 67 87 1
35 67 96 1
35 67 102 1
35 67 113 1
35 67 115 1
35 67 116 1
35 67 119 1
35 68 7 1
35 68 16 1
35 68 19 1
35 68 21 1
35 68 22 1
35 68 32 1
35 68 33 1
35 68 36 1
35 68 52 1
35 68 64 1
35 68 65 1
35 68 66 1
35 68 67 1
35 68 69 1
35 68 70 1
35 68 80 1
35 68 81 1
35 68 84 1
35 68 97 1
35 68 103 1
35 68 112 1
35 68 118 1
35 69 0 1
35 69 1 1
35 69 3 1
35 69 4 1
35 69 6 1
35 69 7 1
35 69 16 1
35 69 17 1
35 69 18 1
35 69 19 1
35 69 20 1
35 69 21 1
35 69 22 1
35 69 32 1
35 69 33 1
35 69 34 1
35 69 48 1
35 69 49 1
35 69 64 1
35 69 65 1
35 69 66 1
35 69 71 1
35 69 80 1
35 69 81 1
35 69 85 1
35 69 96 1
35 69 97 1
35 69 112 1
35 69 115 1
35 69 116 1
35 69 117 1
35 69 118 1
35 70 1 1
35 70 3 1
35 70 4 1
35 70 5 1
35 70 6 1
35 70 7 1
35 70 18 1
35 70 20 1
35 70 21 1
35 70 22 1
35 70 32 1
35 70 48 1
35 70 49 1
35 70 64 1
35 70 65 1
35 70 66 1
35 70 71 1
35 70 80 1
35 70 81 1
35 70 96 1
35 70 97 1
35 70 112 1
35 70 114 1
35 70 117 1
35 71 2 1
35 71 4 1
35 71 5 1
35 71 6 1
35 71 32 1
35 71 48 1
35 71 55 1
35 71 64 1
35 71 65 1
35 71 80 1
35 71 81 1
35 71 96 1
35 71 114 1
35 81 1 1
35 81 3 1
35 81 4 1
35 81 5 1
35 81 18 1
35 81 80 1
35 81 103 1
35 82 0 1
35 82 1 1
35 82 2 1
35 82 3 1
35 82 4 1
35 82 5 1
35 82 6 1
35 82 16 1
35 82 17 1
35 82 18 1
35 82 19 1
35 82 20 1
35 82 21 1
35 82 32 1
35 82 39 1
35 82 50 1
35 82 55 1
35 82 70 1
35 82 71 1
35 82 80 1
35 82 81 1
35 82 83 1
35 82 86 1
35 82 87 1
35 82 98 1
35 82 103 1
35 82 114 1
35 82 118 1
35 83 0 1
35 83 1 1
35 83 2 1
35 83 3 1
35 83 4 1
35 83 6 1
35 83 7 1
35 83 16 1
35 83 17 1
35 83 18 1
35 83 19 1
35 83 20 1
35 83 21 1
35 83 22 1
35 83 33 1
35 83 36 1
35 83 39 1
35 83 48 1
35 83 54 1
35 83 55 1
35 83 64 1
35 83 70 1
35 83 71 1
35 83 81 1
35 83 86 1
35 83 87 1
35 83 96 1
35 83 102 1
35 83 103 1
35 83 115 1
35 83 118 1
35 83 119 1
35 84 0 1
35 84 1 1
35 84 3 1
35 84 4 1
35 84 5 1
35 84 6 1
35 84 7 1
35 84 17 1
35 84 18 1
35 84 19 1
35 84 20 1
35 84 21 1
35 84 22 1
35 84 23 1
35 84 32 1
35 84 36 1
35 84 38 1
35 84 48 1
35 84 49 1
35 84 55 1
35 84 64 1
35 84 65 1
35 84 71 1
35 84 80 1
35 84 81 1
35 84 86 1
35 84 96 1
35 84 97 1
35 84 103 1
35 84 112 1
35 84 113 1
35 84 116 1
35 85 1 1
35 85 2 1
35 85 3 1
35 85 4 1
35 85 5 1
35 85 6 1
35 85 7 1
35 85 18 1
35 85 19 1
35 85 20 1
35 85 21 1
35 85 22 1
35 85 23 1
35 85 32 1
35 85 39 1
35 85 48 1
35 85 53 1
35 85 64 1
35 85 65 1
35 85 80 1
35 85 81 1
35 85 84 1
35 85 86 1
35 85 87 1
35 85 96 1
35 85 98 1
35 85 101 1
35 85 113 1
35 85 114 1
35 86 1 1
35 86 2 1
35 86 3 1
35 86 4 1
35 86 5 1
35 86 6 1
35 86 7 1
35 86 18 1
35 86 19 1
35 86 20 1
35 86 21 1
35 86 22 1
35 86 32 1
35 86 36 1
35 86 39 1
35 86 48 1
35 86 49 1
35 86 64 1
35 86 65 1
35 86 66 1
35 86 70 1
35 86 80 1
35 86 81 1
35 86 87 1
35 86 96 1
35 86 97 1
35 86 112 1
35 86 114 1
35 87 3 1
35 87 4 1
35 87 5 1
35 87 6 1
35 87 20 1
35 87 32 1
35 87 64 1
35 87 80 1
35 87 96 1
35 87 103 1
35 87 114 1
35 97 1 1
35 97 2 1
35 97 3 1
35 97 5 1
35 97 18 1
35 97 103 1
35 98 1 1
35 98 2 1
35 98 3 1
35 98 4 1
35 98 5 1
35 98 6 1
35 98 7 1
35 98 16 1
35 98 18 1
35 98 19 1
35 98 20 1
35 98 21 1
35 98 22 1
35 98 32 1
35 98 36 1
35 98 39 1
35 98 48 1
35 98 55 1
35 98 70 1
35 98 71 1
35 98 87 1
35 98 96 1
35 98 97 1
35 98 100 1
35 98 103 1
35 98 114 1
35 98 117 1
35 98 118 1
35 99 0 1
35 99 1 1
35 99 3 1
35 99 4 1
35 99 6 1
35 99 7 1
35 99 16 1
35 99 17 1
35 99 18 1
35 99 19 1
35 99 20 1
35 99 21 1
35 99 22 1
35 99 23 1
35 99 32 1
35 99 33 1
35 99 36 1
35 99 50 1
35 99 51 1
35 99 52 1
35 99 53 1
35 99 55 1
35 99 64 1
35 99 70 1
35 99 71 1
35 99 80 1
35 99 83 1
35 99 86 1
35 99 87 1
35 99 96 1
35 99 97 1
35 99 98 1
35 99 100 1
35 99 101 1
35 99 102 1
35 99 103 1
35 99 115 1
35 99 118 1
35 99 119 1
35 100 1 1
35 100 3 1
35 100 4 1
35 100 6 1
35 100 7 1
35 100 16 1
35 100 18 1
35 100 19 1
35 100 20 1
35 100 21 1
35 100 22 1
35 100 36 1
35 100 39 1
35 100 48 1
35 100 52 1
35 100 64 1
35 100 65 1
35 100 71 1
35 100 81 1
35 100 84 1
35 100 87 1
35 100 96 1
35 100 97 1
35 100 103 1
35 100 112 1
35 101 0 1
35 101 1 1
35 101 2 1
35 101 3 1
35 101 4 1
35 101 5 1
35 101 6 1
35 101 7 1
35 101 17 1
35 101 18 1
35 101 19 1
35 101 20 1
35 101 21 1
35 101 22 1
35 101 23 1
35 101 32 1
35 101 36 1
35 101 39 1
35 101 48 1
35 101 49 1
35 101 52 1
35 101 53 1
35 101 55 1
35 101 64 1
35 101 65 1
35 101 66 1
35 101 80 1
35 101 81 1
35 101 85 1
35 101 96 1
35 101 97 1
35 101 98 1
35 101 99 1
35 101 100 1
35 101 102 1
35 101 103 1
35 101 112 1
35 101 113 1
35 101 114 1
35 101 117 1
35 102 1 1
35 102 2 1
35 102 3 1
35 102 4 1
35 102 5 1
35 102 6 1
35 102 7 1
35 102 18 1
35 102 19 1
35 102 20 1
35 102 21 1
35 102 22 1
35 102 23 1
35 102 32 1
35 102 36 1
35 102 38 1
35 102 39 1
35 102 48 1
35 102 49 1
35 102 53 1
35 102 64 1
35 102 65 1
35 102 66 1
35 102 80 1
35 102 81 1
35 102 86 1
35 102 96 1
35 102 97 1
35 102 98 1
35 102 100 1
35 102 101 1
35 102 103 1
35 102 112 1
35 102 113 1
35 102 114 1
35 102 118 1
35 103 2 1
35 103 3 1
35 103 5 1
35 103 6 1
35 103 20 1
35 103 23 1
35 103 32 1
35 103 48 1
35 103 64 1
35 103 65 1
35 103 80 1
35 103 87 1
35 103 96 1
35 103 102 1
35 103 113 1
35 103 114 1
35 103 119 1
35 113 1 1
35 113 2 1
35 113 3 1
35 113 5 1
35 114 1 1
35 114 2 1
35 114 3 1
35 114 4 1
35 114 5 1
35 114 6 1
35 114 7 1
35 114 16 1
35 114 19 1
35 114 22 1
35 114 32 1
35 114 55 1
35 114 71 1
35 114 87 1
35 114 103 1
35 114 115 1
35 114 117 1
35 115 1 1
35 115 2 1
35 115 3 1
35 115 4 1
35 115 5 1
35 115 6 1
35 115 7 1
35 115 16 1
35 115 18 1
35 115 19 1
35 115 22 1
35 115 23 1
35 115 32 1
35 115 39 1
35 115 48 1
35 115 50 1
35 115 53 1
35 115 65 1
35 115 71 1
35 115 80 1
35 115 87 1
35 115 96 1
35 115 99 1
35 115 103 1
35 115 113 1
35 115 114 1
35 115 116 1
35 115 117 1
35 115 118 1
35 116 0 1
35 116 1 1
35 116 2 1
35 116 3 1
35 116 4 1
35 116 5 1
35 116 6 1
35 116 16 1
35 116 17 1
35 116 20 1
35 116 21 1
35 116 23 1
35 116 32 1
35 116 39 1
35 116 50 1
35 116 53 1
35 116 55 1
35 116 64 1
35 116 70 1
35 116 80 1
35 116 87 1
35 116 96 1
35 116 100 1
35 116 103 1
35 116 113 1
35 116 114 1
35 116 115 1
35 116 118 1
35 117 0 1
35 117 1 1
35 117 2 1
35 117 3 1
35 117 4 1
35 117 5 1
35 117 6 1
35 117 17 1
35 117 20 1
35 117 23 1
35 117 39 1
35 117 48 1
35 117 53 1
35 117 64 1
35 117 65 1
35 117 80 1
35 117 96 1
35 117 98 1
35 117 101 1
35 117 113 1
35 117 114 1
35 117 116 1
35 117 118 1
35 118 2 1
35 118 3 1
35 118 4 1
35 118 5 1
35 118 6 1
35 118 20 1
35 118 32 1
35 118 48 1
35 118 65 1
35 118 80 1
35 118 96 1
35 119 2 1
35 119 3 1
35 119 5 1
35 119 6 1
35 119 20 1
35 119 23 1
35 119 32 1
35 119 48 1
35 119 65 1
35 119 80 1
35 119 87 1
35 119 96 1
35 119 113 1
51 69 0 1
51 83 0 1
51 83 1 1
51 83 17 1
51 83 18 1
51 83 64 1
51 83 103 1
51 83 115 1
51 84 0 1
51 84 2 1
51 84 5 1
51 84 17 1
51 84 32 1
51 84 36 1
51 84 80 1
51 84 81 1
51 84 87 1
51 85 2 1
51 85 87 1
51 85 114 1
51 85 117 1
51 98 114 1
51 99 115 1
51 100 2 1
51 101 117 1
