0 2 5 0
0 2 6 0
0 2 7 0
0 2 16 0
0 2 20 0
0 2 21 0
0 2 22 0
0 2 39 0
0 2 66 0
0 2 80 0
0 2 96 0
0 2 112 0
0 2 113 0
0 2 114 0
0 3 5 0
0 3 6 0
0 3 7 0
0 3 16 0
0 3 21 0
0 3 22 0
0 3 39 0
0 3 66 0
0 3 80 0
0 3 96 0
0 3 112 0
0 3 113 0
0 3 114 0
0 4 113 0
0 5 113 0
0 18 1 0
0 18 5 0
0 18 6 0
0 18 7 0
0 18 20 0
0 18 22 0
0 18 23 0
0 18 32 0
0 18 36 0
0 18 39 0
0 18 65 0
0 18 66 0
0 18 80 0
0 18 81 0
0 18 96 0
0 18 97 0
0 18 112 0
0 18 113 0
0 18 114 0
0 19 5 0
0 19 6 0
0 19 7 0
0 19 16 0
0 19 21 0
0 19 22 0
0 19 23 0
0 19 37 0
0 19 39 0
0 19 66 0
0 19 80 0
0 19 96 0
0 19 97 0
0 19 112 0
0 19 113 0
0 19 114 0
0 20 23 0
0 20 38 0
0 20 113 0
0 21 113 0
0 32 1 0
0 32 5 0
0 32 6 0
0 32 7 0
0 32 23 0
0 32 36 0
0 32 39 0
0 32 65 0
0 32 80 0
0 32 81 0
0 32 96 0
0 32 97 0
0 32 112 0
0 32 114 0
0 33 2 0
0 33 5 0
0 33 6 0
0 33 7 0
0 33 16 0
0 33 20 0
0 33 21 0
0 33 22 0
0 33 23 0
0 33 36 0
0 33 39 0
0 33 65 0
0 33 66 0
0 33 80 0
0 33 96 0
0 33 97 0
0 33 112 0
0 33 113 0
0 33 114 0
0 34 1 0
0 34 2 0
0 34 3 0
0 34 5 0
0 34 6 0
0 34 7 0
0 34 16 0
0 34 20 0
0 34 21 0
0 34 22 0
0 34 23 0
0 34 32 0
0 34 36 0
0 34 39 0
0 34 48 0
0 34 65 0
0 34 66 0
0 34 80 0
0 34 81 0
0 34 96 0
0 34 97 0
0 34 112 0
0 34 113 0
0 34 114 0
0 35 2 0
0 35 3 0
0 35 5 0
0 35 6 0
0 35 7 0
0 35 16 0
0 35 21 0
0 35 22 0
0 35 23 0
0 35 37 0
0 35 39 0
0 35 49 0
0 35 53 0
0 35 66 0
0 35 80 0
0 35 96 0
0 35 97 0
0 35 112 0
0 35 113 0
0 35 114 0
0 36 3 0
0 36 23 0
0 36 38 0
0 36 50 0
0 36 54 0
0 36 113 0
0 37 113 0
0 48 1 0
0 48 5 0
0 48 6 0
0 48 7 0
0 48 23 0
0 48 36 0
0 48 39 0
0 48 80 0
0 48 81 0
0 48 96 0
0 48 97 0
0 48 112 0
0 48 114 0
0 49 1 0
0 49 5 0
0 49 6 0
0 49 7 0
0 49 22 0
0 49 23 0
0 49 36 0
0 49 39 0
0 49 80 0
0 49 81 0
0 49 82 0
0 49 96 0
0 49 97 0
0 49 112 0
0 49 113 0
0 49 114 0
0 50 1 0
0 50 5 0
0 50 6 0
0 50 7 0
0 50 19 0
0 50 22 0
0 50 23 0
0 50 32 0
0 50 36 0
0 50 39 0
0 50 48 0
0 50 80 0
0 50 81 0
0 50 82 0
0 50 83 0
0 50 96 0
0 50 97 0
0 50 112 0
0 50 113 0
0 50 114 0
0 51 6 0
0 51 7 0
0 51 19 0
0 51 22 0
0 51 23 0
0 51 37 0
0 51 39 0
0 51 49 0
0 51 53 0
0 51 82 0
0 51 83 0
0 51 96 0
0 51 97 0
0 51 112 0
0 51 113 0
0 51 114 0
0 52 19 0
0 52 23 0
0 52 38 0
0 52 50 0
0 52 54 0
0 52 83 0
0 52 113 0
0 53 113 0
0 64 23 0
0 65 23 0
0 65 98 0
0 65 113 0
0 66 23 0
0 66 35 0
0 66 48 0
0 66 98 0
0 66 99 0
0 66 113 0
0 67 23 0
0 67 35 0
0 67 49 0
0 67 53 0
0 67 98 0
0 67 99 0
0 67 113 0
0 68 23 0
0 68 35 0
0 68 50 0
0 68 54 0
0 68 99 0
0 68 113 0
0 69 113 0
0 80 23 0
0 81 23 0
0 82 23 0
0 83 23 0
0 84 23 0
1 19 7 0
1 19 23 0
1 20 23 0
1 33 7 0
1 33 66 0
1 34 23 0
1 34 66 0
1 35 7 0
1 35 66 0
1 36 23 0
1 49 7 0
1 50 7 0
1 50 23 0
1 51 7 0
1 51 23 0
1 52 23 0
