1 4 51 1
1 6 52 1
1 6 55 1
1 32 19 1
2 4 0 1
2 4 6 1
2 4 33 1
2 4 36 1
2 4 51 1
2 4 81 1
2 4 82 1
2 4 84 1
2 4 85 1
2 4 96 1
2 4 102 1
2 4 119 1
2 5 0 1
2 5 3 1
2 5 17 1
2 5 34 1
2 5 53 1
2 5 54 1
2 5 66 1
2 5 68 1
2 5 70 1
2 5 71 1
2 5 85 1
2 5 98 1
2 5 99 1
2 5 101 1
2 5 102 1
2 5 103 1
2 5 113 1
2 5 115 1
2 5 116 1
2 5 119 1
2 6 0 1
2 6 3 1
2 6 7 1
2 6 17 1
2 6 19 1
2 6 22 1
2 6 34 1
2 6 38 1
2 6 50 1
2 6 53 1
2 6 54 1
2 6 68 1
2 6 70 1
2 6 71 1
2 6 82 1
2 6 85 1
2 6 97 1
2 6 98 1
2 6 99 1
2 6 101 1
2 6 102 1
2 6 103 1
2 6 112 1
2 6 113 1
2 6 115 1
2 6 116 1
2 6 119 1
2 7 0 1
2 7 17 1
2 7 34 1
2 7 50 1
2 7 66 1
2 7 85 1
2 7 87 1
2 7 98 1
2 7 99 1
2 7 101 1
2 7 103 1
2 7 113 1
2 7 114 1
2 7 115 1
2 7 116 1
2 7 118 1
2 7 119 1
2 21 20 1
2 22 68 1
2 23 4 1
2 23 84 1
2 23 85 1
2 23 87 1
2 32 19 1
2 32 34 1
2 39 37 1
2 39 85 1
3 5 0 1
3 5 17 1
3 5 32 1
3 5 33 1
3 5 48 1
3 5 68 1
3 5 71 1
3 5 98 1
3 5 101 1
3 5 102 1
3 5 113 1
3 5 116 1
3 5 117 1
3 5 119 1
3 6 33 1
3 6 48 1
3 6 80 1
3 6 118 1
3 7 48 1
3 17 80 1
3 17 83 1
3 21 20 1
3 22 49 1
3 22 64 1
3 22 84 1
3 22 87 1
3 23 64 1
3 32 19 1
3 32 34 1
3 39 37 1
3 39 68 1
3 39 71 1
17 4 51 1
17 4 52 1
17 5 52 1
17 6 52 1
17 6 55 1
17 64 51 1
17 64 67 1
17 80 67 1
17 96 67 1
17 96 115 1
18 4 0 1
18 4 6 1
18 4 33 1
18 4 36 1
18 4 81 1
18 4 84 1
18 4 96 1
18 4 99 1
18 4 101 1
18 4 102 1
18 4 116 1
18 4 119 1
18 5 0 1
18 5 3 1
18 5 17 1
18 5 34 1
18 5 53 1
18 5 54 1
18 5 66 1
18 5 68 1
18 5 70 1
18 5 71 1
18 5 85 1
18 5 98 1
18 5 99 1
18 5 101 1
18 5 102 1
18 5 103 1
18 5 113 1
18 5 115 1
18 5 116 1
18 5 119 1
18 6 0 1
18 6 3 1
18 6 7 1
18 6 17 1
18 6 19 1
18 6 22 1
18 6 34 1
18 6 38 1
18 6 50 1
18 6 53 1
18 6 54 1
18 6 68 1
18 6 70 1
18 6 71 1
18 6 82 1
18 6 85 1
18 6 97 1
18 6 98 1
18 6 99 1
18 6 101 1
18 6 102 1
18 6 103 1
18 6 112 1
18 6 113 1
18 6 115 1
18 6 116 1
18 6 119 1
18 7 0 1
18 7 17 1
18 7 34 1
18 7 50 1
18 7 66 1
18 7 85 1
18 7 87 1
18 7 98 1
18 7 99 1
18 7 101 1
18 7 103 1
18 7 113 1
18 7 114 1
18 7 115 1
18 7 116 1
18 7 118 1
18 7 119 1
18 20 0 1
18 20 17 1
18 20 21 1
18 20 33 1
18 20 36 1
18 20 66 1
18 20 68 1
18 20 69 1
18 20 81 1
18 20 82 1
18 20 84 1
18 20 85 1
18 20 96 1
18 20 102 1
18 20 119 1
18 21 20 1
18 22 68 1
18 23 4 1
18 23 84 1
18 23 85 1
18 23 87 1
18 32 0 1
18 32 5 1
18 32 39 1
18 32 54 1
18 32 87 1
18 32 103 1
18 39 37 1
18 39 85 1
18 49 51 1
18 49 99 1
18 64 51 1
18 64 67 1
18 80 67 1
18 96 67 1
18 96 115 1
19 17 23 1
19 17 38 1
19 21 2 1
19 21 5 1
19 21 65 1
19 21 80 1
19 22 16 1
19 22 23 1
19 22 33 1
19 22 117 1
19 23 16 1
19 23 33 1
19 32 5 1
19 32 16 1
19 32 20 1
19 32 39 1
19 32 54 1
19 32 55 1
19 32 70 1
19 32 85 1
19 32 87 1
19 32 98 1
19 32 101 1
19 32 102 1
19 32 118 1
19 32 119 1
19 33 4 1
19 33 7 1
19 33 22 1
19 33 36 1
19 33 37 1
19 33 49 1
19 33 52 1
19 33 53 1
19 33 81 1
19 33 85 1
19 33 97 1
19 33 98 1
19 33 100 1
19 33 112 1
19 33 115 1
19 38 3 1
19 38 99 1
19 39 0 1
19 39 17 1
19 39 20 1
19 39 23 1
19 39 34 1
19 39 67 1
19 39 71 1
19 39 82 1
19 39 97 1
19 39 112 1
19 39 115 1
19 39 116 1
19 39 118 1
19 39 119 1
19 48 0 1
19 48 1 1
19 48 16 1
19 48 20 1
19 48 85 1
19 48 102 1
19 48 119 1
19 49 51 1
19 49 99 1
19 54 52 1
19 54 100 1
19 55 0 1
19 55 3 1
19 55 6 1
19 55 7 1
19 55 17 1
19 55 20 1
19 55 23 1
19 55 34 1
19 55 51 1
19 55 52 1
19 55 54 1
19 55 67 1
19 55 68 1
19 55 71 1
19 55 82 1
19 55 97 1
19 55 99 1
19 55 102 1
19 55 103 1
19 55 112 1
19 55 116 1
19 55 118 1
19 55 119 1
19 64 51 1
19 64 67 1
19 71 68 1
19 80 67 1
19 87 68 1
19 96 67 1
19 96 115 1
19 103 68 1
19 103 116 1
34 3 1 1
34 3 35 1
34 3 39 1
34 3 65 1
34 3 87 1
34 3 102 1
34 3 116 1
34 3 119 1
34 4 0 1
34 4 1 1
34 4 5 1
34 4 6 1
34 4 17 1
34 4 20 1
34 4 23 1
34 4 33 1
34 4 36 1
34 4 50 1
34 4 53 1
34 4 65 1
34 4 68 1
34 4 71 1
34 4 81 1
34 4 84 1
34 4 96 1
34 4 98 1
34 4 99 1
34 4 101 1
34 4 102 1
34 4 113 1
34 4 116 1
34 4 119 1
34 5 0 1
34 5 3 1
34 5 17 1
34 5 21 1
34 5 53 1
34 5 54 1
34 5 66 1
34 5 68 1
34 5 70 1
34 5 71 1
34 5 85 1
34 5 98 1
34 5 99 1
34 5 101 1
34 5 102 1
34 5 103 1
34 5 113 1
34 5 115 1
34 5 116 1
34 5 119 1
34 6 0 1
34 6 3 1
34 6 7 1
34 6 17 1
34 6 19 1
34 6 22 1
34 6 38 1
34 6 50 1
34 6 53 1
34 6 54 1
34 6 68 1
34 6 70 1
34 6 71 1
34 6 82 1
34 6 85 1
34 6 97 1
34 6 98 1
34 6 99 1
34 6 101 1
34 6 102 1
34 6 103 1
34 6 112 1
34 6 113 1
34 6 115 1
34 6 116 1
34 6 119 1
34 7 0 1
34 7 17 1
34 7 50 1
34 7 66 1
34 7 85 1
34 7 87 1
34 7 98 1
34 7 99 1
34 7 101 1
34 7 103 1
34 7 113 1
34 7 114 1
34 7 115 1
34 7 116 1
34 7 118 1
34 7 119 1
34 20 7 1
34 20 18 1
34 20 21 1
34 20 33 1
34 20 36 1
34 20 55 1
34 20 66 1
34 20 68 1
34 20 69 1
34 20 81 1
34 20 82 1
34 20 84 1
34 20 85 1
34 20 96 1
34 20 102 1
34 20 119 1
34 21 20 1
34 22 68 1
34 23 4 1
34 23 84 1
34 23 85 1
34 23 87 1
34 39 37 1
34 39 85 1
34 48 16 1
34 48 20 1
34 48 50 1
34 48 71 1
34 48 102 1
34 48 114 1
34 48 117 1
34 48 119 1
34 53 52 1
34 64 0 1
34 64 6 1
34 64 16 1
34 64 17 1
34 64 18 1
34 64 20 1
34 64 21 1
34 64 23 1
34 64 35 1
34 64 38 1
34 64 54 1
34 64 65 1
34 64 66 1
34 64 68 1
34 64 69 1
34 64 71 1
34 64 80 1
34 64 83 1
34 64 86 1
34 64 96 1
34 64 102 1
34 64 113 1
34 64 116 1
34 64 119 1
34 65 6 1
34 65 18 1
34 65 21 1
34 65 33 1
34 65 36 1
34 65 37 1
34 65 66 1
34 65 68 1
34 65 69 1
34 65 81 1
34 65 84 1
34 65 85 1
34 65 102 1
34 65 112 1
34 65 115 1
34 65 119 1
34 80 0 1
34 80 17 1
34 80 23 1
34 80 36 1
34 80 38 1
34 80 48 1
34 80 54 1
34 80 55 1
34 80 68 1
34 80 71 1
34 80 81 1
34 80 83 1
34 80 85 1
34 80 86 1
34 80 99 1
34 80 100 1
34 80 102 1
34 80 116 1
34 80 118 1
34 80 119 1
34 81 65 1
34 83 67 1
34 96 0 1
34 96 7 1
34 96 17 1
34 96 22 1
34 96 23 1
34 96 35 1
34 96 37 1
34 96 38 1
34 96 48 1
34 96 49 1
34 96 54 1
34 96 55 1
34 96 68 1
34 96 71 1
34 96 83 1
34 96 85 1
34 96 86 1
34 96 97 1
34 96 98 1
34 96 99 1
34 96 100 1
34 96 102 1
34 96 112 1
34 96 116 1
34 96 118 1
34 96 119 1
34 97 68 1
34 112 0 1
34 112 17 1
34 112 23 1
34 112 35 1
34 112 36 1
34 112 38 1
34 112 39 1
34 112 54 1
34 112 55 1
34 112 71 1
34 112 85 1
34 112 86 1
34 112 103 1
34 112 117 1
34 112 118 1
34 112 119 1
34 113 64 1
34 113 69 1
34 113 85 1
34 113 117 1
34 114 82 1
34 114 85 1
35 21 2 1
35 21 5 1
35 22 16 1
35 22 23 1
35 22 33 1
35 22 49 1
35 22 64 1
35 22 117 1
35 23 16 1
35 23 33 1
35 23 64 1
35 33 5 1
35 33 55 1
35 33 70 1
35 33 86 1
35 33 87 1
35 37 0 1
35 37 2 1
35 37 5 1
35 37 17 1
35 37 34 1
35 37 38 1
35 37 50 1
35 37 53 1
35 37 83 1
35 37 85 1
35 37 86 1
35 37 98 1
35 37 99 1
35 37 101 1
35 37 102 1
35 37 113 1
35 37 116 1
35 37 119 1
35 38 3 1
35 38 34 1
35 38 36 1
35 38 51 1
35 38 99 1
35 39 0 1
35 39 17 1
35 39 19 1
35 39 20 1
35 39 23 1
35 39 34 1
35 39 67 1
35 39 71 1
35 39 82 1
35 39 97 1
35 39 112 1
35 39 115 1
35 39 116 1
35 39 118 1
35 39 119 1
35 48 50 1
35 48 71 1
35 48 114 1
35 48 117 1
35 49 0 1
35 49 6 1
35 49 17 1
35 49 20 1
35 49 21 1
35 49 33 1
35 49 36 1
35 49 37 1
35 49 39 1
35 49 48 1
35 49 54 1
35 49 65 1
35 49 68 1
35 49 69 1
35 49 81 1
35 49 84 1
35 49 85 1
35 49 96 1
35 49 101 1
35 49 102 1
35 49 113 1
35 49 114 1
35 49 116 1
35 49 118 1
35 49 119 1
35 53 52 1
35 54 52 1
35 54 83 1
35 54 98 1
35 54 100 1
35 54 113 1
35 55 0 1
35 55 3 1
35 55 6 1
35 55 7 1
35 55 17 1
35 55 19 1
35 55 20 1
35 55 23 1
35 55 34 1
35 55 51 1
35 55 52 1
35 55 54 1
35 55 67 1
35 55 68 1
35 55 71 1
35 55 82 1
35 55 97 1
35 55 99 1
35 55 102 1
35 55 103 1
35 55 112 1
35 55 116 1
35 55 118 1
35 55 119 1
35 64 0 1
35 64 6 1
35 64 16 1
35 64 17 1
35 64 21 1
35 64 23 1
35 64 38 1
35 64 54 1
35 64 65 1
35 64 68 1
35 64 71 1
35 64 83 1
35 64 86 1
35 64 96 1
35 64 102 1
35 64 113 1
35 64 116 1
35 64 119 1
35 65 112 1
35 65 115 1
35 70 116 1
35 70 119 1
35 71 68 1
35 71 119 1
35 80 0 1
35 80 16 1
35 80 17 1
35 80 23 1
35 80 33 1
35 80 34 1
35 80 36 1
35 80 38 1
35 80 48 1
35 80 54 1
35 80 55 1
35 80 68 1
35 80 71 1
35 80 81 1
35 80 83 1
35 80 85 1
35 80 86 1
35 80 99 1
35 80 100 1
35 80 102 1
35 80 116 1
35 80 118 1
35 80 119 1
35 81 65 1
35 83 67 1
35 84 68 1
35 87 68 1
35 96 0 1
35 96 7 1
35 96 16 1
35 96 17 1
35 96 22 1
35 96 23 1
35 96 33 1
35 96 34 1
35 96 37 1
35 96 38 1
35 96 48 1
35 96 49 1
35 96 50 1
35 96 54 1
35 96 55 1
35 96 68 1
35 96 70 1
35 96 71 1
35 96 83 1
35 96 85 1
35 96 86 1
35 96 97 1
35 96 98 1
35 96 99 1
35 96 100 1
35 96 102 1
35 96 112 1
35 96 116 1
35 96 118 1
35 96 119 1
35 97 68 1
35 103 68 1
35 103 116 1
35 112 0 1
35 112 17 1
35 112 23 1
35 112 34 1
35 112 36 1
35 112 38 1
35 112 39 1
35 112 50 1
35 112 54 1
35 112 55 1
35 112 70 1
35 112 71 1
35 112 85 1
35 112 86 1
35 112 103 1
35 112 117 1
35 112 118 1
35 112 119 1
35 113 64 1
35 113 69 1
35 113 85 1
35 113 117 1
35 114 82 1
35 114 85 1
51 3 1 1
51 3 2 1
51 3 35 1
51 3 39 1
51 3 87 1
51 4 3 1
51 4 6 1
51 4 20 1
51 4 32 1
51 4 36 1
51 4 80 1
51 17 1 1
51 17 16 1
51 17 39 1
51 17 102 1
51 17 114 1
51 17 119 1
51 18 7 1
51 18 16 1
51 18 17 1
51 18 19 1
51 18 20 1
51 18 22 1
51 18 50 1
51 18 65 1
51 18 68 1
51 18 70 1
51 18 80 1
51 18 81 1
51 18 82 1
51 18 83 1
51 18 84 1
51 18 85 1
51 18 96 1
51 18 97 1
51 18 98 1
51 18 99 1
51 18 100 1
51 18 101 1
51 18 112 1
51 18 113 1
51 18 115 1
51 18 116 1
51 18 118 1
51 19 0 1
51 19 16 1
51 19 17 1
51 19 18 1
51 19 35 1
51 19 38 1
51 19 39 1
51 19 48 1
51 19 65 1
51 19 69 1
51 19 81 1
51 19 83 1
51 19 84 1
51 19 85 1
51 19 86 1
51 19 98 1
51 19 99 1
51 19 100 1
51 19 101 1
51 19 102 1
51 19 103 1
51 19 113 1
51 19 114 1
51 19 116 1
51 19 117 1
51 19 118 1
51 19 119 1
51 20 4 1
51 20 23 1
51 20 36 1
51 20 39 1
51 20 52 1
51 20 68 1
51 20 81 1
51 20 84 1
51 20 87 1
51 20 96 1
51 20 98 1
51 20 99 1
51 20 100 1
51 20 101 1
51 20 102 1
51 20 113 1
51 20 114 1
51 20 115 1
51 20 116 1
51 20 119 1
51 21 20 1
51 21 22 1
51 21 37 1
51 21 53 1
51 21 67 1
51 21 82 1
51 21 85 1
51 21 86 1
51 21 97 1
51 21 101 1
51 21 102 1
51 21 112 1
51 21 116 1
51 22 16 1
51 22 19 1
51 22 23 1
51 22 33 1
51 22 38 1
51 22 49 1
51 22 64 1
51 22 66 1
51 22 117 1
51 23 2 1
51 23 16 1
51 23 19 1
51 23 22 1
51 23 32 1
51 23 33 1
51 23 49 1
51 23 64 1
51 23 65 1
51 23 66 1
51 23 80 1
51 23 97 1
51 23 112 1
51 23 117 1
51 33 1 1
51 33 4 1
51 33 5 1
51 33 6 1
51 33 7 1
51 33 17 1
51 33 20 1
51 33 21 1
51 33 22 1
51 33 23 1
51 33 35 1
51 33 36 1
51 33 37 1
51 33 38 1
51 33 49 1
51 33 52 1
51 33 53 1
51 33 54 1
51 33 55 1
51 33 65 1
51 33 68 1
51 33 69 1
51 33 70 1
51 33 71 1
51 33 81 1
51 33 85 1
51 33 86 1
51 33 97 1
51 33 98 1
51 33 100 1
51 33 103 1
51 33 112 1
51 33 115 1
51 37 38 1
51 37 53 1
51 37 85 1
51 37 86 1
51 37 101 1
51 37 102 1
51 37 116 1
51 38 3 1
51 38 34 1
51 38 36 1
51 38 99 1
51 39 19 1
51 39 20 1
51 39 23 1
51 39 67 1
51 39 71 1
51 39 82 1
51 39 97 1
51 39 112 1
51 39 115 1
51 39 116 1
51 39 118 1
51 39 119 1
51 48 16 1
51 48 20 1
51 48 71 1
51 48 102 1
51 48 114 1
51 48 117 1
51 48 119 1
51 49 0 1
51 49 1 1
51 49 3 1
51 49 17 1
51 49 20 1
51 49 33 1
51 49 39 1
51 49 50 1
51 49 53 1
51 49 54 1
51 49 69 1
51 49 70 1
51 49 71 1
51 49 84 1
51 49 85 1
51 49 86 1
51 49 87 1
51 49 98 1
51 49 101 1
51 49 102 1
51 49 103 1
51 49 114 1
51 49 118 1
51 49 119 1
51 53 1 1
51 53 7 1
51 53 18 1
51 53 21 1
51 53 34 1
51 53 37 1
51 53 66 1
51 53 69 1
51 53 82 1
51 53 85 1
51 53 97 1
51 53 103 1
51 53 112 1
51 54 4 1
51 54 7 1
51 54 83 1
51 54 98 1
51 54 100 1
51 54 113 1
51 55 3 1
51 55 6 1
51 55 7 1
51 55 19 1
51 55 20 1
51 55 23 1
51 55 52 1
51 55 54 1
51 55 67 1
51 55 68 1
51 55 71 1
51 55 82 1
51 55 97 1
51 55 99 1
51 55 102 1
51 55 103 1
51 55 112 1
51 55 116 1
51 55 118 1
51 55 119 1
51 64 0 1
51 64 6 1
51 64 17 1
51 64 21 1
51 64 23 1
51 64 35 1
51 64 38 1
51 64 54 1
51 64 65 1
51 64 68 1
51 64 71 1
51 64 83 1
51 64 86 1
51 64 96 1
51 64 102 1
51 64 113 1
51 64 116 1
51 64 119 1
51 65 6 1
51 65 21 1
51 65 55 1
51 65 64 1
51 65 67 1
51 65 70 1
51 69 68 1
51 70 1 1
51 70 18 1
51 70 35 1
51 70 67 1
51 70 116 1
51 70 119 1
51 71 36 1
51 71 67 1
51 71 68 1
51 71 103 1
51 71 119 1
51 80 0 1
51 80 17 1
51 80 23 1
51 80 32 1
51 80 34 1
51 80 36 1
51 80 38 1
51 80 48 1
51 80 54 1
51 80 55 1
51 80 68 1
51 80 71 1
51 80 83 1
51 80 85 1
51 80 86 1
51 80 99 1
51 80 100 1
51 80 102 1
51 80 116 1
51 80 118 1
51 80 119 1
51 81 65 1
51 81 82 1
51 81 83 1
51 81 85 1
51 83 7 1
51 83 16 1
51 83 22 1
51 83 33 1
51 83 34 1
51 83 36 1
51 83 37 1
51 83 81 1
51 83 82 1
51 83 84 1
51 83 85 1
51 83 112 1
51 83 118 1
51 84 68 1
51 86 67 1
51 86 82 1
51 86 84 1
51 86 85 1
51 86 115 1
51 87 37 1
51 87 39 1
51 87 55 1
51 87 67 1
51 87 68 1
51 87 85 1
51 87 100 1
51 87 115 1
51 96 0 1
51 96 6 1
51 96 7 1
51 96 16 1
51 96 17 1
51 96 21 1
51 96 22 1
51 96 23 1
51 96 32 1
51 96 33 1
51 96 34 1
51 96 35 1
51 96 36 1
51 96 37 1
51 96 38 1
51 96 48 1
51 96 49 1
51 96 54 1
51 96 55 1
51 96 68 1
51 96 70 1
51 96 71 1
51 96 83 1
51 96 85 1
51 96 86 1
51 96 97 1
51 96 99 1
51 96 100 1
51 96 102 1
51 96 112 1
51 96 116 1
51 96 118 1
51 96 119 1
51 97 48 1
51 97 68 1
51 98 34 1
51 98 48 1
51 98 66 1
51 98 82 1
51 99 23 1
51 99 38 1
51 99 53 1
51 99 64 1
51 99 112 1
51 100 16 1
51 100 33 1
51 100 50 1
51 100 52 1
51 100 71 1
51 100 119 1
51 101 37 1
51 101 52 1
51 101 55 1
51 101 69 1
51 101 85 1
51 102 52 1
51 102 67 1
51 102 115 1
51 103 36 1
51 103 37 1
51 103 39 1
51 103 55 1
51 103 67 1
51 103 68 1
51 103 71 1
51 103 100 1
51 103 115 1
51 112 0 1
51 112 1 1
51 112 3 1
51 112 5 1
51 112 6 1
51 112 18 1
51 112 20 1
51 112 21 1
51 112 23 1
51 112 32 1
51 112 36 1
51 112 38 1
51 112 39 1
51 112 54 1
51 112 55 1
51 112 71 1
51 112 85 1
51 112 86 1
51 112 103 1
51 112 117 1
51 112 119 1
51 113 48 1
51 113 65 1
51 113 69 1
51 113 85 1
51 113 116 1
51 113 117 1
51 114 48 1
51 114 65 1
51 114 82 1
51 114 85 1
51 114 116 1
51 114 117 1
51 115 69 1
51 115 112 1
51 115 113 1
51 116 55 1
51 116 70 1
51 116 119 1
51 117 55 1
51 117 70 1
51 117 82 1
51 117 85 1
51 117 114 1
51 117 115 1
51 117 119 1
51 118 52 1
51 118 55 1
51 118 66 1
51 118 70 1
51 118 82 1
51 118 114 1
51 118 115 1
51 118 116 1
51 119 1 1
51 119 2 1
51 119 3 1
51 119 4 1
51 119 6 1
51 119 7 1
51 119 16 1
51 119 18 1
51 119 19 1
51 119 21 1
51 119 32 1
51 119 33 1
51 119 34 1
51 119 35 1
51 119 37 1
51 119 39 1
51 119 48 1
51 119 49 1
51 119 50 1
51 119 64 1
51 119 81 1
51 119 82 1
51 119 96 1
51 119 112 1
51 119 114 1
