0 2 1 1
0 2 4 1
0 2 7 1
0 2 38 1
0 2 39 1
0 2 49 1
0 2 55 1
0 2 68 1
0 2 71 1
0 2 80 1
0 2 82 1
0 2 83 1
0 2 85 1
0 2 97 1
0 2 99 1
0 2 100 1
0 2 102 1
0 2 103 1
0 2 112 1
0 2 114 1
0 2 116 1
0 2 117 1
0 2 119 1
0 3 6 1
0 3 82 1
0 3 85 1
0 3 96 1
0 3 97 1
0 3 115 1
0 3 116 1
0 3 117 1
0 3 119 1
0 4 3 1
0 4 5 1
0 4 6 1
0 4 17 1
0 4 20 1
0 4 36 1
0 4 53 1
0 4 82 1
0 4 85 1
0 4 96 1
0 4 97 1
0 4 115 1
0 4 116 1
0 4 117 1
0 4 119 1
0 5 4 1
0 5 6 1
0 5 17 1
0 5 21 1
0 5 37 1
0 5 53 1
0 6 7 1
0 6 17 1
0 7 17 1
0 18 17 1
0 18 65 1
0 18 68 1
0 18 85 1
0 18 102 1
0 18 119 1
0 19 21 1
0 19 81 1
0 19 82 1
0 19 84 1
0 19 102 1
0 19 119 1
0 20 16 1
0 20 17 1
0 20 19 1
0 20 32 1
0 20 33 1
0 20 36 1
0 20 49 1
0 20 64 1
0 20 67 1
0 20 81 1
0 20 82 1
0 20 83 1
0 20 84 1
0 20 85 1
0 20 101 1
0 20 102 1
0 20 118 1
0 20 119 1
0 21 5 1
0 21 17 1
0 21 20 1
0 21 23 1
0 21 34 1
0 21 37 1
0 21 48 1
0 21 49 1
0 21 71 1
0 21 87 1
0 21 98 1
0 21 99 1
0 21 100 1
0 21 102 1
0 21 113 1
0 21 115 1
0 21 116 1
0 21 119 1
0 22 6 1
0 22 17 1
0 22 20 1
0 22 21 1
0 22 23 1
0 22 38 1
0 22 48 1
0 22 54 1
0 22 87 1
0 22 96 1
0 22 98 1
0 22 99 1
0 22 100 1
0 22 102 1
0 22 113 1
0 22 114 1
0 22 115 1
0 22 116 1
0 22 117 1
0 22 119 1
0 23 17 1
0 23 39 1
0 32 5 1
0 32 7 1
0 32 16 1
0 32 19 1
0 32 22 1
0 32 37 1
0 32 39 1
0 32 53 1
0 32 54 1
0 32 64 1
0 32 68 1
0 32 70 1
0 32 71 1
0 32 85 1
0 32 87 1
0 32 98 1
0 32 102 1
0 32 112 1
0 32 114 1
0 32 115 1
0 32 116 1
0 32 118 1
0 32 119 1
0 33 17 1
0 33 20 1
0 33 68 1
0 33 85 1
0 33 102 1
0 33 119 1
0 35 33 1
0 35 34 1
0 35 64 1
0 35 67 1
0 35 81 1
0 35 84 1
0 35 85 1
0 35 101 1
0 35 102 1
0 35 118 1
0 35 119 1
0 36 4 1
0 36 34 1
0 36 49 1
0 36 65 1
0 36 82 1
0 36 84 1
0 36 85 1
0 36 86 1
0 36 102 1
0 36 103 1
0 36 119 1
0 37 1 1
0 37 2 1
0 37 5 1
0 37 16 1
0 37 18 1
0 37 33 1
0 37 34 1
0 37 49 1
0 37 64 1
0 37 65 1
0 37 66 1
0 37 69 1
0 37 80 1
0 37 81 1
0 37 84 1
0 37 85 1
0 37 87 1
0 37 96 1
0 37 98 1
0 37 100 1
0 37 102 1
0 37 103 1
0 37 113 1
0 37 115 1
0 37 116 1
0 37 118 1
0 37 119 1
0 38 1 1
0 38 2 1
0 38 6 1
0 38 16 1
0 38 17 1
0 38 18 1
0 38 22 1
0 38 32 1
0 38 33 1
0 38 34 1
0 38 36 1
0 38 37 1
0 38 48 1
0 38 54 1
0 38 66 1
0 38 70 1
0 38 80 1
0 38 81 1
0 38 85 1
0 38 87 1
0 38 96 1
0 38 99 1
0 38 100 1
0 38 102 1
0 38 103 1
0 38 114 1
0 38 115 1
0 38 116 1
0 38 117 1
0 38 118 1
0 38 119 1
0 39 2 1
0 39 17 1
0 39 23 1
0 39 32 1
0 39 34 1
0 39 37 1
0 39 38 1
0 39 55 1
0 39 80 1
0 39 81 1
0 39 117 1
0 48 1 1
0 48 16 1
0 48 55 1
0 48 71 1
0 48 85 1
0 48 102 1
0 48 103 1
0 48 119 1
0 49 5 1
0 49 20 1
0 49 21 1
0 49 37 1
0 49 68 1
0 49 69 1
0 49 102 1
0 49 119 1
0 50 4 1
0 50 18 1
0 50 21 1
0 50 34 1
0 50 52 1
0 50 69 1
0 50 85 1
0 50 86 1
0 50 102 1
0 50 103 1
0 50 119 1
0 51 5 1
0 51 80 1
0 52 4 1
0 52 17 1
0 52 49 1
0 52 50 1
0 52 65 1
0 52 81 1
0 52 102 1
0 52 119 1
0 53 1 1
0 53 4 1
0 53 5 1
0 53 6 1
0 53 7 1
0 53 16 1
0 53 18 1
0 53 21 1
0 53 33 1
0 53 34 1
0 53 49 1
0 53 64 1
0 53 65 1
0 53 66 1
0 53 80 1
0 53 81 1
0 53 85 1
0 53 96 1
0 53 97 1
0 53 102 1
0 53 103 1
0 53 112 1
0 53 115 1
0 53 116 1
0 53 118 1
0 53 119 1
0 54 1 1
0 54 2 1
0 54 4 1
0 54 5 1
0 54 6 1
0 54 7 1
0 54 16 1
0 54 17 1
0 54 18 1
0 54 19 1
0 54 22 1
0 54 32 1
0 54 33 1
0 54 34 1
0 54 48 1
0 54 49 1
0 54 53 1
0 54 64 1
0 54 65 1
0 54 66 1
0 54 80 1
0 54 81 1
0 54 86 1
0 54 96 1
0 54 97 1
0 54 98 1
0 54 100 1
0 54 102 1
0 54 103 1
0 54 112 1
0 54 113 1
0 54 115 1
0 54 116 1
0 54 118 1
0 54 119 1
0 55 2 1
0 55 5 1
0 55 17 1
0 55 32 1
0 55 34 1
0 55 39 1
0 55 53 1
0 55 54 1
0 55 71 1
0 55 80 1
0 55 81 1
0 55 114 1
0 55 117 1
0 64 1 1
0 64 5 1
0 64 16 1
0 64 17 1
0 64 18 1
0 64 48 1
0 64 55 1
0 64 65 1
0 64 66 1
0 64 71 1
0 64 80 1
0 64 83 1
0 64 85 1
0 64 102 1
0 64 103 1
0 64 116 1
0 64 119 1
0 65 1 1
0 65 2 1
0 65 4 1
0 65 16 1
0 65 17 1
0 65 18 1
0 65 19 1
0 65 21 1
0 65 36 1
0 65 49 1
0 65 52 1
0 65 53 1
0 65 66 1
0 65 68 1
0 65 69 1
0 65 84 1
0 65 85 1
0 65 86 1
0 65 102 1
0 65 103 1
0 65 119 1
0 66 19 1
0 66 20 1
0 66 34 1
0 66 64 1
0 66 69 1
0 66 85 1
0 66 101 1
0 66 102 1
0 66 118 1
0 66 119 1
0 67 17 1
0 67 19 1
0 67 20 1
0 67 21 1
0 67 35 1
0 67 64 1
0 67 102 1
0 67 119 1
0 68 4 1
0 68 6 1
0 68 18 1
0 68 19 1
0 68 20 1
0 68 21 1
0 68 22 1
0 68 33 1
0 68 49 1
0 68 64 1
0 68 65 1
0 68 70 1
0 68 71 1
0 68 81 1
0 68 96 1
0 68 97 1
0 68 100 1
0 68 103 1
0 68 115 1
0 68 116 1
0 68 118 1
0 69 2 1
0 69 4 1
0 69 5 1
0 69 6 1
0 69 7 1
0 69 16 1
0 69 17 1
0 69 19 1
0 69 20 1
0 69 21 1
0 69 22 1
0 69 23 1
0 69 33 1
0 69 34 1
0 69 49 1
0 69 53 1
0 69 64 1
0 69 65 1
0 69 66 1
0 69 68 1
0 69 80 1
0 69 81 1
0 69 82 1
0 69 96 1
0 69 97 1
0 69 101 1
0 69 112 1
0 69 113 1
0 69 115 1
0 69 116 1
0 69 118 1
0 69 119 1
0 70 1 1
0 70 4 1
0 70 5 1
0 70 6 1
0 70 7 1
0 70 16 1
0 70 17 1
0 70 18 1
0 70 20 1
0 70 21 1
0 70 22 1
0 70 23 1
0 70 32 1
0 70 33 1
0 70 34 1
0 70 38 1
0 70 48 1
0 70 49 1
0 70 64 1
0 70 65 1
0 70 66 1
0 70 68 1
0 70 69 1
0 70 80 1
0 70 81 1
0 70 83 1
0 70 86 1
0 70 96 1
0 70 97 1
0 70 98 1
0 70 102 1
0 70 112 1
0 70 113 1
0 70 114 1
0 70 116 1
0 70 118 1
0 70 119 1
0 71 2 1
0 71 5 1
0 71 17 1
0 71 32 1
0 71 34 1
0 71 36 1
0 71 69 1
0 71 70 1
0 71 80 1
0 71 81 1
0 71 87 1
0 71 103 1
0 71 114 1
0 71 117 1
0 80 1 1
0 80 16 1
0 80 17 1
0 80 18 1
0 80 64 1
0 80 81 1
0 80 82 1
0 80 83 1
0 80 96 1
0 80 102 1
0 80 103 1
0 80 116 1
0 80 119 1
0 81 1 1
0 81 2 1
0 81 3 1
0 81 4 1
0 81 5 1
0 81 16 1
0 81 17 1
0 81 18 1
0 81 19 1
0 81 20 1
0 81 23 1
0 81 32 1
0 81 34 1
0 81 38 1
0 81 54 1
0 81 55 1
0 81 65 1
0 81 68 1
0 81 69 1
0 81 70 1
0 81 71 1
0 81 80 1
0 81 82 1
0 81 83 1
0 81 84 1
0 81 86 1
0 81 87 1
0 81 102 1
0 81 103 1
0 81 113 1
0 81 116 1
0 81 117 1
0 81 119 1
0 82 1 1
0 82 2 1
0 82 4 1
0 82 5 1
0 82 6 1
0 82 16 1
0 82 18 1
0 82 19 1
0 82 20 1
0 82 21 1
0 82 23 1
0 82 33 1
0 82 34 1
0 82 36 1
0 82 38 1
0 82 69 1
0 82 70 1
0 82 71 1
0 82 80 1
0 82 84 1
0 82 85 1
0 82 86 1
0 82 87 1
0 82 102 1
0 82 103 1
0 82 118 1
0 82 119 1
0 83 1 1
0 83 2 1
0 83 4 1
0 83 5 1
0 83 6 1
0 83 7 1
0 83 16 1
0 83 18 1
0 83 19 1
0 83 20 1
0 83 21 1
0 83 22 1
0 83 34 1
0 83 36 1
0 83 64 1
0 83 70 1
0 83 71 1
0 83 80 1
0 83 81 1
0 83 85 1
0 83 86 1
0 83 87 1
0 83 96 1
0 83 102 1
0 83 103 1
0 83 112 1
0 83 119 1
0 84 1 1
0 84 2 1
0 84 4 1
0 84 5 1
0 84 6 1
0 84 7 1
0 84 17 1
0 84 18 1
0 84 19 1
0 84 20 1
0 84 21 1
0 84 22 1
0 84 23 1
0 84 32 1
0 84 34 1
0 84 36 1
0 84 37 1
0 84 49 1
0 84 64 1
0 84 65 1
0 84 68 1
0 84 71 1
0 84 80 1
0 84 81 1
0 84 83 1
0 84 86 1
0 84 87 1
0 84 96 1
0 84 97 1
0 84 103 1
0 84 112 1
0 84 113 1
0 84 119 1
0 85 1 1
0 85 2 1
0 85 4 1
0 85 5 1
0 85 6 1
0 85 7 1
0 85 16 1
0 85 18 1
0 85 19 1
0 85 20 1
0 85 21 1
0 85 22 1
0 85 23 1
0 85 32 1
0 85 33 1
0 85 36 1
0 85 37 1
0 85 38 1
0 85 49 1
0 85 53 1
0 85 64 1
0 85 65 1
0 85 66 1
0 85 69 1
0 85 80 1
0 85 81 1
0 85 82 1
0 85 83 1
0 85 84 1
0 85 86 1
0 85 96 1
0 85 97 1
0 85 98 1
0 85 101 1
0 85 112 1
0 85 113 1
0 86 2 1
0 86 3 1
0 86 4 1
0 86 5 1
0 86 6 1
0 86 7 1
0 86 16 1
0 86 17 1
0 86 19 1
0 86 20 1
0 86 21 1
0 86 22 1
0 86 23 1
0 86 32 1
0 86 33 1
0 86 34 1
0 86 36 1
0 86 37 1
0 86 39 1
0 86 48 1
0 86 49 1
0 86 54 1
0 86 64 1
0 86 65 1
0 86 66 1
0 86 70 1
0 86 80 1
0 86 81 1
0 86 83 1
0 86 84 1
0 86 85 1
0 86 96 1
0 86 97 1
0 86 98 1
0 86 102 1
0 86 112 1
0 86 113 1
0 86 114 1
0 86 115 1
0 86 118 1
0 87 5 1
0 87 17 1
0 87 32 1
0 87 34 1
0 87 71 1
0 87 80 1
0 87 81 1
0 87 85 1
0 87 86 1
0 87 103 1
0 87 114 1
0 96 1 1
0 96 5 1
0 96 16 1
0 96 17 1
0 96 18 1
0 96 64 1
0 96 102 1
0 96 103 1
0 96 112 1
0 96 116 1
0 96 119 1
0 97 1 1
0 97 2 1
0 97 3 1
0 97 4 1
0 97 5 1
0 97 6 1
0 97 16 1
0 97 17 1
0 97 18 1
0 97 19 1
0 97 20 1
0 97 21 1
0 97 23 1
0 97 32 1
0 97 36 1
0 97 38 1
0 97 39 1
0 97 54 1
0 97 55 1
0 97 65 1
0 97 69 1
0 97 70 1
0 97 71 1
0 97 81 1
0 97 84 1
0 97 86 1
0 97 87 1
0 97 96 1
0 97 98 1
0 97 99 1
0 97 102 1
0 97 103 1
0 97 113 1
0 97 116 1
0 97 117 1
0 97 119 1
0 98 1 1
0 98 2 1
0 98 3 1
0 98 4 1
0 98 5 1
0 98 6 1
0 98 16 1
0 98 17 1
0 98 18 1
0 98 19 1
0 98 20 1
0 98 21 1
0 98 32 1
0 98 33 1
0 98 34 1
0 98 36 1
0 98 39 1
0 98 48 1
0 98 54 1
0 98 55 1
0 98 66 1
0 98 69 1
0 98 70 1
0 98 71 1
0 98 82 1
0 98 85 1
0 98 86 1
0 98 87 1
0 98 96 1
0 98 97 1
0 98 100 1
0 98 102 1
0 98 103 1
0 98 117 1
0 98 118 1
0 98 119 1
0 99 1 1
0 99 2 1
0 99 3 1
0 99 4 1
0 99 5 1
0 99 6 1
0 99 7 1
0 99 16 1
0 99 17 1
0 99 18 1
0 99 19 1
0 99 20 1
0 99 21 1
0 99 22 1
0 99 23 1
0 99 32 1
0 99 33 1
0 99 34 1
0 99 36 1
0 99 38 1
0 99 49 1
0 99 55 1
0 99 64 1
0 99 70 1
0 99 71 1
0 99 80 1
0 99 83 1
0 99 86 1
0 99 87 1
0 99 96 1
0 99 97 1
0 99 101 1
0 99 102 1
0 99 103 1
0 99 112 1
0 99 118 1
0 99 119 1
0 100 1 1
0 100 2 1
0 100 3 1
0 100 4 1
0 100 5 1
0 100 6 1
0 100 7 1
0 100 16 1
0 100 17 1
0 100 18 1
0 100 19 1
0 100 20 1
0 100 21 1
0 100 22 1
0 100 23 1
0 100 33 1
0 100 34 1
0 100 36 1
0 100 38 1
0 100 39 1
0 100 48 1
0 100 53 1
0 100 64 1
0 100 65 1
0 100 68 1
0 100 71 1
0 100 80 1
0 100 81 1
0 100 84 1
0 100 87 1
0 100 96 1
0 100 97 1
0 100 98 1
0 100 101 1
0 100 102 1
0 100 103 1
0 100 112 1
0 100 113 1
0 100 119 1
0 101 1 1
0 101 2 1
0 101 3 1
0 101 4 1
0 101 5 1
0 101 6 1
0 101 7 1
0 101 17 1
0 101 18 1
0 101 19 1
0 101 20 1
0 101 21 1
0 101 22 1
0 101 23 1
0 101 32 1
0 101 34 1
0 101 36 1
0 101 38 1
0 101 39 1
0 101 48 1
0 101 49 1
0 101 53 1
0 101 55 1
0 101 64 1
0 101 65 1
0 101 66 1
0 101 69 1
0 101 80 1
0 101 81 1
0 101 82 1
0 101 85 1
0 101 96 1
0 101 97 1
0 101 99 1
0 101 100 1
0 101 102 1
0 101 103 1
0 101 112 1
0 101 113 1
0 101 114 1
0 102 1 1
0 102 2 1
0 102 3 1
0 102 4 1
0 102 5 1
0 102 6 1
0 102 7 1
0 102 16 1
0 102 18 1
0 102 19 1
0 102 20 1
0 102 21 1
0 102 22 1
0 102 32 1
0 102 33 1
0 102 36 1
0 102 39 1
0 102 48 1
0 102 49 1
0 102 64 1
0 102 65 1
0 102 66 1
0 102 70 1
0 102 80 1
0 102 81 1
0 102 96 1
0 102 97 1
0 102 100 1
0 102 103 1
0 102 112 1
0 102 114 1
0 102 118 1
0 103 2 1
0 103 5 1
0 103 32 1
0 103 36 1
0 103 80 1
0 103 81 1
0 103 87 1
0 103 114 1
0 112 1 1
0 112 17 1
0 112 18 1
0 112 103 1
0 113 1 1
0 113 2 1
0 113 5 1
0 113 17 1
0 113 18 1
0 113 64 1
0 113 87 1
0 113 103 1
0 113 114 1
0 114 1 1
0 114 2 1
0 114 5 1
0 114 17 1
0 114 18 1
0 114 34 1
0 114 36 1
0 114 64 1
0 114 82 1
0 114 87 1
0 114 98 1
0 114 103 1
0 114 113 1
0 114 116 1
0 114 117 1
0 115 1 1
0 115 2 1
0 115 5 1
0 115 17 1
0 115 18 1
0 115 32 1
0 115 34 1
0 115 36 1
0 115 80 1
0 115 83 1
0 115 87 1
0 115 103 1
0 115 117 1
0 116 1 1
0 116 2 1
0 116 5 1
0 116 17 1
0 116 18 1
0 116 34 1
0 116 36 1
0 116 64 1
0 116 69 1
0 116 80 1
0 116 81 1
0 116 84 1
0 116 87 1
0 116 100 1
0 116 103 1
0 116 114 1
0 116 118 1
0 117 1 1
0 117 2 1
0 117 5 1
0 117 17 1
0 117 18 1
0 117 34 1
0 117 36 1
0 117 64 1
0 117 69 1
0 117 80 1
0 117 81 1
0 117 85 1
0 117 101 1
0 117 114 1
0 117 116 1
0 117 118 1
0 118 1 1
0 118 2 1
0 118 5 1
0 118 18 1
0 118 32 1
0 118 36 1
0 118 64 1
0 118 69 1
0 118 80 1
0 118 114 1
0 118 117 1
0 119 2 1
0 119 5 1
0 119 32 1
0 119 36 1
0 119 80 1
0 119 87 1
0 119 114 1
1 3 96 1
1 3 116 1
1 19 0 1
1 19 17 1
1 19 20 1
1 19 21 1
1 19 23 1
1 19 32 1
1 19 35 1
1 19 38 1
1 19 48 1
1 19 51 1
1 19 54 1
1 19 81 1
1 19 82 1
1 19 83 1
1 19 84 1
1 19 96 1
1 19 98 1
1 19 99 1
1 19 101 1
1 19 102 1
1 19 113 1
1 19 116 1
1 19 119 1
1 20 0 1
1 20 21 1
1 20 23 1
1 20 39 1
1 20 55 1
1 20 98 1
1 20 102 1
1 20 114 1
1 20 117 1
1 20 119 1
1 21 0 1
1 21 23 1
1 21 71 1
1 21 102 1
1 21 114 1
1 21 117 1
1 21 119 1
1 22 6 1
1 22 23 1
1 33 4 1
1 33 5 1
1 33 6 1
1 33 17 1
1 33 20 1
1 33 23 1
1 33 32 1
1 33 35 1
1 33 38 1
1 33 54 1
1 33 55 1
1 33 65 1
1 33 68 1
1 33 69 1
1 33 70 1
1 33 71 1
1 33 80 1
1 33 83 1
1 33 86 1
1 33 87 1
1 33 99 1
1 33 102 1
1 33 103 1
1 33 113 1
1 33 115 1
1 33 116 1
1 33 117 1
1 33 119 1
1 34 18 1
1 34 21 1
1 34 69 1
1 35 0 1
1 35 19 1
1 35 32 1
1 35 33 1
1 35 34 1
1 35 48 1
1 35 51 1
1 35 54 1
1 35 55 1
1 35 64 1
1 35 67 1
1 35 70 1
1 35 71 1
1 35 81 1
1 35 82 1
1 35 83 1
1 35 84 1
1 35 85 1
1 35 96 1
1 35 98 1
1 35 99 1
1 35 100 1
1 35 101 1
1 35 102 1
1 35 115 1
1 35 116 1
1 35 118 1
1 35 119 1
1 36 0 1
1 36 4 1
1 36 7 1
1 36 16 1
1 36 17 1
1 36 20 1
1 36 32 1
1 36 33 1
1 36 35 1
1 36 38 1
1 36 39 1
1 36 48 1
1 36 49 1
1 36 52 1
1 36 55 1
1 36 64 1
1 36 71 1
1 36 80 1
1 36 83 1
1 36 84 1
1 36 86 1
1 36 97 1
1 36 98 1
1 36 99 1
1 36 100 1
1 36 101 1
1 36 102 1
1 36 103 1
1 36 112 1
1 36 113 1
1 36 115 1
1 36 116 1
1 36 117 1
1 36 118 1
1 36 119 1
1 37 0 1
1 37 2 1
1 37 5 1
1 37 16 1
1 37 17 1
1 37 18 1
1 37 21 1
1 37 32 1
1 37 33 1
1 37 34 1
1 37 36 1
1 37 39 1
1 37 53 1
1 37 80 1
1 37 81 1
1 37 84 1
1 37 87 1
1 37 98 1
1 37 102 1
1 37 114 1
1 37 117 1
1 37 118 1
1 37 119 1
1 38 2 1
1 38 3 1
1 38 6 1
1 38 18 1
1 38 39 1
1 38 54 1
1 39 2 1
1 39 55 1
1 49 5 1
1 49 7 1
1 49 23 1
1 49 37 1
1 49 38 1
1 49 54 1
1 49 55 1
1 49 81 1
1 49 86 1
1 49 97 1
1 49 103 1
1 49 112 1
1 49 114 1
1 50 2 1
1 50 3 1
1 50 4 1
1 50 6 1
1 50 7 1
1 50 18 1
1 50 22 1
1 50 38 1
1 50 39 1
1 50 52 1
1 50 53 1
1 50 54 1
1 50 55 1
1 50 70 1
1 50 71 1
1 50 86 1
1 50 87 1
1 50 96 1
1 50 97 1
1 50 98 1
1 50 99 1
1 50 100 1
1 50 103 1
1 50 112 1
1 50 113 1
1 50 115 1
1 50 116 1
1 50 117 1
1 51 2 1
1 51 3 1
1 51 4 1
1 51 5 1
1 51 7 1
1 51 16 1
1 51 23 1
1 51 32 1
1 51 38 1
1 51 39 1
1 51 48 1
1 51 54 1
1 51 55 1
1 51 70 1
1 51 71 1
1 51 80 1
1 51 86 1
1 51 87 1
1 51 97 1
1 51 98 1
1 51 99 1
1 51 100 1
1 51 103 1
1 51 112 1
1 51 114 1
1 51 115 1
1 51 116 1
1 51 118 1
1 52 0 1
1 52 2 1
1 52 3 1
1 52 4 1
1 52 5 1
1 52 6 1
1 52 16 1
1 52 20 1
1 52 32 1
1 52 39 1
1 52 49 1
1 52 50 1
1 52 54 1
1 52 55 1
1 52 64 1
1 52 71 1
1 52 80 1
1 52 87 1
1 52 96 1
1 52 98 1
1 52 99 1
1 52 100 1
1 52 101 1
1 52 102 1
1 52 113 1
1 52 115 1
1 52 116 1
1 52 117 1
1 52 118 1
1 52 119 1
1 53 0 1
1 53 3 1
1 53 4 1
1 53 5 1
1 53 6 1
1 53 16 1
1 53 17 1
1 53 18 1
1 53 32 1
1 53 33 1
1 53 34 1
1 53 48 1
1 53 49 1
1 53 55 1
1 53 80 1
1 53 81 1
1 53 85 1
1 53 96 1
1 53 100 1
1 53 102 1
1 53 103 1
1 53 114 1
1 53 115 1
1 53 116 1
1 53 118 1
1 53 119 1
1 54 2 1
1 54 4 1
1 54 6 1
1 54 18 1
1 54 38 1
1 54 48 1
1 54 49 1
1 54 53 1
1 54 55 1
1 54 70 1
1 54 86 1
1 54 96 1
1 54 115 1
1 54 116 1
1 54 117 1
1 55 2 1
1 55 39 1
1 55 54 1
1 55 71 1
1 55 117 1
1 64 5 1
1 64 18 1
1 64 66 1
1 64 80 1
1 65 2 1
1 65 7 1
1 65 18 1
1 65 23 1
1 65 37 1
1 65 38 1
1 65 49 1
1 65 54 1
1 65 55 1
1 65 64 1
1 65 66 1
1 65 67 1
1 65 81 1
1 65 84 1
1 65 86 1
1 65 97 1
1 65 103 1
1 65 112 1
1 65 114 1
1 65 117 1
1 66 2 1
1 66 3 1
1 66 4 1
1 66 5 1
1 66 7 1
1 66 16 1
1 66 18 1
1 66 19 1
1 66 20 1
1 66 22 1
1 66 37 1
1 66 38 1
1 66 39 1
1 66 50 1
1 66 53 1
1 66 54 1
1 66 55 1
1 66 64 1
1 66 65 1
1 66 67 1
1 66 68 1
1 66 70 1
1 66 71 1
1 66 85 1
1 66 86 1
1 66 87 1
1 66 98 1
1 66 101 1
1 66 103 1
1 66 112 1
1 66 115 1
1 66 116 1
1 66 118 1
1 67 0 1
1 67 2 1
1 67 3 1
1 67 4 1
1 67 5 1
1 67 6 1
1 67 17 1
1 67 18 1
1 67 19 1
1 67 20 1
1 67 32 1
1 67 35 1
1 67 38 1
1 67 39 1
1 67 48 1
1 67 51 1
1 67 54 1
1 67 55 1
1 67 64 1
1 67 65 1
1 67 66 1
1 67 68 1
1 67 69 1
1 67 70 1
1 67 71 1
1 67 80 1
1 67 86 1
1 67 87 1
1 67 96 1
1 67 99 1
1 67 102 1
1 67 103 1
1 67 115 1
1 67 116 1
1 67 119 1
1 68 2 1
1 68 3 1
1 68 4 1
1 68 5 1
1 68 6 1
1 68 7 1
1 68 16 1
1 68 18 1
1 68 19 1
1 68 20 1
1 68 22 1
1 68 32 1
1 68 33 1
1 68 36 1
1 68 39 1
1 68 49 1
1 68 52 1
1 68 55 1
1 68 64 1
1 68 66 1
1 68 67 1
1 68 70 1
1 68 71 1
1 68 80 1
1 68 81 1
1 68 87 1
1 68 96 1
1 68 97 1
1 68 100 1
1 68 103 1
1 68 112 1
1 68 115 1
1 68 116 1
1 68 118 1
1 69 0 1
1 69 2 1
1 69 3 1
1 69 4 1
1 69 5 1
1 69 6 1
1 69 16 1
1 69 17 1
1 69 20 1
1 69 23 1
1 69 32 1
1 69 33 1
1 69 48 1
1 69 49 1
1 69 53 1
1 69 67 1
1 69 68 1
1 69 71 1
1 69 80 1
1 69 81 1
1 69 82 1
1 69 96 1
1 69 101 1
1 69 116 1
1 69 118 1
1 69 119 1
1 70 3 1
1 70 4 1
1 70 5 1
1 70 6 1
1 70 18 1
1 70 20 1
1 70 48 1
1 70 49 1
1 70 54 1
1 70 69 1
1 70 80 1
1 70 83 1
1 70 86 1
1 70 96 1
1 70 102 1
1 70 114 1
1 70 116 1
1 70 117 1
1 71 2 1
1 71 55 1
1 71 69 1
1 71 70 1
1 71 87 1
1 71 103 1
1 71 117 1
1 80 18 1
1 80 81 1
1 80 96 1
1 81 2 1
1 81 5 1
1 81 18 1
1 81 32 1
1 81 54 1
1 81 55 1
1 81 65 1
1 81 80 1
1 81 82 1
1 81 83 1
1 81 84 1
1 81 97 1
1 81 103 1
1 81 117 1
1 82 2 1
1 82 3 1
1 82 4 1
1 82 5 1
1 82 6 1
1 82 18 1
1 82 20 1
1 82 39 1
1 82 54 1
1 82 55 1
1 82 66 1
1 82 71 1
1 82 80 1
1 82 81 1
1 82 83 1
1 82 84 1
1 82 85 1
1 82 87 1
1 82 103 1
1 82 114 1
1 82 117 1
1 83 2 1
1 83 3 1
1 83 4 1
1 83 5 1
1 83 6 1
1 83 18 1
1 83 20 1
1 83 39 1
1 83 48 1
1 83 54 1
1 83 55 1
1 83 67 1
1 83 70 1
1 83 71 1
1 83 80 1
1 83 81 1
1 83 85 1
1 83 87 1
1 83 96 1
1 83 103 1
1 83 115 1
1 84 2 1
1 84 3 1
1 84 4 1
1 84 5 1
1 84 6 1
1 84 18 1
1 84 20 1
1 84 32 1
1 84 48 1
1 84 49 1
1 84 55 1
1 84 68 1
1 84 71 1
1 84 80 1
1 84 83 1
1 84 85 1
1 84 86 1
1 84 87 1
1 84 96 1
1 84 103 1
1 84 116 1
1 85 2 1
1 85 3 1
1 85 4 1
1 85 5 1
1 85 6 1
1 85 18 1
1 85 20 1
1 85 32 1
1 85 48 1
1 85 49 1
1 85 53 1
1 85 69 1
1 85 80 1
1 85 82 1
1 85 83 1
1 85 84 1
1 85 86 1
1 85 87 1
1 85 96 1
1 85 101 1
1 85 114 1
1 85 117 1
1 86 2 1
1 86 3 1
1 86 4 1
1 86 5 1
1 86 6 1
1 86 20 1
1 86 39 1
1 86 48 1
1 86 49 1
1 86 54 1
1 86 70 1
1 86 80 1
1 86 83 1
1 86 84 1
1 86 85 1
1 86 87 1
1 86 96 1
1 86 102 1
1 86 114 1
1 86 115 1
1 87 71 1
1 87 85 1
1 87 86 1
1 87 103 1
1 96 5 1
1 97 2 1
1 97 5 1
1 97 18 1
1 97 32 1
1 97 54 1
1 97 55 1
1 97 96 1
1 97 103 1
1 97 113 1
1 97 117 1
1 98 2 1
1 98 5 1
1 98 18 1
1 98 32 1
1 98 39 1
1 98 48 1
1 98 54 1
1 98 55 1
1 98 66 1
1 98 82 1
1 98 85 1
1 98 87 1
1 98 96 1
1 98 97 1
1 98 99 1
1 98 100 1
1 98 103 1
1 98 114 1
1 98 117 1
1 99 2 1
1 99 3 1
1 99 4 1
1 99 5 1
1 99 6 1
1 99 18 1
1 99 20 1
1 99 32 1
1 99 49 1
1 99 55 1
1 99 71 1
1 99 80 1
1 99 83 1
1 99 87 1
1 99 96 1
1 99 97 1
1 99 98 1
1 99 100 1
1 99 101 1
1 99 103 1
1 99 115 1
1 100 2 1
1 100 3 1
1 100 4 1
1 100 5 1
1 100 6 1
1 100 18 1
1 100 20 1
1 100 39 1
1 100 48 1
1 100 53 1
1 100 68 1
1 100 71 1
1 100 80 1
1 100 84 1
1 100 87 1
1 100 96 1
1 100 98 1
1 100 99 1
1 100 101 1
1 100 102 1
1 100 103 1
1 100 116 1
1 101 2 1
1 101 3 1
1 101 4 1
1 101 5 1
1 101 6 1
1 101 18 1
1 101 20 1
1 101 32 1
1 101 39 1
1 101 48 1
1 101 49 1
1 101 53 1
1 101 55 1
1 101 69 1
1 101 80 1
1 101 82 1
1 101 85 1
1 101 96 1
1 101 99 1
1 101 100 1
1 101 102 1
1 101 103 1
1 101 114 1
1 101 117 1
1 102 2 1
1 102 3 1
1 102 4 1
1 102 5 1
1 102 6 1
1 102 18 1
1 102 20 1
1 102 39 1
1 102 48 1
1 102 49 1
1 102 70 1
1 102 80 1
1 102 96 1
1 102 103 1
1 102 114 1
1 102 118 1
1 103 2 1
1 113 2 1
1 113 5 1
1 113 18 1
1 113 114 1
1 114 2 1
1 114 5 1
1 114 18 1
1 114 87 1
1 114 115 1
1 114 117 1
1 115 2 1
1 115 5 1
1 115 18 1
1 115 80 1
1 115 83 1
1 115 87 1
1 115 99 1
1 115 114 1
1 115 116 1
1 115 117 1
1 116 2 1
1 116 5 1
1 116 18 1
1 116 80 1
1 116 84 1
1 116 87 1
1 116 100 1
1 116 115 1
1 116 117 1
1 117 2 1
1 117 5 1
1 117 18 1
1 117 80 1
1 117 116 1
1 118 2 1
1 118 5 1
1 118 18 1
1 118 80 1
1 118 117 1
2 20 0 1
2 20 21 1
2 20 23 1
2 20 39 1
2 20 55 1
2 20 98 1
2 20 102 1
2 20 114 1
2 20 117 1
2 20 119 1
2 33 4 1
2 33 32 1
2 34 5 1
2 34 6 1
2 34 7 1
2 34 18 1
2 34 21 1
2 34 23 1
2 34 32 1
2 34 33 1
2 34 35 1
2 34 36 1
2 34 37 1
2 34 38 1
2 34 39 1
2 34 50 1
2 34 53 1
2 34 54 1
2 34 55 1
2 34 66 1
2 34 69 1
2 34 71 1
2 34 80 1
2 34 81 1
2 34 82 1
2 34 83 1
2 34 84 1
2 34 86 1
2 34 87 1
2 34 96 1
2 34 98 1
2 34 99 1
2 34 100 1
2 34 101 1
2 34 103 1
2 34 113 1
2 34 114 1
2 35 0 1
2 35 19 1
2 35 32 1
2 35 33 1
2 35 34 1
2 35 36 1
2 35 37 1
2 35 48 1
2 35 51 1
2 35 54 1
2 35 55 1
2 35 64 1
2 35 67 1
2 35 70 1
2 35 71 1
2 35 81 1
2 35 82 1
2 35 83 1
2 35 84 1
2 35 85 1
2 35 87 1
2 35 96 1
2 35 98 1
2 35 99 1
2 35 100 1
2 35 101 1
2 35 102 1
2 35 115 1
2 35 116 1
2 35 118 1
2 35 119 1
2 36 0 1
2 36 1 1
2 36 4 1
2 36 7 1
2 36 16 1
2 36 17 1
2 36 20 1
2 36 32 1
2 36 33 1
2 36 35 1
2 36 38 1
2 36 39 1
2 36 48 1
2 36 49 1
2 36 52 1
2 36 55 1
2 36 64 1
2 36 71 1
2 36 80 1
2 36 83 1
2 36 84 1
2 36 86 1
2 36 97 1
2 36 98 1
2 36 99 1
2 36 100 1
2 36 101 1
2 36 102 1
2 36 103 1
2 36 112 1
2 36 113 1
2 36 115 1
2 36 116 1
2 36 117 1
2 36 118 1
2 36 119 1
2 37 0 1
2 37 1 1
2 37 5 1
2 37 16 1
2 37 17 1
2 37 18 1
2 37 21 1
2 37 32 1
2 37 33 1
2 37 36 1
2 37 39 1
2 37 53 1
2 37 80 1
2 37 81 1
2 37 84 1
2 37 87 1
2 37 102 1
2 37 114 1
2 37 117 1
2 37 118 1
2 37 119 1
2 38 1 1
2 38 3 1
2 38 6 1
2 38 18 1
2 38 39 1
2 49 5 1
2 49 48 1
2 49 50 1
2 49 54 1
2 49 55 1
2 49 65 1
2 49 103 1
2 49 114 1
2 50 1 1
2 50 3 1
2 50 4 1
2 50 7 1
2 50 22 1
2 50 23 1
2 50 38 1
2 50 39 1
2 50 48 1
2 50 53 1
2 50 54 1
2 50 55 1
2 50 82 1
2 50 86 1
2 50 87 1
2 50 96 1
2 50 97 1
2 50 98 1
2 50 99 1
2 50 103 1
2 50 112 1
2 50 113 1
2 50 114 1
2 50 117 1
2 51 3 1
2 51 4 1
2 51 5 1
2 51 16 1
2 51 23 1
2 51 32 1
2 51 39 1
2 51 48 1
2 51 53 1
2 51 54 1
2 51 55 1
2 51 71 1
2 51 80 1
2 51 87 1
2 51 99 1
2 51 100 1
2 51 103 1
2 51 114 1
2 51 117 1
2 51 118 1
2 52 3 1
2 52 4 1
2 52 5 1
2 52 6 1
2 52 16 1
2 52 23 1
2 52 32 1
2 52 39 1
2 52 48 1
2 52 49 1
2 52 50 1
2 52 54 1
2 52 55 1
2 52 64 1
2 52 80 1
2 52 87 1
2 52 96 1
2 52 98 1
2 52 99 1
2 52 100 1
2 52 101 1
2 52 113 1
2 52 114 1
2 52 117 1
2 53 0 1
2 53 3 1
2 53 4 1
2 53 5 1
2 53 6 1
2 53 16 1
2 53 17 1
2 53 32 1
2 53 33 1
2 53 48 1
2 53 49 1
2 53 52 1
2 53 55 1
2 53 80 1
2 53 81 1
2 53 85 1
2 53 96 1
2 53 100 1
2 53 102 1
2 53 103 1
2 53 114 1
2 53 117 1
2 53 118 1
2 53 119 1
2 54 1 1
2 54 4 1
2 54 6 1
2 54 18 1
2 54 38 1
2 54 48 1
2 54 49 1
2 54 53 1
2 54 55 1
2 54 70 1
2 54 96 1
2 54 117 1
2 55 39 1
2 64 5 1
2 64 80 1
2 65 49 1
2 65 54 1
2 65 55 1
2 65 64 1
2 65 66 1
2 65 67 1
2 65 81 1
2 65 84 1
2 65 103 1
2 65 114 1
2 65 117 1
2 66 1 1
2 66 3 1
2 66 4 1
2 66 5 1
2 66 7 1
2 66 16 1
2 66 19 1
2 66 22 1
2 66 23 1
2 66 38 1
2 66 39 1
2 66 50 1
2 66 53 1
2 66 54 1
2 66 55 1
2 66 64 1
2 66 65 1
2 66 67 1
2 66 68 1
2 66 82 1
2 66 85 1
2 66 86 1
2 66 87 1
2 66 98 1
2 66 101 1
2 66 103 1
2 66 112 1
2 66 113 1
2 66 114 1
2 66 115 1
2 67 0 1
2 67 1 1
2 67 3 1
2 67 4 1
2 67 5 1
2 67 6 1
2 67 17 1
2 67 19 1
2 67 20 1
2 67 23 1
2 67 32 1
2 67 35 1
2 67 38 1
2 67 39 1
2 67 48 1
2 67 51 1
2 67 54 1
2 67 55 1
2 67 64 1
2 67 65 1
2 67 66 1
2 67 68 1
2 67 69 1
2 67 71 1
2 67 80 1
2 67 86 1
2 67 87 1
2 67 96 1
2 67 99 1
2 67 102 1
2 67 103 1
2 67 113 1
2 67 114 1
2 67 115 1
2 67 116 1
2 67 117 1
2 67 119 1
2 68 1 1
2 68 3 1
2 68 4 1
2 68 5 1
2 68 6 1
2 68 7 1
2 68 16 1
2 68 18 1
2 68 19 1
2 68 20 1
2 68 22 1
2 68 32 1
2 68 33 1
2 68 36 1
2 68 39 1
2 68 48 1
2 68 49 1
2 68 52 1
2 68 55 1
2 68 64 1
2 68 66 1
2 68 67 1
2 68 69 1
2 68 70 1
2 68 71 1
2 68 80 1
2 68 81 1
2 68 87 1
2 68 96 1
2 68 97 1
2 68 100 1
2 68 103 1
2 68 112 1
2 68 114 1
2 68 115 1
2 68 116 1
2 68 117 1
2 68 118 1
2 69 0 1
2 69 3 1
2 69 4 1
2 69 5 1
2 69 6 1
2 69 16 1
2 69 17 1
2 69 20 1
2 69 23 1
2 69 32 1
2 69 33 1
2 69 48 1
2 69 49 1
2 69 53 1
2 69 67 1
2 69 68 1
2 69 71 1
2 69 80 1
2 69 81 1
2 69 82 1
2 69 85 1
2 69 96 1
2 69 101 1
2 69 116 1
2 69 117 1
2 69 118 1
2 69 119 1
2 70 1 1
2 70 3 1
2 70 4 1
2 70 5 1
2 70 6 1
2 70 18 1
2 70 48 1
2 70 49 1
2 70 54 1
2 70 69 1
2 70 83 1
2 70 86 1
2 70 96 1
2 70 114 1
2 70 117 1
2 71 87 1
2 80 81 1
2 80 96 1
2 81 5 1
2 81 32 1
2 81 54 1
2 81 55 1
2 81 65 1
2 81 80 1
2 81 82 1
2 81 83 1
2 81 84 1
2 81 97 1
2 81 103 1
2 81 117 1
2 82 1 1
2 82 5 1
2 82 39 1
2 82 54 1
2 82 55 1
2 82 66 1
2 82 80 1
2 82 81 1
2 82 83 1
2 82 84 1
2 82 85 1
2 82 87 1
2 82 103 1
2 82 114 1
2 82 117 1
2 83 4 1
2 83 5 1
2 83 6 1
2 83 39 1
2 83 48 1
2 83 54 1
2 83 55 1
2 83 67 1
2 83 80 1
2 83 81 1
2 83 82 1
2 83 87 1
2 83 96 1
2 83 103 1
2 83 115 1
2 84 1 1
2 84 5 1
2 84 32 1
2 84 48 1
2 84 49 1
2 84 55 1
2 84 68 1
2 84 80 1
2 84 83 1
2 84 85 1
2 84 86 1
2 84 87 1
2 84 96 1
2 84 103 1
2 84 116 1
2 85 4 1
2 85 5 1
2 85 6 1
2 85 32 1
2 85 48 1
2 85 49 1
2 85 69 1
2 85 80 1
2 85 82 1
2 85 83 1
2 85 84 1
2 85 86 1
2 85 87 1
2 85 96 1
2 85 101 1
2 85 114 1
2 85 117 1
2 86 5 1
2 86 39 1
2 86 48 1
2 86 49 1
2 86 54 1
2 86 70 1
2 86 83 1
2 86 84 1
2 86 85 1
2 86 87 1
2 86 96 1
2 86 102 1
2 86 114 1
2 87 86 1
2 87 103 1
2 96 5 1
2 97 5 1
2 97 32 1
2 97 54 1
2 97 55 1
2 97 96 1
2 97 103 1
2 97 113 1
2 97 117 1
2 98 1 1
2 98 5 1
2 98 32 1
2 98 39 1
2 98 48 1
2 98 54 1
2 98 55 1
2 98 66 1
2 98 82 1
2 98 85 1
2 98 87 1
2 98 96 1
2 98 97 1
2 98 99 1
2 98 100 1
2 98 103 1
2 98 114 1
2 98 117 1
2 99 1 1
2 99 4 1
2 99 5 1
2 99 6 1
2 99 32 1
2 99 55 1
2 99 80 1
2 99 83 1
2 99 87 1
2 99 96 1
2 99 97 1
2 99 98 1
2 99 100 1
2 99 101 1
2 99 103 1
2 99 115 1
2 100 1 1
2 100 4 1
2 100 5 1
2 100 6 1
2 100 39 1
2 100 48 1
2 100 80 1
2 100 84 1
2 100 87 1
2 100 96 1
2 100 98 1
2 100 99 1
2 100 101 1
2 100 102 1
2 100 103 1
2 100 116 1
2 101 4 1
2 101 5 1
2 101 6 1
2 101 32 1
2 101 39 1
2 101 48 1
2 101 49 1
2 101 55 1
2 101 69 1
2 101 80 1
2 101 82 1
2 101 85 1
2 101 96 1
2 101 99 1
2 101 100 1
2 101 102 1
2 101 103 1
2 101 114 1
2 101 117 1
2 102 5 1
2 102 39 1
2 102 48 1
2 102 49 1
2 102 96 1
2 102 103 1
2 102 114 1
2 102 118 1
2 113 5 1
2 113 114 1
2 114 5 1
2 114 87 1
2 114 115 1
2 115 5 1
2 115 80 1
2 115 83 1
2 115 87 1
2 115 99 1
2 115 114 1
2 115 116 1
2 116 5 1
2 116 80 1
2 116 84 1
2 116 87 1
2 116 100 1
2 116 115 1
2 116 117 1
2 117 5 1
2 117 80 1
2 117 116 1
2 118 5 1
2 118 117 1
3 33 4 1
3 33 32 1
3 34 2 1
3 34 5 1
3 34 6 1
3 34 7 1
3 34 18 1
3 34 21 1
3 34 22 1
3 34 23 1
3 34 32 1
3 34 33 1
3 34 35 1
3 34 38 1
3 34 39 1
3 34 50 1
3 34 80 1
3 34 83 1
3 34 86 1
3 34 87 1
3 34 97 1
3 34 112 1
3 34 113 1
3 34 114 1
3 34 117 1
3 35 0 1
3 35 6 1
3 35 19 1
3 35 32 1
3 35 33 1
3 35 34 1
3 35 36 1
3 35 37 1
3 35 38 1
3 35 39 1
3 35 48 1
3 35 51 1
3 35 54 1
3 35 55 1
3 35 64 1
3 35 67 1
3 35 70 1
3 35 71 1
3 35 81 1
3 35 82 1
3 35 83 1
3 35 84 1
3 35 85 1
3 35 87 1
3 35 96 1
3 35 98 1
3 35 99 1
3 35 100 1
3 35 101 1
3 35 102 1
3 35 112 1
3 35 114 1
3 35 115 1
3 35 116 1
3 35 118 1
3 35 119 1
3 36 0 1
3 36 1 1
3 36 4 1
3 36 7 1
3 36 16 1
3 36 17 1
3 36 20 1
3 36 32 1
3 36 33 1
3 36 35 1
3 36 37 1
3 36 38 1
3 36 39 1
3 36 48 1
3 36 49 1
3 36 52 1
3 36 55 1
3 36 64 1
3 36 71 1
3 36 80 1
3 36 83 1
3 36 84 1
3 36 86 1
3 36 97 1
3 36 98 1
3 36 99 1
3 36 100 1
3 36 101 1
3 36 102 1
3 36 103 1
3 36 112 1
3 36 113 1
3 36 115 1
3 36 116 1
3 36 117 1
3 36 118 1
3 36 119 1
3 37 0 1
3 37 1 1
3 37 2 1
3 37 5 1
3 37 16 1
3 37 17 1
3 37 18 1
3 37 21 1
3 37 32 1
3 37 33 1
3 37 36 1
3 37 39 1
3 37 53 1
3 37 80 1
3 37 81 1
3 37 84 1
3 37 87 1
3 37 102 1
3 37 114 1
3 37 117 1
3 37 118 1
3 37 119 1
3 38 39 1
3 48 32 1
3 49 5 1
3 49 48 1
3 49 50 1
3 49 54 1
3 49 55 1
3 49 65 1
3 49 103 1
3 49 114 1
3 50 1 1
3 50 2 1
3 50 4 1
3 50 7 1
3 50 22 1
3 50 23 1
3 50 38 1
3 50 39 1
3 50 48 1
3 50 54 1
3 50 55 1
3 50 82 1
3 50 86 1
3 50 87 1
3 50 96 1
3 50 97 1
3 50 99 1
3 50 103 1
3 50 112 1
3 50 113 1
3 50 114 1
3 50 117 1
3 51 2 1
3 51 4 1
3 51 5 1
3 51 16 1
3 51 23 1
3 51 32 1
3 51 39 1
3 51 48 1
3 51 53 1
3 51 54 1
3 51 55 1
3 51 71 1
3 51 80 1
3 51 87 1
3 51 99 1
3 51 100 1
3 51 103 1
3 51 114 1
3 51 117 1
3 51 118 1
3 52 2 1
3 52 4 1
3 52 5 1
3 52 16 1
3 52 23 1
3 52 32 1
3 52 39 1
3 52 48 1
3 52 49 1
3 52 50 1
3 52 55 1
3 52 64 1
3 52 80 1
3 52 87 1
3 52 96 1
3 52 99 1
3 52 100 1
3 52 113 1
3 52 114 1
3 52 117 1
3 53 0 1
3 53 4 1
3 53 5 1
3 53 6 1
3 53 16 1
3 53 17 1
3 53 32 1
3 53 33 1
3 53 48 1
3 53 49 1
3 53 52 1
3 53 55 1
3 53 80 1
3 53 81 1
3 53 85 1
3 53 96 1
3 53 100 1
3 53 102 1
3 53 103 1
3 53 114 1
3 53 117 1
3 53 118 1
3 53 119 1
3 54 2 1
3 54 38 1
3 54 48 1
3 54 49 1
3 54 53 1
3 54 55 1
3 54 70 1
3 54 96 1
3 54 117 1
3 55 39 1
3 64 5 1
3 64 80 1
3 65 2 1
3 65 49 1
3 65 54 1
3 65 55 1
3 65 64 1
3 65 66 1
3 65 81 1
3 65 84 1
3 65 103 1
3 65 114 1
3 65 117 1
3 66 1 1
3 66 2 1
3 66 4 1
3 66 5 1
3 66 7 1
3 66 16 1
3 66 19 1
3 66 22 1
3 66 23 1
3 66 38 1
3 66 39 1
3 66 50 1
3 66 54 1
3 66 55 1
3 66 64 1
3 66 65 1
3 66 67 1
3 66 68 1
3 66 82 1
3 66 85 1
3 66 86 1
3 66 87 1
3 66 98 1
3 66 103 1
3 66 112 1
3 66 113 1
3 66 114 1
3 66 115 1
3 67 0 1
3 67 1 1
3 67 2 1
3 67 4 1
3 67 5 1
3 67 6 1
3 67 17 1
3 67 19 1
3 67 20 1
3 67 23 1
3 67 32 1
3 67 35 1
3 67 38 1
3 67 39 1
3 67 48 1
3 67 51 1
3 67 54 1
3 67 55 1
3 67 64 1
3 67 65 1
3 67 66 1
3 67 68 1
3 67 69 1
3 67 71 1
3 67 80 1
3 67 83 1
3 67 86 1
3 67 87 1
3 67 96 1
3 67 99 1
3 67 102 1
3 67 103 1
3 67 113 1
3 67 114 1
3 67 115 1
3 67 116 1
3 67 117 1
3 67 119 1
3 68 1 1
3 68 2 1
3 68 4 1
3 68 5 1
3 68 6 1
3 68 7 1
3 68 16 1
3 68 19 1
3 68 20 1
3 68 22 1
3 68 32 1
3 68 33 1
3 68 36 1
3 68 39 1
3 68 48 1
3 68 49 1
3 68 52 1
3 68 55 1
3 68 64 1
3 68 66 1
3 68 67 1
3 68 69 1
3 68 70 1
3 68 71 1
3 68 80 1
3 68 81 1
3 68 84 1
3 68 87 1
3 68 96 1
3 68 97 1
3 68 100 1
3 68 103 1
3 68 112 1
3 68 114 1
3 68 115 1
3 68 116 1
3 68 117 1
3 68 118 1
3 69 0 1
3 69 2 1
3 69 4 1
3 69 5 1
3 69 6 1
3 69 16 1
3 69 17 1
3 69 20 1
3 69 23 1
3 69 32 1
3 69 33 1
3 69 48 1
3 69 49 1
3 69 53 1
3 69 67 1
3 69 68 1
3 69 70 1
3 69 71 1
3 69 80 1
3 69 81 1
3 69 82 1
3 69 85 1
3 69 96 1
3 69 101 1
3 69 116 1
3 69 117 1
3 69 118 1
3 69 119 1
3 70 5 1
3 70 48 1
3 70 49 1
3 70 54 1
3 70 69 1
3 70 71 1
3 70 83 1
3 70 86 1
3 70 96 1
3 70 114 1
3 70 117 1
3 71 2 1
3 71 87 1
3 80 81 1
3 80 96 1
3 81 2 1
3 81 5 1
3 81 32 1
3 81 54 1
3 81 55 1
3 81 65 1
3 81 80 1
3 81 82 1
3 81 83 1
3 81 84 1
3 81 97 1
3 81 103 1
3 81 117 1
3 82 1 1
3 82 2 1
3 82 5 1
3 82 39 1
3 82 54 1
3 82 55 1
3 82 66 1
3 82 80 1
3 82 81 1
3 82 83 1
3 82 84 1
3 82 85 1
3 82 87 1
3 82 98 1
3 82 103 1
3 82 114 1
3 82 117 1
3 83 2 1
3 83 5 1
3 83 6 1
3 83 39 1
3 83 48 1
3 83 54 1
3 83 55 1
3 83 67 1
3 83 80 1
3 83 81 1
3 83 82 1
3 83 84 1
3 83 87 1
3 83 96 1
3 83 103 1
3 83 115 1
3 84 1 1
3 84 2 1
3 84 5 1
3 84 32 1
3 84 48 1
3 84 49 1
3 84 55 1
3 84 68 1
3 84 80 1
3 84 83 1
3 84 85 1
3 84 86 1
3 84 87 1
3 84 96 1
3 84 103 1
3 84 116 1
3 85 2 1
3 85 5 1
3 85 6 1
3 85 32 1
3 85 48 1
3 85 49 1
3 85 69 1
3 85 80 1
3 85 82 1
3 85 83 1
3 85 84 1
3 85 86 1
3 85 87 1
3 85 96 1
3 85 101 1
3 85 114 1
3 85 117 1
3 86 2 1
3 86 5 1
3 86 39 1
3 86 48 1
3 86 49 1
3 86 70 1
3 86 83 1
3 86 84 1
3 86 85 1
3 86 87 1
3 86 96 1
3 86 102 1
3 86 114 1
3 87 86 1
3 87 103 1
3 96 5 1
3 97 2 1
3 97 5 1
3 97 32 1
3 97 54 1
3 97 55 1
3 97 96 1
3 97 103 1
3 97 113 1
3 97 117 1
3 98 1 1
3 98 2 1
3 98 5 1
3 98 32 1
3 98 39 1
3 98 48 1
3 98 54 1
3 98 55 1
3 98 66 1
3 98 82 1
3 98 85 1
3 98 87 1
3 98 96 1
3 98 97 1
3 98 99 1
3 98 100 1
3 98 103 1
3 98 114 1
3 98 117 1
3 99 1 1
3 99 2 1
3 99 5 1
3 99 6 1
3 99 32 1
3 99 55 1
3 99 80 1
3 99 83 1
3 99 87 1
3 99 96 1
3 99 97 1
3 99 98 1
3 99 100 1
3 99 101 1
3 99 103 1
3 99 115 1
3 100 1 1
3 100 2 1
3 100 5 1
3 100 6 1
3 100 39 1
3 100 48 1
3 100 80 1
3 100 84 1
3 100 87 1
3 100 96 1
3 100 98 1
3 100 99 1
3 100 101 1
3 100 102 1
3 100 103 1
3 100 116 1
3 101 2 1
3 101 5 1
3 101 6 1
3 101 32 1
3 101 39 1
3 101 48 1
3 101 49 1
3 101 55 1
3 101 69 1
3 101 80 1
3 101 82 1
3 101 85 1
3 101 96 1
3 101 99 1
3 101 100 1
3 101 102 1
3 101 103 1
3 101 114 1
3 101 117 1
3 102 2 1
3 102 5 1
3 102 39 1
3 102 48 1
3 102 49 1
3 102 96 1
3 102 103 1
3 102 114 1
3 102 118 1
3 103 2 1
3 113 2 1
3 113 5 1
3 113 114 1
3 114 2 1
3 114 5 1
3 114 87 1
3 114 115 1
3 115 2 1
3 115 5 1
3 115 80 1
3 115 83 1
3 115 87 1
3 115 99 1
3 115 114 1
3 115 116 1
3 116 2 1
3 116 5 1
3 116 80 1
3 116 84 1
3 116 87 1
3 116 100 1
3 116 115 1
3 116 117 1
3 117 2 1
3 117 5 1
3 117 80 1
3 117 116 1
3 118 2 1
3 118 5 1
3 118 117 1
17 19 7 1
17 19 112 1
17 35 3 1
17 35 6 1
17 35 7 1
17 35 16 1
17 35 19 1
17 35 22 1
17 35 23 1
17 35 32 1
17 35 33 1
17 35 36 1
17 35 37 1
17 35 38 1
17 35 39 1
17 35 48 1
17 35 51 1
17 35 54 1
17 35 55 1
17 35 64 1
17 35 67 1
17 35 70 1
17 35 71 1
17 35 83 1
17 35 87 1
17 35 96 1
17 35 97 1
17 35 98 1
17 35 99 1
17 35 100 1
17 35 101 1
17 35 112 1
17 35 114 1
17 35 115 1
17 35 116 1
17 35 117 1
17 35 118 1
17 36 20 1
17 36 37 1
17 36 39 1
17 36 52 1
17 36 55 1
17 36 114 1
17 36 117 1
17 37 39 1
17 49 7 1
17 49 37 1
17 49 112 1
17 50 1 1
17 50 2 1
17 50 3 1
17 50 4 1
17 50 6 1
17 50 7 1
17 50 18 1
17 50 22 1
17 50 38 1
17 50 39 1
17 50 48 1
17 50 49 1
17 50 51 1
17 50 52 1
17 50 53 1
17 50 54 1
17 50 55 1
17 50 66 1
17 50 70 1
17 50 71 1
17 50 82 1
17 50 86 1
17 50 87 1
17 50 96 1
17 50 97 1
17 50 98 1
17 50 99 1
17 50 100 1
17 50 103 1
17 50 112 1
17 50 113 1
17 50 114 1
17 50 115 1
17 50 116 1
17 50 117 1
17 51 0 1
17 51 1 1
17 51 2 1
17 51 3 1
17 51 5 1
17 51 7 1
17 51 16 1
17 51 23 1
17 51 32 1
17 51 38 1
17 51 39 1
17 51 48 1
17 51 80 1
17 51 87 1
17 51 98 1
17 51 112 1
17 51 113 1
17 51 114 1
17 51 117 1
17 52 32 1
17 52 36 1
17 52 39 1
17 52 48 1
17 52 53 1
17 52 54 1
17 52 68 1
17 52 99 1
17 52 114 1
17 52 117 1
17 53 3 1
17 53 54 1
17 53 55 1
17 54 55 1
17 65 81 1
17 66 39 1
17 66 65 1
17 66 67 1
17 66 82 1
17 66 114 1
17 67 3 1
17 67 32 1
17 67 39 1
17 67 54 1
17 67 55 1
17 67 66 1
17 67 68 1
17 67 83 1
17 67 99 1
17 67 114 1
17 67 117 1
17 68 3 1
17 68 39 1
17 68 48 1
17 68 52 1
17 68 55 1
17 68 67 1
17 68 69 1
17 68 84 1
17 68 100 1
17 68 114 1
17 68 117 1
17 69 117 1
17 70 71 1
17 82 114 1
17 83 99 1
17 85 117 1
17 86 87 1
17 98 114 1
17 99 115 1
17 100 116 1
17 101 117 1
18 50 113 1
18 51 23 1
18 51 48 1
18 51 114 1
18 52 53 1
18 52 117 1
18 66 82 1
18 67 83 1
18 68 69 1
18 68 84 1
19 67 83 1
19 68 69 1
19 68 84 1
