1 4 6 1
1 4 23 1
1 4 39 1
1 4 53 1
1 4 81 1
1 4 85 1
1 4 96 1
1 4 99 1
1 5 3 1
1 5 34 1
1 5 51 1
1 5 53 1
1 5 71 1
1 5 85 1
1 5 99 1
1 6 3 1
1 6 34 1
1 6 53 1
1 6 71 1
1 6 83 1
1 6 85 1
1 6 99 1
1 7 34 1
1 7 36 1
1 7 39 1
1 7 83 1
1 7 85 1
1 7 99 1
1 22 20 1
1 22 68 1
1 22 71 1
1 23 20 1
1 23 52 1
1 23 71 1
1 39 68 1
2 5 21 1
2 5 33 1
2 5 48 1
2 5 81 1
2 6 5 1
2 6 33 1
2 6 48 1
2 6 65 1
2 6 80 1
2 6 84 1
2 6 87 1
2 6 114 1
2 7 48 1
2 7 65 1
2 7 80 1
2 7 81 1
2 7 96 1
2 21 67 1
2 21 70 1
2 21 82 1
2 21 83 1
2 21 97 1
2 21 98 1
2 21 112 1
2 21 113 1
2 22 0 1
2 22 1 1
2 22 6 1
2 22 17 1
2 22 18 1
2 22 19 1
2 22 21 1
2 22 23 1
2 22 34 1
2 22 35 1
2 22 38 1
2 22 50 1
2 22 51 1
2 22 54 1
2 22 65 1
2 22 66 1
2 22 69 1
2 22 70 1
2 22 80 1
2 22 83 1
2 22 85 1
2 22 86 1
2 22 98 1
2 22 99 1
2 22 101 1
2 22 102 1
2 22 103 1
2 22 113 1
2 22 116 1
2 22 119 1
2 23 0 1
2 23 1 1
2 23 7 1
2 23 17 1
2 23 18 1
2 23 34 1
2 23 50 1
2 23 51 1
2 23 65 1
2 23 66 1
2 23 80 1
2 23 82 1
2 23 97 1
2 23 101 1
2 23 102 1
2 23 103 1
2 23 112 1
2 23 114 1
2 23 115 1
2 23 116 1
2 23 117 1
2 23 118 1
2 23 119 1
2 33 35 1
2 33 80 1
2 33 83 1
2 39 103 1
3 16 71 1
3 17 39 1
3 17 54 1
3 17 113 1
3 17 114 1
3 17 117 1
3 21 67 1
3 21 70 1
3 21 82 1
3 21 83 1
3 21 97 1
3 21 98 1
3 21 112 1
3 21 113 1
3 22 2 1
3 22 6 1
3 22 32 1
3 22 65 1
3 22 80 1
3 22 114 1
3 22 117 1
3 22 118 1
3 23 118 1
3 33 35 1
3 33 80 1
3 33 83 1
3 38 36 1
3 38 84 1
3 38 87 1
17 3 39 1
17 3 80 1
17 3 86 1
17 3 87 1
17 3 99 1
17 3 101 1
17 3 114 1
17 3 116 1
17 4 6 1
17 4 23 1
17 4 39 1
17 4 53 1
17 4 81 1
17 4 85 1
17 4 96 1
17 4 99 1
17 5 3 1
17 5 34 1
17 5 51 1
17 5 53 1
17 5 71 1
17 5 85 1
17 5 99 1
17 6 3 1
17 6 34 1
17 6 53 1
17 6 71 1
17 6 83 1
17 6 85 1
17 6 99 1
17 7 34 1
17 7 36 1
17 7 39 1
17 7 83 1
17 7 85 1
17 7 99 1
17 22 20 1
17 22 68 1
17 22 71 1
17 22 85 1
17 23 4 1
17 23 20 1
17 23 52 1
17 23 71 1
17 23 85 1
17 39 68 1
17 39 85 1
17 48 5 1
17 48 39 1
17 48 54 1
17 48 114 1
17 48 117 1
17 55 68 1
17 64 6 1
17 64 21 1
17 64 54 1
17 64 83 1
17 64 85 1
17 64 96 1
17 64 113 1
17 64 114 1
17 70 68 1
17 71 68 1
17 80 34 1
17 80 48 1
17 80 51 1
17 80 54 1
17 80 83 1
17 80 85 1
17 80 116 1
17 87 68 1
17 96 34 1
17 96 48 1
17 96 53 1
17 96 54 1
17 96 83 1
17 96 85 1
17 96 116 1
17 97 65 1
17 97 68 1
17 97 116 1
17 100 68 1
17 112 34 1
17 112 53 1
17 112 54 1
17 112 66 1
17 112 85 1
17 112 114 1
17 113 64 1
17 113 65 1
17 113 67 1
17 113 116 1
17 114 68 1
17 118 68 1
18 4 1 1
18 4 16 1
18 4 118 1
18 5 16 1
18 5 32 1
18 5 33 1
18 5 48 1
18 5 49 1
18 5 64 1
18 5 84 1
18 5 114 1
18 5 117 1
18 5 118 1
18 6 2 1
18 6 5 1
18 6 16 1
18 6 32 1
18 6 33 1
18 6 48 1
18 6 65 1
18 6 80 1
18 6 84 1
18 6 87 1
18 6 114 1
18 6 117 1
18 6 118 1
18 7 32 1
18 7 48 1
18 7 65 1
18 7 80 1
18 7 81 1
18 7 96 1
18 21 0 1
18 21 2 1
18 21 17 1
18 21 19 1
18 21 32 1
18 21 49 1
18 21 50 1
18 21 65 1
18 21 67 1
18 21 69 1
18 21 70 1
18 21 82 1
18 21 84 1
18 21 86 1
18 21 87 1
18 21 97 1
18 21 100 1
18 21 101 1
18 21 102 1
18 21 103 1
18 21 112 1
18 21 114 1
18 21 115 1
18 21 116 1
18 21 117 1
18 21 119 1
18 22 0 1
18 22 2 1
18 22 6 1
18 22 17 1
18 22 19 1
18 22 21 1
18 22 23 1
18 22 35 1
18 22 38 1
18 22 49 1
18 22 50 1
18 22 54 1
18 22 65 1
18 22 66 1
18 22 69 1
18 22 70 1
18 22 80 1
18 22 81 1
18 22 84 1
18 22 86 1
18 22 87 1
18 22 96 1
18 22 98 1
18 22 100 1
18 22 101 1
18 22 102 1
18 22 103 1
18 22 113 1
18 22 114 1
18 22 115 1
18 22 116 1
18 22 117 1
18 22 119 1
18 23 0 1
18 23 1 1
18 23 7 1
18 23 17 1
18 23 49 1
18 23 50 1
18 23 65 1
18 23 66 1
18 23 80 1
18 23 81 1
18 23 82 1
18 23 96 1
18 23 97 1
18 23 100 1
18 23 101 1
18 23 102 1
18 23 103 1
18 23 112 1
18 23 114 1
18 23 115 1
18 23 116 1
18 23 117 1
18 23 118 1
18 23 119 1
18 37 84 1
18 37 86 1
18 37 87 1
18 38 0 1
18 38 17 1
18 38 34 1
18 38 35 1
18 38 36 1
18 38 37 1
18 38 50 1
18 38 51 1
18 38 54 1
18 38 82 1
18 38 84 1
18 38 85 1
18 38 86 1
18 38 99 1
18 38 101 1
18 38 102 1
18 38 119 1
18 39 0 1
18 39 17 1
18 39 23 1
18 39 34 1
18 39 35 1
18 39 36 1
18 39 38 1
18 39 50 1
18 39 51 1
18 39 65 1
18 39 82 1
18 39 83 1
18 39 86 1
18 39 98 1
18 39 100 1
18 39 101 1
18 39 102 1
18 39 103 1
18 39 113 1
18 39 119 1
18 48 5 1
18 48 39 1
18 48 50 1
18 48 54 1
18 48 114 1
18 48 117 1
18 54 52 1
18 55 52 1
18 55 84 1
18 55 101 1
18 55 119 1
18 64 6 1
18 64 21 1
18 64 54 1
18 64 83 1
18 64 85 1
18 64 96 1
18 64 113 1
18 64 114 1
18 65 67 1
18 70 68 1
18 71 119 1
18 80 34 1
18 80 48 1
18 80 51 1
18 80 54 1
18 80 83 1
18 80 85 1
18 80 116 1
18 96 34 1
18 96 48 1
18 96 53 1
18 96 54 1
18 96 83 1
18 96 85 1
18 96 116 1
18 97 65 1
18 97 68 1
18 97 116 1
18 100 68 1
18 112 34 1
18 112 53 1
18 112 54 1
18 112 66 1
18 112 85 1
18 112 114 1
18 113 64 1
18 113 65 1
18 113 67 1
18 113 116 1
18 114 68 1
18 118 68 1
18 119 84 1
19 21 16 1
19 21 32 1
19 21 49 1
19 21 64 1
19 21 84 1
19 21 87 1
19 21 114 1
19 21 117 1
19 21 118 1
19 22 32 1
19 22 49 1
19 22 64 1
19 22 96 1
19 23 64 1
19 33 1 1
19 33 5 1
19 33 17 1
19 33 23 1
19 33 32 1
19 33 35 1
19 33 38 1
19 33 55 1
19 33 70 1
19 33 86 1
19 33 103 1
19 37 84 1
19 37 86 1
19 37 87 1
19 38 16 1
19 38 33 1
19 38 36 1
19 38 48 1
19 39 16 1
19 39 32 1
19 39 49 1
19 48 5 1
19 48 39 1
19 48 50 1
19 48 54 1
19 48 114 1
19 48 117 1
19 55 53 1
19 55 101 1
19 64 6 1
19 64 21 1
19 64 54 1
19 64 83 1
19 64 85 1
19 64 96 1
19 64 113 1
19 64 114 1
19 65 67 1
19 70 68 1
19 71 52 1
19 71 67 1
19 71 84 1
19 71 119 1
19 80 34 1
19 80 48 1
19 80 51 1
19 80 54 1
19 80 83 1
19 80 85 1
19 80 116 1
19 87 37 1
19 87 52 1
19 87 55 1
19 87 67 1
19 87 84 1
19 87 115 1
19 96 34 1
19 96 48 1
19 96 53 1
19 96 54 1
19 96 83 1
19 96 85 1
19 96 116 1
19 97 65 1
19 97 68 1
19 97 116 1
19 99 67 1
19 100 68 1
19 102 67 1
19 102 70 1
19 102 115 1
19 103 37 1
19 103 49 1
19 103 50 1
19 103 55 1
19 103 71 1
19 103 82 1
19 103 84 1
19 103 115 1
19 112 34 1
19 112 53 1
19 112 54 1
19 112 66 1
19 112 85 1
19 112 114 1
19 113 64 1
19 113 65 1
19 113 67 1
19 113 116 1
19 114 68 1
19 117 67 1
19 118 68 1
19 118 70 1
19 118 71 1
19 118 115 1
19 119 37 1
19 119 49 1
19 119 50 1
19 119 69 1
19 119 82 1
19 119 117 1
34 4 16 1
34 4 64 1
34 4 118 1
34 5 16 1
34 5 32 1
34 5 33 1
34 5 48 1
34 5 49 1
34 5 64 1
34 5 84 1
34 5 114 1
34 5 117 1
34 5 118 1
34 6 2 1
34 6 5 1
34 6 16 1
34 6 32 1
34 6 33 1
34 6 48 1
34 6 49 1
34 6 64 1
34 6 65 1
34 6 80 1
34 6 84 1
34 6 87 1
34 6 114 1
34 6 117 1
34 6 118 1
34 7 32 1
34 7 48 1
34 7 65 1
34 7 80 1
34 7 81 1
34 7 96 1
34 20 70 1
34 20 83 1
34 20 98 1
34 20 100 1
34 20 103 1
34 20 113 1
34 20 115 1
34 20 118 1
34 21 0 1
34 21 2 1
34 21 17 1
34 21 18 1
34 21 19 1
34 21 32 1
34 21 49 1
34 21 50 1
34 21 65 1
34 21 67 1
34 21 69 1
34 21 70 1
34 21 82 1
34 21 84 1
34 21 86 1
34 21 87 1
34 21 97 1
34 21 100 1
34 21 101 1
34 21 102 1
34 21 103 1
34 21 112 1
34 21 114 1
34 21 115 1
34 21 116 1
34 21 117 1
34 21 118 1
34 21 119 1
34 22 0 1
34 22 1 1
34 22 2 1
34 22 6 1
34 22 17 1
34 22 18 1
34 22 19 1
34 22 21 1
34 22 23 1
34 22 35 1
34 22 38 1
34 22 49 1
34 22 50 1
34 22 54 1
34 22 65 1
34 22 66 1
34 22 69 1
34 22 70 1
34 22 80 1
34 22 81 1
34 22 84 1
34 22 86 1
34 22 87 1
34 22 96 1
34 22 98 1
34 22 100 1
34 22 101 1
34 22 102 1
34 22 103 1
34 22 113 1
34 22 114 1
34 22 115 1
34 22 116 1
34 22 117 1
34 22 118 1
34 22 119 1
34 23 0 1
34 23 1 1
34 23 7 1
34 23 17 1
34 23 18 1
34 23 49 1
34 23 50 1
34 23 65 1
34 23 66 1
34 23 80 1
34 23 81 1
34 23 82 1
34 23 96 1
34 23 97 1
34 23 100 1
34 23 101 1
34 23 102 1
34 23 103 1
34 23 112 1
34 23 114 1
34 23 115 1
34 23 116 1
34 23 117 1
34 23 118 1
34 23 119 1
34 37 1 1
34 37 18 1
34 37 35 1
34 37 50 1
34 37 69 1
34 37 84 1
34 37 86 1
34 37 87 1
34 37 99 1
34 37 101 1
34 37 102 1
34 37 103 1
34 37 119 1
34 38 18 1
34 38 35 1
34 38 36 1
34 38 37 1
34 38 50 1
34 38 51 1
34 38 54 1
34 38 67 1
34 38 82 1
34 38 84 1
34 38 86 1
34 38 87 1
34 38 97 1
34 38 99 1
34 38 101 1
34 38 102 1
34 38 103 1
34 38 112 1
34 38 119 1
34 39 0 1
34 39 17 1
34 39 18 1
34 39 23 1
34 39 35 1
34 39 36 1
34 39 38 1
34 39 50 1
34 39 51 1
34 39 55 1
34 39 65 1
34 39 67 1
34 39 82 1
34 39 83 1
34 39 86 1
34 39 87 1
34 39 97 1
34 39 98 1
34 39 100 1
34 39 101 1
34 39 102 1
34 39 103 1
34 39 112 1
34 39 113 1
34 39 115 1
34 39 116 1
34 39 118 1
34 39 119 1
34 53 18 1
34 53 50 1
34 53 82 1
34 53 85 1
34 53 99 1
34 53 100 1
34 53 101 1
34 53 102 1
34 53 103 1
34 53 119 1
34 54 18 1
34 54 35 1
34 54 38 1
34 54 50 1
34 54 51 1
34 54 52 1
34 54 53 1
34 54 82 1
34 54 83 1
34 54 86 1
34 54 98 1
34 54 101 1
34 54 102 1
34 54 103 1
34 54 113 1
34 54 119 1
34 55 1 1
34 55 7 1
34 55 18 1
34 55 23 1
34 55 35 1
34 55 50 1
34 55 51 1
34 55 52 1
34 55 53 1
34 55 54 1
34 55 65 1
34 55 67 1
34 55 71 1
34 55 82 1
34 55 83 1
34 55 84 1
34 55 97 1
34 55 98 1
34 55 99 1
34 55 101 1
34 55 102 1
34 55 103 1
34 55 112 1
34 55 113 1
34 55 114 1
34 55 116 1
34 55 118 1
34 55 119 1
34 64 1 1
34 64 4 1
34 64 103 1
34 65 7 1
34 65 22 1
34 65 23 1
34 65 38 1
34 65 52 1
34 65 53 1
34 65 97 1
34 65 100 1
34 69 23 1
34 69 37 1
34 69 50 1
34 69 67 1
34 69 82 1
34 69 98 1
34 69 101 1
34 69 113 1
34 69 119 1
34 70 23 1
34 70 35 1
34 70 38 1
34 70 50 1
34 70 51 1
34 70 54 1
34 70 82 1
34 70 83 1
34 70 86 1
34 70 98 1
34 70 99 1
34 70 102 1
34 70 113 1
34 70 119 1
34 71 7 1
34 71 18 1
34 71 22 1
34 71 23 1
34 71 33 1
34 71 35 1
34 71 36 1
34 71 50 1
34 71 51 1
34 71 67 1
34 71 69 1
34 71 82 1
34 71 83 1
34 71 84 1
34 71 97 1
34 71 98 1
34 71 99 1
34 71 103 1
34 71 112 1
34 71 113 1
34 71 119 1
34 80 1 1
34 80 2 1
34 80 3 1
34 80 4 1
34 80 18 1
34 80 19 1
34 80 39 1
34 80 69 1
34 80 87 1
34 80 103 1
34 81 0 1
34 81 2 1
34 81 7 1
34 81 17 1
34 81 19 1
34 81 20 1
34 81 22 1
34 81 32 1
34 81 33 1
34 81 35 1
34 81 37 1
34 81 39 1
34 81 49 1
34 81 52 1
34 81 55 1
34 81 69 1
34 81 70 1
34 81 71 1
34 81 84 1
34 81 86 1
34 81 87 1
34 81 100 1
34 81 101 1
34 81 102 1
34 81 117 1
34 81 118 1
34 81 119 1
34 82 33 1
34 82 35 1
34 82 36 1
34 82 54 1
34 82 69 1
34 82 84 1
34 82 85 1
34 82 101 1
34 82 102 1
34 82 117 1
34 82 119 1
34 83 37 1
34 84 37 1
34 84 52 1
34 84 82 1
34 84 119 1
34 85 37 1
34 85 50 1
34 85 82 1
34 86 23 1
34 86 37 1
34 86 38 1
34 86 50 1
34 86 51 1
34 86 54 1
34 86 82 1
34 86 83 1
34 86 84 1
34 86 85 1
34 86 98 1
34 86 99 1
34 86 102 1
34 86 113 1
34 87 1 1
34 87 7 1
34 87 18 1
34 87 22 1
34 87 23 1
34 87 33 1
34 87 35 1
34 87 37 1
34 87 38 1
34 87 49 1
34 87 50 1
34 87 51 1
34 87 52 1
34 87 55 1
34 87 66 1
34 87 81 1
34 87 82 1
34 87 83 1
34 87 84 1
34 87 86 1
34 87 97 1
34 87 98 1
34 87 99 1
34 87 100 1
34 87 112 1
34 87 113 1
34 87 115 1
34 87 119 1
34 96 1 1
34 96 2 1
34 96 3 1
34 96 4 1
34 96 5 1
34 96 18 1
34 96 19 1
34 96 20 1
34 96 32 1
34 96 39 1
34 96 69 1
34 96 80 1
34 96 87 1
34 96 103 1
34 96 117 1
34 97 0 1
34 97 5 1
34 97 6 1
34 97 16 1
34 97 17 1
34 97 19 1
34 97 20 1
34 97 21 1
34 97 23 1
34 97 32 1
34 97 33 1
34 97 35 1
34 97 36 1
34 97 38 1
34 97 39 1
34 97 49 1
34 97 50 1
34 97 55 1
34 97 69 1
34 97 70 1
34 97 71 1
34 97 81 1
34 97 84 1
34 97 86 1
34 97 87 1
34 97 96 1
34 97 98 1
34 97 99 1
34 97 100 1
34 97 101 1
34 97 102 1
34 97 113 1
34 97 117 1
34 97 118 1
34 97 119 1
34 98 35 1
34 98 37 1
34 98 49 1
34 98 50 1
34 98 51 1
34 98 52 1
34 98 54 1
34 98 66 1
34 98 69 1
34 98 82 1
34 98 85 1
34 98 86 1
34 98 99 1
34 98 101 1
34 98 102 1
34 98 119 1
34 99 37 1
34 99 38 1
34 99 67 1
34 100 23 1
34 100 35 1
34 100 37 1
34 100 38 1
34 100 50 1
34 100 51 1
34 100 53 1
34 100 54 1
34 100 68 1
34 100 98 1
34 100 99 1
34 100 101 1
34 100 102 1
34 100 113 1
34 100 119 1
34 101 37 1
34 101 38 1
34 101 82 1
34 102 35 1
34 102 37 1
34 102 50 1
34 102 52 1
34 102 54 1
34 102 82 1
34 102 83 1
34 102 99 1
34 103 7 1
34 103 16 1
34 103 19 1
34 103 22 1
34 103 33 1
34 103 36 1
34 103 37 1
34 103 38 1
34 103 39 1
34 103 49 1
34 103 50 1
34 103 53 1
34 103 54 1
34 103 55 1
34 103 66 1
34 103 71 1
34 103 81 1
34 103 82 1
34 103 84 1
34 103 97 1
34 103 98 1
34 103 99 1
34 103 100 1
34 103 101 1
34 103 112 1
34 103 116 1
34 112 2 1
34 112 3 1
34 112 5 1
34 112 6 1
34 112 20 1
34 112 21 1
34 113 0 1
34 113 5 1
34 113 6 1
34 113 7 1
34 113 16 1
34 113 17 1
34 113 18 1
34 113 19 1
34 113 20 1
34 113 21 1
34 113 22 1
34 113 33 1
34 113 35 1
34 113 36 1
34 113 37 1
34 113 39 1
34 113 55 1
34 113 70 1
34 113 71 1
34 113 86 1
34 113 87 1
34 113 102 1
34 113 103 1
34 113 112 1
34 113 118 1
34 113 119 1
34 114 0 1
34 114 17 1
34 114 18 1
34 114 20 1
34 114 21 1
34 114 23 1
34 114 33 1
34 114 35 1
34 114 36 1
34 114 37 1
34 114 38 1
34 114 49 1
34 114 50 1
34 114 51 1
34 114 52 1
34 114 53 1
34 114 66 1
34 114 70 1
34 114 86 1
34 114 98 1
34 114 101 1
34 114 102 1
34 114 112 1
34 114 113 1
34 114 118 1
34 114 119 1
34 115 0 1
34 115 17 1
34 115 21 1
34 115 33 1
34 115 36 1
34 115 37 1
34 115 38 1
34 115 49 1
34 115 52 1
34 115 66 1
34 115 67 1
34 115 69 1
34 115 83 1
34 115 86 1
34 115 102 1
34 115 112 1
34 115 119 1
34 116 19 1
34 116 33 1
34 116 36 1
34 116 37 1
34 116 49 1
34 116 52 1
34 116 66 1
34 116 67 1
34 116 69 1
34 116 81 1
34 116 112 1
34 116 119 1
34 117 7 1
34 117 16 1
34 117 19 1
34 117 22 1
34 117 33 1
34 117 36 1
34 117 37 1
34 117 50 1
34 117 52 1
34 117 55 1
34 117 67 1
34 117 69 1
34 117 70 1
34 117 81 1
34 117 82 1
34 117 97 1
34 117 112 1
34 117 115 1
34 117 119 1
34 118 1 1
34 118 7 1
34 118 18 1
34 118 19 1
34 118 22 1
34 118 23 1
34 118 35 1
34 118 36 1
34 118 37 1
34 118 38 1
34 118 49 1
34 118 51 1
34 118 52 1
34 118 53 1
34 118 54 1
34 118 55 1
34 118 64 1
34 118 66 1
34 118 68 1
34 118 69 1
34 118 70 1
34 118 71 1
34 118 81 1
34 118 82 1
34 118 83 1
34 118 86 1
34 118 97 1
34 118 98 1
34 118 99 1
34 118 102 1
34 118 112 1
34 118 113 1
34 118 114 1
34 118 116 1
34 118 119 1
34 119 1 1
34 119 7 1
34 119 16 1
34 119 18 1
34 119 19 1
34 119 21 1
34 119 22 1
34 119 33 1
34 119 35 1
34 119 36 1
34 119 37 1
34 119 38 1
34 119 39 1
34 119 49 1
34 119 50 1
34 119 53 1
34 119 64 1
34 119 66 1
34 119 69 1
34 119 81 1
34 119 82 1
34 119 84 1
34 119 97 1
34 119 98 1
34 119 112 1
34 119 114 1
35 37 1 1
35 37 16 1
35 37 33 1
35 37 39 1
35 37 118 1
35 38 16 1
35 38 33 1
35 38 39 1
35 38 48 1
35 38 64 1
35 38 80 1
35 39 16 1
35 39 32 1
35 39 80 1
35 49 71 1
35 49 86 1
35 49 99 1
35 53 18 1
35 53 50 1
35 53 82 1
35 53 85 1
35 53 99 1
35 53 100 1
35 53 101 1
35 53 102 1
35 53 103 1
35 53 119 1
35 54 7 1
35 54 16 1
35 54 19 1
35 54 22 1
35 54 32 1
35 54 33 1
35 54 38 1
35 54 49 1
35 54 53 1
35 54 64 1
35 54 66 1
35 54 67 1
35 54 70 1
35 54 81 1
35 54 97 1
35 54 112 1
35 54 115 1
35 54 117 1
35 54 118 1
35 55 1 1
35 55 16 1
35 55 18 1
35 55 32 1
35 55 33 1
35 55 39 1
35 55 48 1
35 55 49 1
35 55 64 1
35 55 66 1
35 55 81 1
35 55 87 1
35 55 114 1
35 55 117 1
35 64 1 1
35 64 2 1
35 64 3 1
35 64 5 1
35 64 18 1
35 64 20 1
35 64 39 1
35 64 69 1
35 64 80 1
35 64 87 1
35 64 103 1
35 64 117 1
35 65 0 1
35 65 6 1
35 65 7 1
35 65 16 1
35 65 17 1
35 65 18 1
35 65 20 1
35 65 21 1
35 65 22 1
35 65 23 1
35 65 33 1
35 65 36 1
35 65 37 1
35 65 38 1
35 65 49 1
35 65 52 1
35 65 53 1
35 65 66 1
35 65 69 1
35 65 81 1
35 65 84 1
35 65 85 1
35 65 97 1
35 65 100 1
35 65 101 1
35 65 102 1
35 65 113 1
35 65 118 1
35 65 119 1
35 66 16 1
35 66 34 1
35 66 53 1
35 66 68 1
35 66 85 1
35 66 98 1
35 66 101 1
35 66 112 1
35 66 118 1
35 69 23 1
35 69 37 1
35 69 50 1
35 69 67 1
35 69 82 1
35 69 98 1
35 69 101 1
35 69 113 1
35 69 119 1
35 70 0 1
35 70 16 1
35 70 17 1
35 70 23 1
35 70 33 1
35 70 34 1
35 70 38 1
35 70 50 1
35 70 51 1
35 70 54 1
35 70 69 1
35 70 82 1
35 70 83 1
35 70 86 1
35 70 98 1
35 70 99 1
35 70 102 1
35 70 113 1
35 70 118 1
35 71 1 1
35 71 7 1
35 71 16 1
35 71 18 1
35 71 19 1
35 71 21 1
35 71 22 1
35 71 33 1
35 71 36 1
35 71 39 1
35 71 49 1
35 71 66 1
35 71 67 1
35 71 69 1
35 71 70 1
35 71 87 1
35 71 97 1
35 71 103 1
35 71 112 1
35 71 117 1
35 71 118 1
35 80 1 1
35 80 2 1
35 80 3 1
35 80 4 1
35 80 5 1
35 80 6 1
35 80 18 1
35 80 19 1
35 80 20 1
35 80 21 1
35 80 32 1
35 80 39 1
35 80 69 1
35 80 87 1
35 80 96 1
35 80 103 1
35 80 117 1
35 81 0 1
35 81 2 1
35 81 7 1
35 81 16 1
35 81 17 1
35 81 19 1
35 81 20 1
35 81 22 1
35 81 32 1
35 81 33 1
35 81 37 1
35 81 39 1
35 81 49 1
35 81 52 1
35 81 55 1
35 81 69 1
35 81 70 1
35 81 71 1
35 81 82 1
35 81 84 1
35 81 86 1
35 81 87 1
35 81 97 1
35 81 100 1
35 81 101 1
35 81 102 1
35 81 117 1
35 81 118 1
35 81 119 1
35 82 33 1
35 82 34 1
35 82 36 1
35 82 54 1
35 82 69 1
35 82 84 1
35 82 85 1
35 82 101 1
35 82 102 1
35 82 117 1
35 82 119 1
35 83 34 1
35 83 37 1
35 83 51 1
35 83 85 1
35 83 112 1
35 84 34 1
35 84 37 1
35 84 52 1
35 84 82 1
35 84 119 1
35 85 16 1
35 85 33 1
35 85 36 1
35 85 37 1
35 85 38 1
35 85 49 1
35 85 50 1
35 85 66 1
35 85 69 1
35 85 82 1
35 85 83 1
35 85 97 1
35 85 112 1
35 86 0 1
35 86 16 1
35 86 17 1
35 86 23 1
35 86 33 1
35 86 34 1
35 86 37 1
35 86 38 1
35 86 50 1
35 86 51 1
35 86 54 1
35 86 67 1
35 86 82 1
35 86 83 1
35 86 84 1
35 86 85 1
35 86 98 1
35 86 99 1
35 86 102 1
35 86 113 1
35 86 115 1
35 86 118 1
35 87 1 1
35 87 7 1
35 87 16 1
35 87 18 1
35 87 21 1
35 87 22 1
35 87 33 1
35 87 39 1
35 87 49 1
35 87 52 1
35 87 55 1
35 87 66 1
35 87 81 1
35 87 97 1
35 87 100 1
35 87 112 1
35 87 115 1
35 96 1 1
35 96 2 1
35 96 3 1
35 96 4 1
35 96 5 1
35 96 18 1
35 96 19 1
35 96 20 1
35 96 32 1
35 96 39 1
35 96 69 1
35 96 80 1
35 96 87 1
35 96 103 1
35 96 117 1
35 97 0 1
35 97 4 1
35 97 6 1
35 97 16 1
35 97 17 1
35 97 19 1
35 97 20 1
35 97 21 1
35 97 23 1
35 97 32 1
35 97 33 1
35 97 36 1
35 97 38 1
35 97 39 1
35 97 49 1
35 97 50 1
35 97 55 1
35 97 69 1
35 97 70 1
35 97 71 1
35 97 81 1
35 97 84 1
35 97 86 1
35 97 87 1
35 97 96 1
35 97 98 1
35 97 99 1
35 97 100 1
35 97 101 1
35 97 102 1
35 97 113 1
35 97 117 1
35 97 118 1
35 97 119 1
35 98 0 1
35 98 17 1
35 98 33 1
35 98 34 1
35 98 37 1
35 98 49 1
35 98 50 1
35 98 51 1
35 98 52 1
35 98 54 1
35 98 66 1
35 98 69 1
35 98 82 1
35 98 85 1
35 98 86 1
35 98 99 1
35 98 101 1
35 98 102 1
35 98 119 1
35 99 34 1
35 99 37 1
35 99 38 1
35 99 49 1
35 99 67 1
35 99 112 1
35 100 0 1
35 100 17 1
35 100 23 1
35 100 33 1
35 100 34 1
35 100 37 1
35 100 38 1
35 100 50 1
35 100 51 1
35 100 53 1
35 100 54 1
35 100 68 1
35 100 98 1
35 100 99 1
35 100 101 1
35 100 102 1
35 100 113 1
35 100 119 1
35 101 34 1
35 101 37 1
35 101 38 1
35 101 51 1
35 101 54 1
35 101 69 1
35 101 82 1
35 102 16 1
35 102 33 1
35 102 37 1
35 102 50 1
35 102 52 1
35 102 54 1
35 102 82 1
35 102 83 1
35 102 99 1
35 103 0 1
35 103 1 1
35 103 4 1
35 103 7 1
35 103 16 1
35 103 17 1
35 103 18 1
35 103 19 1
35 103 21 1
35 103 22 1
35 103 33 1
35 103 34 1
35 103 36 1
35 103 37 1
35 103 38 1
35 103 39 1
35 103 49 1
35 103 50 1
35 103 51 1
35 103 53 1
35 103 54 1
35 103 66 1
35 103 71 1
35 103 81 1
35 103 82 1
35 103 83 1
35 103 97 1
35 103 98 1
35 103 99 1
35 103 100 1
35 103 101 1
35 103 112 1
35 112 2 1
35 112 3 1
35 112 5 1
35 112 6 1
35 112 20 1
35 112 21 1
35 113 0 1
35 113 4 1
35 113 6 1
35 113 7 1
35 113 16 1
35 113 17 1
35 113 18 1
35 113 19 1
35 113 20 1
35 113 21 1
35 113 22 1
35 113 33 1
35 113 36 1
35 113 37 1
35 113 39 1
35 113 55 1
35 113 70 1
35 113 71 1
35 113 86 1
35 113 87 1
35 113 102 1
35 113 103 1
35 113 112 1
35 113 118 1
35 113 119 1
35 114 0 1
35 114 17 1
35 114 18 1
35 114 20 1
35 114 21 1
35 114 23 1
35 114 33 1
35 114 34 1
35 114 36 1
35 114 37 1
35 114 38 1
35 114 49 1
35 114 50 1
35 114 51 1
35 114 52 1
35 114 53 1
35 114 66 1
35 114 70 1
35 114 86 1
35 114 98 1
35 114 101 1
35 114 102 1
35 114 112 1
35 114 113 1
35 114 118 1
35 114 119 1
35 115 0 1
35 115 17 1
35 115 20 1
35 115 21 1
35 115 33 1
35 115 34 1
35 115 36 1
35 115 37 1
35 115 38 1
35 115 49 1
35 115 51 1
35 115 52 1
35 115 54 1
35 115 66 1
35 115 67 1
35 115 69 1
35 115 83 1
35 115 86 1
35 115 102 1
35 115 112 1
35 115 119 1
35 116 7 1
35 116 18 1
35 116 19 1
35 116 22 1
35 116 33 1
35 116 34 1
35 116 36 1
35 116 37 1
35 116 38 1
35 116 49 1
35 116 51 1
35 116 52 1
35 116 54 1
35 116 66 1
35 116 67 1
35 116 69 1
35 116 81 1
35 116 84 1
35 116 97 1
35 116 112 1
35 116 119 1
35 117 7 1
35 117 16 1
35 117 18 1
35 117 19 1
35 117 21 1
35 117 22 1
35 117 33 1
35 117 34 1
35 117 36 1
35 117 37 1
35 117 38 1
35 117 50 1
35 117 51 1
35 117 52 1
35 117 54 1
35 117 55 1
35 117 67 1
35 117 69 1
35 117 70 1
35 117 81 1
35 117 82 1
35 117 97 1
35 117 112 1
35 117 115 1
35 117 119 1
35 118 0 1
35 118 1 1
35 118 7 1
35 118 17 1
35 118 18 1
35 118 19 1
35 118 21 1
35 118 22 1
35 118 23 1
35 118 34 1
35 118 36 1
35 118 37 1
35 118 38 1
35 118 39 1
35 118 49 1
35 118 51 1
35 118 52 1
35 118 53 1
35 118 54 1
35 118 64 1
35 118 66 1
35 118 68 1
35 118 69 1
35 118 70 1
35 118 71 1
35 118 81 1
35 118 82 1
35 118 83 1
35 118 86 1
35 118 97 1
35 118 98 1
35 118 99 1
35 118 102 1
35 118 112 1
35 118 113 1
35 118 114 1
35 118 116 1
35 118 117 1
35 118 119 1
35 119 1 1
35 119 4 1
35 119 7 1
35 119 16 1
35 119 18 1
35 119 19 1
35 119 21 1
35 119 22 1
35 119 33 1
35 119 36 1
35 119 37 1
35 119 38 1
35 119 39 1
35 119 49 1
35 119 50 1
35 119 53 1
35 119 64 1
35 119 66 1
35 119 69 1
35 119 81 1
35 119 82 1
35 119 83 1
35 119 97 1
35 119 98 1
35 119 112 1
35 119 114 1
35 119 117 1
51 20 32 1
51 21 32 1
51 21 80 1
51 21 114 1
51 21 117 1
51 22 32 1
51 37 0 1
51 37 1 1
51 37 16 1
51 37 17 1
51 37 32 1
51 37 33 1
51 37 39 1
51 37 48 1
51 37 49 1
51 37 64 1
51 37 65 1
51 37 66 1
51 37 80 1
51 37 81 1
51 37 84 1
51 37 96 1
51 37 114 1
51 37 117 1
51 38 16 1
51 38 33 1
51 38 39 1
51 38 48 1
51 38 64 1
51 39 16 1
51 39 32 1
51 53 0 1
51 53 3 1
51 53 4 1
51 53 5 1
51 53 6 1
51 53 16 1
51 53 17 1
51 53 32 1
51 53 33 1
51 53 48 1
51 53 49 1
51 53 55 1
51 53 64 1
51 53 65 1
51 53 80 1
51 53 81 1
51 53 96 1
51 53 100 1
51 53 114 1
51 53 115 1
51 53 116 1
51 53 117 1
51 53 118 1
51 54 2 1
51 54 5 1
51 54 6 1
51 54 16 1
51 54 19 1
51 54 32 1
51 54 49 1
51 54 55 1
51 54 64 1
51 54 66 1
51 54 70 1
51 54 80 1
51 54 81 1
51 54 96 1
51 54 115 1
51 54 116 1
51 54 117 1
51 54 118 1
51 55 1 1
51 55 16 1
51 55 32 1
51 55 39 1
51 55 49 1
51 55 64 1
51 55 66 1
51 55 80 1
51 55 81 1
51 55 96 1
51 55 114 1
51 55 117 1
51 64 1 1
51 64 2 1
51 64 3 1
51 64 5 1
51 64 87 1
51 65 1 1
51 65 2 1
51 65 3 1
51 65 4 1
51 65 19 1
51 65 87 1
51 65 103 1
51 65 115 1
51 69 2 1
51 69 3 1
51 69 4 1
51 69 5 1
51 69 6 1
51 69 7 1
51 69 16 1
51 69 17 1
51 69 19 1
51 69 20 1
51 69 21 1
51 69 22 1
51 69 32 1
51 69 33 1
51 69 34 1
51 69 48 1
51 69 49 1
51 69 64 1
51 69 65 1
51 69 66 1
51 69 67 1
51 69 70 1
51 69 71 1
51 69 80 1
51 69 81 1
51 69 96 1
51 69 97 1
51 69 112 1
51 69 115 1
51 69 116 1
51 69 117 1
51 69 118 1
51 70 0 1
51 70 3 1
51 70 4 1
51 70 5 1
51 70 6 1
51 70 16 1
51 70 17 1
51 70 20 1
51 70 21 1
51 70 32 1
51 70 71 1
51 70 80 1
51 70 117 1
51 70 118 1
51 71 0 1
51 71 2 1
51 71 4 1
51 71 5 1
51 71 6 1
51 71 16 1
51 71 17 1
51 71 39 1
51 71 64 1
51 71 80 1
51 71 87 1
51 80 1 1
51 80 2 1
51 80 4 1
51 80 19 1
51 80 39 1
51 80 87 1
51 80 103 1
51 81 2 1
51 81 5 1
51 81 39 1
51 81 55 1
51 81 70 1
51 81 71 1
51 81 80 1
51 81 86 1
51 81 87 1
51 81 103 1
51 81 117 1
51 82 0 1
51 82 1 1
51 82 2 1
51 82 3 1
51 82 4 1
51 82 5 1
51 82 6 1
51 82 16 1
51 82 17 1
51 82 18 1
51 82 19 1
51 82 20 1
51 82 21 1
51 82 32 1
51 82 33 1
51 82 34 1
51 82 35 1
51 82 36 1
51 82 39 1
51 82 50 1
51 82 54 1
51 82 55 1
51 82 69 1
51 82 70 1
51 82 71 1
51 82 80 1
51 82 83 1
51 82 84 1
51 82 85 1
51 82 86 1
51 82 87 1
51 82 101 1
51 82 102 1
51 82 103 1
51 82 114 1
51 82 117 1
51 82 118 1
51 82 119 1
51 83 2 1
51 83 3 1
51 83 4 1
51 83 5 1
51 83 6 1
51 83 19 1
51 83 20 1
51 83 21 1
51 83 39 1
51 83 48 1
51 83 55 1
51 83 70 1
51 83 71 1
51 83 80 1
51 83 87 1
51 83 96 1
51 84 1 1
51 84 3 1
51 84 4 1
51 84 6 1
51 84 7 1
51 84 18 1
51 84 19 1
51 84 20 1
51 84 21 1
51 84 22 1
51 84 34 1
51 84 48 1
51 84 49 1
51 84 52 1
51 84 55 1
51 84 64 1
51 84 65 1
51 84 71 1
51 84 96 1
51 84 97 1
51 84 100 1
51 84 103 1
51 84 112 1
51 84 116 1
51 85 0 1
51 85 1 1
51 85 3 1
51 85 4 1
51 85 5 1
51 85 6 1
51 85 7 1
51 85 16 1
51 85 17 1
51 85 18 1
51 85 19 1
51 85 20 1
51 85 21 1
51 85 22 1
51 85 32 1
51 85 33 1
51 85 34 1
51 85 36 1
51 85 39 1
51 85 48 1
51 85 49 1
51 85 64 1
51 85 65 1
51 85 66 1
51 85 69 1
51 85 80 1
51 85 81 1
51 85 96 1
51 85 97 1
51 85 112 1
51 86 0 1
51 86 2 1
51 86 5 1
51 86 17 1
51 86 32 1
51 86 48 1
51 86 64 1
51 86 65 1
51 86 70 1
51 86 80 1
51 86 87 1
51 86 96 1
51 86 114 1
51 87 0 1
51 87 3 1
51 87 4 1
51 87 5 1
51 87 6 1
51 87 17 1
51 87 20 1
51 87 21 1
51 87 32 1
51 87 64 1
51 87 80 1
51 87 114 1
51 96 1 1
51 96 2 1
51 96 4 1
51 96 5 1
51 96 19 1
51 96 39 1
51 96 80 1
51 96 87 1
51 97 1 1
51 97 2 1
51 97 4 1
51 97 16 1
51 97 19 1
51 97 39 1
51 97 55 1
51 97 70 1
51 97 87 1
51 97 103 1
51 97 118 1
51 98 1 1
51 98 2 1
51 98 3 1
51 98 4 1
51 98 5 1
51 98 7 1
51 98 16 1
51 98 19 1
51 98 22 1
51 98 32 1
51 98 39 1
51 98 50 1
51 98 87 1
51 98 97 1
51 98 99 1
51 98 101 1
51 99 2 1
51 99 5 1
51 99 6 1
51 99 7 1
51 99 22 1
51 99 50 1
51 99 55 1
51 99 70 1
51 99 71 1
51 99 80 1
51 99 86 1
51 99 87 1
51 99 96 1
51 99 97 1
51 99 98 1
51 99 100 1
51 99 101 1
51 99 103 1
51 99 118 1
51 100 1 1
51 100 3 1
51 100 5 1
51 100 6 1
51 100 18 1
51 100 20 1
51 100 35 1
51 100 39 1
51 100 48 1
51 100 54 1
51 100 64 1
51 100 65 1
51 100 80 1
51 100 84 1
51 100 87 1
51 100 96 1
51 100 99 1
51 100 101 1
51 100 103 1
51 100 113 1
51 100 116 1
51 101 0 1
51 101 2 1
51 101 3 1
51 101 4 1
51 101 5 1
51 101 6 1
51 101 17 1
51 101 20 1
51 101 21 1
51 101 23 1
51 101 32 1
51 101 38 1
51 101 39 1
51 101 53 1
51 101 80 1
51 101 98 1
51 101 100 1
51 101 102 1
51 102 0 1
51 102 2 1
51 102 3 1
51 102 5 1
51 102 6 1
51 102 17 1
51 102 20 1
51 102 23 1
51 102 32 1
51 102 48 1
51 102 65 1
51 102 80 1
51 102 83 1
51 102 96 1
51 102 103 1
51 102 113 1
51 103 0 1
51 103 2 1
51 103 3 1
51 103 4 1
51 103 5 1
51 103 6 1
51 103 17 1
51 103 20 1
51 103 32 1
51 103 80 1
51 103 87 1
51 113 2 1
51 113 5 1
51 113 39 1
51 113 55 1
51 113 70 1
51 113 71 1
51 113 87 1
51 113 103 1
51 113 118 1
51 114 2 1
51 114 3 1
51 114 5 1
51 114 16 1
51 114 32 1
51 114 55 1
51 114 70 1
51 114 71 1
51 114 86 1
51 114 87 1
51 114 101 1
51 114 103 1
51 114 118 1
51 115 2 1
51 115 3 1
51 115 5 1
51 115 6 1
51 115 16 1
51 115 32 1
51 115 39 1
51 115 50 1
51 115 71 1
51 115 80 1
51 115 86 1
51 115 87 1
51 115 103 1
51 115 114 1
51 115 117 1
51 115 118 1
51 116 1 1
51 116 2 1
51 116 3 1
51 116 5 1
51 116 6 1
51 116 18 1
51 116 20 1
51 116 23 1
51 116 32 1
51 116 35 1
51 116 39 1
51 116 53 1
51 116 64 1
51 116 80 1
51 116 96 1
51 116 113 1
51 116 114 1
51 116 117 1
51 117 2 1
51 117 5 1
51 117 6 1
51 117 23 1
51 117 39 1
51 117 48 1
51 117 65 1
51 117 80 1
51 117 96 1
51 117 98 1
51 117 113 1
51 118 2 1
51 118 5 1
51 118 32 1
51 118 48 1
51 118 65 1
51 118 80 1
51 118 96 1
51 118 113 1
51 118 117 1
