0 2 4 0
0 2 17 0
0 2 23 0
0 2 32 0
0 2 34 0
0 2 35 0
0 2 37 0
0 2 38 0
0 2 48 0
0 2 50 0
0 2 51 0
0 2 53 0
0 2 54 0
0 2 55 0
0 2 64 0
0 2 67 0
0 2 70 0
0 2 71 0
0 2 81 0
0 2 82 0
0 2 83 0
0 2 84 0
0 2 87 0
0 2 97 0
0 2 98 0
0 2 99 0
0 2 100 0
0 2 101 0
0 2 115 0
0 2 116 0
0 2 117 0
0 2 118 0
0 3 17 0
0 3 23 0
0 3 32 0
0 3 34 0
0 3 35 0
0 3 37 0
0 3 38 0
0 3 48 0
0 3 50 0
0 3 51 0
0 3 52 0
0 3 53 0
0 3 54 0
0 3 55 0
0 3 64 0
0 3 65 0
0 3 67 0
0 3 70 0
0 3 71 0
0 3 81 0
0 3 82 0
0 3 83 0
0 3 84 0
0 3 87 0
0 3 97 0
0 3 98 0
0 3 99 0
0 3 100 0
0 3 101 0
0 3 115 0
0 3 116 0
0 3 117 0
0 3 118 0
0 4 6 0
0 4 7 0
0 4 16 0
0 4 17 0
0 4 22 0
0 4 23 0
0 4 32 0
0 4 35 0
0 4 38 0
0 4 39 0
0 4 48 0
0 4 51 0
0 4 52 0
0 4 54 0
0 4 55 0
0 4 67 0
0 4 70 0
0 4 71 0
0 4 83 0
0 4 87 0
0 4 96 0
0 4 97 0
0 4 98 0
0 4 99 0
0 4 100 0
0 4 101 0
0 4 112 0
0 4 114 0
0 4 115 0
0 4 116 0
0 4 117 0
0 4 118 0
0 5 7 0
0 5 23 0
0 5 39 0
0 5 48 0
0 5 52 0
0 5 55 0
0 5 70 0
0 5 87 0
0 5 96 0
0 5 97 0
0 5 98 0
0 5 99 0
0 5 100 0
0 5 112 0
0 5 114 0
0 5 115 0
0 5 116 0
0 5 117 0
0 6 114 0
0 6 117 0
0 18 4 0
0 18 16 0
0 18 17 0
0 18 21 0
0 18 37 0
0 18 38 0
0 18 48 0
0 18 49 0
0 18 50 0
0 18 51 0
0 18 52 0
0 18 53 0
0 18 54 0
0 18 55 0
0 18 67 0
0 18 69 0
0 18 70 0
0 18 71 0
0 18 82 0
0 18 83 0
0 18 84 0
0 18 86 0
0 18 87 0
0 18 98 0
0 18 99 0
0 18 100 0
0 18 101 0
0 18 103 0
0 18 115 0
0 18 116 0
0 18 117 0
0 18 118 0
0 19 1 0
0 19 17 0
0 19 32 0
0 19 33 0
0 19 38 0
0 19 48 0
0 19 50 0
0 19 51 0
0 19 52 0
0 19 53 0
0 19 54 0
0 19 55 0
0 19 64 0
0 19 65 0
0 19 67 0
0 19 68 0
0 19 69 0
0 19 70 0
0 19 71 0
0 19 81 0
0 19 82 0
0 19 83 0
0 19 84 0
0 19 86 0
0 19 87 0
0 19 98 0
0 19 99 0
0 19 100 0
0 19 101 0
0 19 103 0
0 19 115 0
0 19 116 0
0 19 117 0
0 19 118 0
0 20 1 0
0 20 6 0
0 20 7 0
0 20 16 0
0 20 17 0
0 20 22 0
0 20 32 0
0 20 33 0
0 20 39 0
0 20 48 0
0 20 51 0
0 20 52 0
0 20 53 0
0 20 54 0
0 20 55 0
0 20 64 0
0 20 67 0
0 20 68 0
0 20 70 0
0 20 71 0
0 20 80 0
0 20 82 0
0 20 83 0
0 20 87 0
0 20 96 0
0 20 97 0
0 20 98 0
0 20 99 0
0 20 100 0
0 20 101 0
0 20 112 0
0 20 114 0
0 20 115 0
0 20 116 0
0 20 117 0
0 20 118 0
0 21 1 0
0 21 3 0
0 21 7 0
0 21 16 0
0 21 17 0
0 21 23 0
0 21 32 0
0 21 33 0
0 21 35 0
0 21 39 0
0 21 48 0
0 21 52 0
0 21 53 0
0 21 55 0
0 21 64 0
0 21 68 0
0 21 70 0
0 21 71 0
0 21 80 0
0 21 83 0
0 21 87 0
0 21 96 0
0 21 97 0
0 21 98 0
0 21 99 0
0 21 100 0
0 21 101 0
0 21 112 0
0 21 114 0
0 21 115 0
0 21 116 0
0 21 117 0
0 21 118 0
0 22 3 0
0 22 17 0
0 22 32 0
0 22 36 0
0 22 48 0
0 22 53 0
0 22 99 0
0 22 114 0
0 22 117 0
0 23 3 0
0 32 2 0
0 32 3 0
0 32 4 0
0 32 17 0
0 32 21 0
0 32 22 0
0 32 34 0
0 32 35 0
0 32 37 0
0 32 38 0
0 32 50 0
0 32 51 0
0 32 52 0
0 32 53 0
0 32 54 0
0 32 55 0
0 32 64 0
0 32 69 0
0 32 70 0
0 32 71 0
0 32 82 0
0 32 83 0
0 32 86 0
0 32 87 0
0 32 98 0
0 32 99 0
0 32 100 0
0 32 103 0
0 32 113 0
0 32 115 0
0 32 116 0
0 32 117 0
0 33 1 0
0 33 3 0
0 33 17 0
0 33 19 0
0 33 35 0
0 33 37 0
0 33 38 0
0 33 51 0
0 33 52 0
0 33 53 0
0 33 54 0
0 33 55 0
0 33 64 0
0 33 67 0
0 33 69 0
0 33 70 0
0 33 71 0
0 33 81 0
0 33 82 0
0 33 83 0
0 33 84 0
0 33 86 0
0 33 87 0
0 33 98 0
0 33 99 0
0 33 100 0
0 33 101 0
0 33 103 0
0 33 115 0
0 33 116 0
0 33 117 0
0 33 118 0
0 34 4 0
0 34 17 0
0 34 37 0
0 34 38 0
0 34 52 0
0 34 53 0
0 34 54 0
0 34 55 0
0 34 64 0
0 34 67 0
0 34 69 0
0 34 70 0
0 34 71 0
0 34 82 0
0 34 83 0
0 34 84 0
0 34 86 0
0 34 87 0
0 34 98 0
0 34 99 0
0 34 100 0
0 34 101 0
0 34 103 0
0 34 115 0
0 34 116 0
0 34 117 0
0 34 118 0
0 35 1 0
0 35 4 0
0 35 17 0
0 35 32 0
0 35 33 0
0 35 38 0
0 35 48 0
0 35 54 0
0 35 55 0
0 35 64 0
0 35 67 0
0 35 68 0
0 35 69 0
0 35 70 0
0 35 71 0
0 35 81 0
0 35 82 0
0 35 83 0
0 35 84 0
0 35 86 0
0 35 87 0
0 35 98 0
0 35 99 0
0 35 100 0
0 35 101 0
0 35 103 0
0 35 115 0
0 35 116 0
0 35 117 0
0 35 118 0
0 36 1 0
0 36 2 0
0 36 4 0
0 36 5 0
0 36 6 0
0 36 7 0
0 36 16 0
0 36 17 0
0 36 22 0
0 36 32 0
0 36 33 0
0 36 39 0
0 36 48 0
0 36 49 0
0 36 55 0
0 36 64 0
0 36 67 0
0 36 68 0
0 36 69 0
0 36 70 0
0 36 71 0
0 36 80 0
0 36 82 0
0 36 83 0
0 36 84 0
0 36 86 0
0 36 87 0
0 36 96 0
0 36 97 0
0 36 98 0
0 36 99 0
0 36 100 0
0 36 101 0
0 36 103 0
0 36 112 0
0 36 114 0
0 36 115 0
0 36 116 0
0 36 117 0
0 36 118 0
0 37 1 0
0 37 2 0
0 37 3 0
0 37 4 0
0 37 5 0
0 37 6 0
0 37 7 0
0 37 16 0
0 37 17 0
0 37 23 0
0 37 32 0
0 37 33 0
0 37 35 0
0 37 39 0
0 37 48 0
0 37 51 0
0 37 55 0
0 37 64 0
0 37 68 0
0 37 69 0
0 37 70 0
0 37 71 0
0 37 80 0
0 37 83 0
0 37 84 0
0 37 87 0
0 37 96 0
0 37 97 0
0 37 98 0
0 37 99 0
0 37 100 0
0 37 101 0
0 37 112 0
0 37 114 0
0 37 115 0
0 37 116 0
0 37 117 0
0 37 118 0
0 38 3 0
0 38 17 0
0 38 32 0
0 38 36 0
0 38 48 0
0 38 52 0
0 38 69 0
0 38 70 0
0 38 99 0
0 38 100 0
0 38 114 0
0 38 117 0
0 39 3 0
0 39 70 0
0 39 117 0
0 48 2 0
0 48 3 0
0 48 4 0
0 48 17 0
0 48 20 0
0 48 21 0
0 48 22 0
0 48 34 0
0 48 35 0
0 48 37 0
0 48 38 0
0 48 50 0
0 48 51 0
0 48 52 0
0 48 53 0
0 48 54 0
0 48 55 0
0 48 67 0
0 48 69 0
0 48 70 0
0 48 71 0
0 48 82 0
0 48 83 0
0 48 86 0
0 48 87 0
0 48 98 0
0 48 99 0
0 48 100 0
0 48 103 0
0 48 113 0
0 48 115 0
0 48 116 0
0 48 117 0
0 49 2 0
0 49 3 0
0 49 4 0
0 49 16 0
0 49 17 0
0 49 18 0
0 49 20 0
0 49 21 0
0 49 35 0
0 49 37 0
0 49 38 0
0 49 51 0
0 49 52 0
0 49 53 0
0 49 54 0
0 49 55 0
0 49 67 0
0 49 68 0
0 49 69 0
0 49 70 0
0 49 71 0
0 49 83 0
0 49 84 0
0 49 86 0
0 49 87 0
0 49 98 0
0 49 99 0
0 49 100 0
0 49 101 0
0 49 103 0
0 49 115 0
0 49 116 0
0 49 117 0
0 49 118 0
0 50 2 0
0 50 3 0
0 50 4 0
0 50 16 0
0 50 17 0
0 50 18 0
0 50 21 0
0 50 37 0
0 50 38 0
0 50 52 0
0 50 53 0
0 50 54 0
0 50 55 0
0 50 64 0
0 50 68 0
0 50 69 0
0 50 70 0
0 50 71 0
0 50 84 0
0 50 86 0
0 50 87 0
0 50 98 0
0 50 99 0
0 50 100 0
0 50 101 0
0 50 103 0
0 50 115 0
0 50 116 0
0 50 117 0
0 50 118 0
0 51 1 0
0 51 2 0
0 51 3 0
0 51 4 0
0 51 5 0
0 51 16 0
0 51 17 0
0 51 18 0
0 51 20 0
0 51 21 0
0 51 32 0
0 51 33 0
0 51 38 0
0 51 48 0
0 51 54 0
0 51 55 0
0 51 64 0
0 51 65 0
0 51 69 0
0 51 70 0
0 51 71 0
0 51 80 0
0 51 81 0
0 51 84 0
0 51 86 0
0 51 87 0
0 51 98 0
0 51 99 0
0 51 100 0
0 51 101 0
0 51 103 0
0 51 115 0
0 51 116 0
0 51 117 0
0 51 118 0
0 52 1 0
0 52 2 0
0 52 3 0
0 52 4 0
0 52 5 0
0 52 6 0
0 52 7 0
0 52 16 0
0 52 17 0
0 52 18 0
0 52 20 0
0 52 21 0
0 52 22 0
0 52 32 0
0 52 33 0
0 52 39 0
0 52 48 0
0 52 49 0
0 52 55 0
0 52 64 0
0 52 65 0
0 52 66 0
0 52 70 0
0 52 71 0
0 52 80 0
0 52 82 0
0 52 84 0
0 52 85 0
0 52 86 0
0 52 87 0
0 52 96 0
0 52 97 0
0 52 98 0
0 52 99 0
0 52 100 0
0 52 101 0
0 52 103 0
0 52 112 0
0 52 114 0
0 52 115 0
0 52 116 0
0 52 117 0
0 52 118 0
0 53 1 0
0 53 2 0
0 53 3 0
0 53 5 0
0 53 6 0
0 53 7 0
0 53 16 0
0 53 17 0
0 53 20 0
0 53 21 0
0 53 23 0
0 53 32 0
0 53 33 0
0 53 35 0
0 53 39 0
0 53 48 0
0 53 51 0
0 53 55 0
0 53 64 0
0 53 66 0
0 53 67 0
0 53 71 0
0 53 80 0
0 53 83 0
0 53 84 0
0 53 85 0
0 53 87 0
0 53 96 0
0 53 97 0
0 53 98 0
0 53 99 0
0 53 100 0
0 53 101 0
0 53 112 0
0 53 114 0
0 53 115 0
0 53 116 0
0 53 117 0
0 53 118 0
0 54 3 0
0 54 17 0
0 54 21 0
0 54 32 0
0 54 36 0
0 54 48 0
0 54 52 0
0 54 67 0
0 54 85 0
0 54 99 0
0 54 100 0
0 54 114 0
0 54 117 0
0 55 3 0
0 55 117 0
0 64 1 0
0 64 2 0
0 64 3 0
0 64 6 0
0 64 7 0
0 64 17 0
0 64 22 0
0 64 37 0
0 64 38 0
0 64 39 0
0 64 50 0
0 64 51 0
0 64 52 0
0 64 53 0
0 64 54 0
0 64 55 0
0 64 67 0
0 64 70 0
0 64 71 0
0 64 86 0
0 64 87 0
0 64 96 0
0 64 97 0
0 64 98 0
0 64 99 0
0 64 100 0
0 64 103 0
0 64 112 0
0 64 113 0
0 64 114 0
0 64 115 0
0 64 116 0
0 64 117 0
0 65 1 0
0 65 2 0
0 65 3 0
0 65 4 0
0 65 5 0
0 65 6 0
0 65 7 0
0 65 16 0
0 65 17 0
0 65 18 0
0 65 22 0
0 65 32 0
0 65 37 0
0 65 38 0
0 65 39 0
0 65 51 0
0 65 52 0
0 65 53 0
0 65 54 0
0 65 55 0
0 65 67 0
0 65 68 0
0 65 70 0
0 65 71 0
0 65 83 0
0 65 86 0
0 65 87 0
0 65 96 0
0 65 97 0
0 65 99 0
0 65 100 0
0 65 103 0
0 65 112 0
0 65 114 0
0 65 115 0
0 65 116 0
0 65 117 0
0 66 1 0
0 66 2 0
0 66 3 0
0 66 4 0
0 66 5 0
0 66 6 0
0 66 7 0
0 66 16 0
0 66 17 0
0 66 18 0
0 66 19 0
0 66 22 0
0 66 32 0
0 66 37 0
0 66 38 0
0 66 39 0
0 66 52 0
0 66 53 0
0 66 54 0
0 66 55 0
0 66 64 0
0 66 68 0
0 66 69 0
0 66 70 0
0 66 71 0
0 66 80 0
0 66 84 0
0 66 86 0
0 66 87 0
0 66 96 0
0 66 97 0
0 66 100 0
0 66 101 0
0 66 103 0
0 66 112 0
0 66 114 0
0 66 115 0
0 66 116 0
0 66 117 0
0 66 118 0
0 67 1 0
0 67 2 0
0 67 3 0
0 67 4 0
0 67 5 0
0 67 6 0
0 67 7 0
0 67 16 0
0 67 17 0
0 67 18 0
0 67 19 0
0 67 20 0
0 67 22 0
0 67 32 0
0 67 33 0
0 67 36 0
0 67 37 0
0 67 38 0
0 67 39 0
0 67 48 0
0 67 54 0
0 67 55 0
0 67 64 0
0 67 65 0
0 67 69 0
0 67 70 0
0 67 71 0
0 67 80 0
0 67 81 0
0 67 85 0
0 67 86 0
0 67 87 0
0 67 96 0
0 67 97 0
0 67 100 0
0 67 101 0
0 67 103 0
0 67 112 0
0 67 114 0
0 67 115 0
0 67 116 0
0 67 117 0
0 67 118 0
0 68 1 0
0 68 2 0
0 68 3 0
0 68 4 0
0 68 5 0
0 68 6 0
0 68 7 0
0 68 16 0
0 68 17 0
0 68 18 0
0 68 19 0
0 68 20 0
0 68 22 0
0 68 32 0
0 68 33 0
0 68 36 0
0 68 37 0
0 68 38 0
0 68 39 0
0 68 48 0
0 68 49 0
0 68 55 0
0 68 64 0
0 68 65 0
0 68 66 0
0 68 70 0
0 68 71 0
0 68 80 0
0 68 82 0
0 68 86 0
0 68 87 0
0 68 96 0
0 68 97 0
0 68 98 0
0 68 100 0
0 68 101 0
0 68 103 0
0 68 112 0
0 68 114 0
0 68 115 0
0 68 116 0
0 68 117 0
0 68 118 0
0 69 1 0
0 69 2 0
0 69 3 0
0 69 5 0
0 69 6 0
0 69 7 0
0 69 16 0
0 69 17 0
0 69 20 0
0 69 23 0
0 69 32 0
0 69 33 0
0 69 36 0
0 69 37 0
0 69 38 0
0 69 39 0
0 69 48 0
0 69 51 0
0 69 55 0
0 69 64 0
0 69 66 0
0 69 67 0
0 69 71 0
0 69 80 0
0 69 87 0
0 69 96 0
0 69 98 0
0 69 99 0
0 69 100 0
0 69 101 0
0 69 112 0
0 69 114 0
0 69 115 0
0 69 116 0
0 69 117 0
0 69 118 0
0 70 3 0
0 70 17 0
0 70 32 0
0 70 37 0
0 70 38 0
0 70 39 0
0 70 48 0
0 70 52 0
0 70 67 0
0 70 99 0
0 70 100 0
0 70 114 0
0 70 117 0
0 71 3 0
0 71 38 0
0 71 117 0
0 80 3 0
0 80 6 0
0 80 7 0
0 80 22 0
0 80 37 0
0 80 38 0
0 80 39 0
0 80 54 0
0 80 55 0
0 80 67 0
0 80 70 0
0 80 71 0
0 80 87 0
0 80 100 0
0 80 112 0
0 80 113 0
0 80 114 0
0 80 115 0
0 80 117 0
0 81 1 0
0 81 2 0
0 81 3 0
0 81 4 0
0 81 5 0
0 81 6 0
0 81 7 0
0 81 16 0
0 81 17 0
0 81 18 0
0 81 22 0
0 81 32 0
0 81 37 0
0 81 38 0
0 81 39 0
0 81 50 0
0 81 53 0
0 81 54 0
0 81 55 0
0 81 67 0
0 81 68 0
0 81 70 0
0 81 71 0
0 81 83 0
0 81 86 0
0 81 87 0
0 81 99 0
0 81 100 0
0 81 103 0
0 81 112 0
0 81 113 0
0 81 114 0
0 81 115 0
0 81 116 0
0 81 117 0
0 82 1 0
0 82 2 0
0 82 3 0
0 82 4 0
0 82 5 0
0 82 6 0
0 82 7 0
0 82 16 0
0 82 17 0
0 82 18 0
0 82 22 0
0 82 32 0
0 82 37 0
0 82 38 0
0 82 39 0
0 82 48 0
0 82 50 0
0 82 51 0
0 82 53 0
0 82 54 0
0 82 55 0
0 82 64 0
0 82 68 0
0 82 69 0
0 82 70 0
0 82 71 0
0 82 80 0
0 82 84 0
0 82 86 0
0 82 87 0
0 82 96 0
0 82 100 0
0 82 103 0
0 82 112 0
0 82 113 0
0 82 114 0
0 82 115 0
0 82 116 0
0 82 117 0
0 83 1 0
0 83 2 0
0 83 3 0
0 83 4 0
0 83 5 0
0 83 6 0
0 83 7 0
0 83 16 0
0 83 17 0
0 83 18 0
0 83 22 0
0 83 32 0
0 83 36 0
0 83 37 0
0 83 38 0
0 83 39 0
0 83 48 0
0 83 50 0
0 83 51 0
0 83 52 0
0 83 53 0
0 83 54 0
0 83 55 0
0 83 65 0
0 83 69 0
0 83 70 0
0 83 71 0
0 83 80 0
0 83 81 0
0 83 85 0
0 83 86 0
0 83 87 0
0 83 96 0
0 83 103 0
0 83 112 0
0 83 113 0
0 83 114 0
0 83 115 0
0 83 116 0
0 83 117 0
0 84 1 0
0 84 2 0
0 84 3 0
0 84 4 0
0 84 5 0
0 84 6 0
0 84 7 0
0 84 16 0
0 84 17 0
0 84 18 0
0 84 32 0
0 84 36 0
0 84 38 0
0 84 39 0
0 84 48 0
0 84 51 0
0 84 52 0
0 84 54 0
0 84 55 0
0 84 65 0
0 84 66 0
0 84 70 0
0 84 71 0
0 84 80 0
0 84 82 0
0 84 86 0
0 84 87 0
0 84 96 0
0 84 98 0
0 84 103 0
0 84 112 0
0 84 113 0
0 84 114 0
0 84 115 0
0 84 116 0
0 84 117 0
0 85 1 0
0 85 2 0
0 85 3 0
0 85 5 0
0 85 7 0
0 85 16 0
0 85 32 0
0 85 36 0
0 85 39 0
0 85 48 0
0 85 52 0
0 85 54 0
0 85 55 0
0 85 66 0
0 85 67 0
0 85 71 0
0 85 80 0
0 85 87 0
0 85 99 0
0 85 112 0
0 85 114 0
0 85 116 0
0 85 117 0
0 86 3 0
0 86 32 0
0 86 39 0
0 86 48 0
0 86 54 0
0 86 55 0
0 86 67 0
0 86 114 0
0 86 117 0
0 87 3 0
0 87 54 0
0 87 55 0
0 87 117 0
0 96 39 0
0 97 3 0
0 97 17 0
0 97 32 0
0 97 39 0
0 97 54 0
0 97 55 0
0 97 66 0
0 97 83 0
0 97 99 0
0 97 115 0
0 97 117 0
0 98 3 0
0 98 17 0
0 98 32 0
0 98 39 0
0 98 48 0
0 98 54 0
0 98 55 0
0 98 66 0
0 98 67 0
0 98 84 0
0 98 100 0
0 98 116 0
0 98 117 0
0 99 3 0
0 99 17 0
0 99 32 0
0 99 39 0
0 99 48 0
0 99 52 0
0 99 54 0
0 99 55 0
0 99 66 0
0 99 67 0
0 99 81 0
0 99 85 0
0 99 117 0
0 100 3 0
0 100 17 0
0 100 39 0
0 100 48 0
0 100 52 0
0 100 54 0
0 100 55 0
0 100 67 0
0 100 82 0
0 100 87 0
0 100 98 0
0 100 114 0
0 101 3 0
0 101 39 0
0 101 48 0
0 101 52 0
0 101 55 0
0 101 87 0
0 101 99 0
0 101 114 0
0 101 115 0
0 102 3 0
0 102 39 0
0 102 48 0
0 102 114 0
0 113 99 0
0 113 115 0
0 114 100 0
0 114 116 0
0 115 117 0
0 116 98 0
0 116 114 0
0 117 99 0
0 117 115 0
1 3 6 0
1 3 7 0
1 3 16 0
1 3 22 0
1 3 39 0
1 3 55 0
1 3 67 0
1 3 71 0
1 3 97 0
1 3 100 0
1 3 112 0
1 3 114 0
1 3 115 0
1 3 117 0
1 3 118 0
1 4 6 0
1 4 7 0
1 4 16 0
1 4 22 0
1 4 39 0
1 4 55 0
1 4 67 0
1 4 71 0
1 4 97 0
1 4 100 0
1 4 112 0
1 4 114 0
1 4 115 0
1 4 117 0
1 4 118 0
1 19 2 0
1 19 5 0
1 19 6 0
1 19 16 0
1 19 22 0
1 19 32 0
1 19 33 0
1 19 37 0
1 19 38 0
1 19 39 0
1 19 50 0
1 19 53 0
1 19 54 0
1 19 55 0
1 19 66 0
1 19 70 0
1 19 71 0
1 19 80 0
1 19 81 0
1 19 82 0
1 19 83 0
1 19 84 0
1 19 86 0
1 19 87 0
1 19 96 0
1 19 97 0
1 19 98 0
1 19 99 0
1 19 100 0
1 19 101 0
1 19 103 0
1 19 112 0
1 19 113 0
1 19 114 0
1 19 115 0
1 19 116 0
1 19 117 0
1 19 118 0
1 20 6 0
1 20 7 0
1 20 16 0
1 20 22 0
1 20 38 0
1 20 39 0
1 20 55 0
1 20 67 0
1 20 71 0
1 20 87 0
1 20 97 0
1 20 100 0
1 20 112 0
1 20 113 0
1 20 114 0
1 20 115 0
1 20 117 0
1 20 118 0
1 21 23 0
1 21 114 0
1 32 21 0
1 32 39 0
1 32 50 0
1 32 65 0
1 32 96 0
1 32 113 0
1 32 114 0
1 33 2 0
1 33 5 0
1 33 6 0
1 33 22 0
1 33 23 0
1 33 35 0
1 33 36 0
1 33 37 0
1 33 38 0
1 33 39 0
1 33 51 0
1 33 53 0
1 33 54 0
1 33 55 0
1 33 65 0
1 33 70 0
1 33 71 0
1 33 80 0
1 33 81 0
1 33 82 0
1 33 83 0
1 33 84 0
1 33 86 0
1 33 87 0
1 33 96 0
1 33 97 0
1 33 98 0
1 33 99 0
1 33 100 0
1 33 101 0
1 33 103 0
1 33 112 0
1 33 113 0
1 33 114 0
1 33 115 0
1 33 116 0
1 33 117 0
1 33 118 0
1 34 3 0
1 34 6 0
1 34 7 0
1 34 16 0
1 34 21 0
1 34 22 0
1 34 36 0
1 34 37 0
1 34 38 0
1 34 39 0
1 34 48 0
1 34 52 0
1 34 53 0
1 34 55 0
1 34 65 0
1 34 67 0
1 34 71 0
1 34 82 0
1 34 83 0
1 34 87 0
1 34 96 0
1 34 97 0
1 34 100 0
1 34 112 0
1 34 113 0
1 34 114 0
1 34 115 0
1 34 117 0
1 34 118 0
1 35 2 0
1 35 3 0
1 35 4 0
1 35 5 0
1 35 6 0
1 35 16 0
1 35 22 0
1 35 23 0
1 35 32 0
1 35 33 0
1 35 37 0
1 35 38 0
1 35 39 0
1 35 48 0
1 35 49 0
1 35 53 0
1 35 54 0
1 35 55 0
1 35 67 0
1 35 68 0
1 35 70 0
1 35 71 0
1 35 80 0
1 35 81 0
1 35 82 0
1 35 83 0
1 35 84 0
1 35 86 0
1 35 87 0
1 35 96 0
1 35 97 0
1 35 98 0
1 35 99 0
1 35 100 0
1 35 101 0
1 35 103 0
1 35 112 0
1 35 113 0
1 35 114 0
1 35 115 0
1 35 116 0
1 35 117 0
1 35 118 0
1 36 3 0
1 36 4 0
1 36 6 0
1 36 7 0
1 36 16 0
1 36 22 0
1 36 38 0
1 36 39 0
1 36 48 0
1 36 50 0
1 36 54 0
1 36 55 0
1 36 67 0
1 36 68 0
1 36 69 0
1 36 71 0
1 36 83 0
1 36 84 0
1 36 87 0
1 36 97 0
1 36 100 0
1 36 112 0
1 36 113 0
1 36 114 0
1 36 115 0
1 36 117 0
1 36 118 0
1 37 4 0
1 37 23 0
1 37 48 0
1 37 51 0
1 37 68 0
1 37 69 0
1 37 84 0
1 37 114 0
1 37 117 0
1 38 52 0
1 38 69 0
1 38 117 0
1 48 21 0
1 48 39 0
1 48 50 0
1 48 96 0
1 48 113 0
1 48 114 0
1 49 2 0
1 49 5 0
1 49 6 0
1 49 21 0
1 49 22 0
1 49 23 0
1 49 35 0
1 49 36 0
1 49 37 0
1 49 38 0
1 49 39 0
1 49 51 0
1 49 53 0
1 49 54 0
1 49 55 0
1 49 70 0
1 49 71 0
1 49 80 0
1 49 81 0
1 49 82 0
1 49 83 0
1 49 84 0
1 49 86 0
1 49 87 0
1 49 96 0
1 49 97 0
1 49 98 0
1 49 99 0
1 49 100 0
1 49 101 0
1 49 103 0
1 49 112 0
1 49 113 0
1 49 114 0
1 49 115 0
1 49 116 0
1 49 117 0
1 49 118 0
1 50 2 0
1 50 3 0
1 50 5 0
1 50 6 0
1 50 16 0
1 50 21 0
1 50 22 0
1 50 32 0
1 50 36 0
1 50 37 0
1 50 38 0
1 50 39 0
1 50 48 0
1 50 52 0
1 50 53 0
1 50 54 0
1 50 55 0
1 50 70 0
1 50 71 0
1 50 80 0
1 50 81 0
1 50 82 0
1 50 83 0
1 50 84 0
1 50 86 0
1 50 87 0
1 50 96 0
1 50 97 0
1 50 98 0
1 50 99 0
1 50 100 0
1 50 101 0
1 50 103 0
1 50 112 0
1 50 113 0
1 50 114 0
1 50 115 0
1 50 116 0
1 50 117 0
1 50 118 0
1 51 2 0
1 51 3 0
1 51 5 0
1 51 6 0
1 51 16 0
1 51 22 0
1 51 32 0
1 51 33 0
1 51 37 0
1 51 38 0
1 51 39 0
1 51 48 0
1 51 49 0
1 51 53 0
1 51 54 0
1 51 55 0
1 51 69 0
1 51 70 0
1 51 71 0
1 51 80 0
1 51 81 0
1 51 82 0
1 51 83 0
1 51 84 0
1 51 86 0
1 51 87 0
1 51 96 0
1 51 97 0
1 51 98 0
1 51 99 0
1 51 100 0
1 51 101 0
1 51 103 0
1 51 112 0
1 51 113 0
1 51 114 0
1 51 115 0
1 51 116 0
1 51 117 0
1 51 118 0
1 52 3 0
1 52 6 0
1 52 7 0
1 52 16 0
1 52 22 0
1 52 38 0
1 52 39 0
1 52 48 0
1 52 50 0
1 52 54 0
1 52 70 0
1 52 83 0
1 52 84 0
1 52 85 0
1 52 87 0
1 52 97 0
1 52 112 0
1 52 113 0
1 52 114 0
1 52 117 0
1 53 23 0
1 53 48 0
1 53 51 0
1 53 71 0
1 53 84 0
1 53 85 0
1 53 114 0
1 53 117 0
1 54 52 0
1 54 85 0
1 54 117 0
1 64 50 0
1 64 113 0
1 65 23 0
1 65 51 0
1 65 98 0
1 65 113 0
1 65 114 0
1 66 23 0
1 66 48 0
1 66 52 0
1 66 53 0
1 66 84 0
1 66 98 0
1 66 99 0
1 66 113 0
1 66 114 0
1 66 117 0
1 67 23 0
1 67 36 0
1 67 48 0
1 67 49 0
1 67 53 0
1 67 69 0
1 67 98 0
1 67 99 0
1 67 100 0
1 67 113 0
1 67 114 0
1 67 117 0
1 68 23 0
1 68 36 0
1 68 37 0
1 68 48 0
1 68 50 0
1 68 54 0
1 68 70 0
1 68 82 0
1 68 99 0
1 68 100 0
1 68 113 0
1 68 114 0
1 68 117 0
1 69 23 0
1 69 36 0
1 69 37 0
1 69 48 0
1 69 51 0
1 69 71 0
1 69 100 0
1 69 114 0
1 69 117 0
1 70 37 0
1 70 52 0
1 70 117 0
1 80 113 0
1 81 23 0
1 81 113 0
1 81 114 0
1 82 23 0
1 82 84 0
1 82 113 0
1 82 114 0
1 82 117 0
1 83 23 0
1 83 48 0
1 83 69 0
1 83 113 0
1 83 114 0
1 83 117 0
1 84 23 0
1 84 48 0
1 84 70 0
1 84 82 0
1 84 113 0
1 84 114 0
1 84 117 0
1 85 48 0
1 85 71 0
1 85 114 0
1 85 117 0
1 86 117 0
1 98 84 0
1 100 82 0
2 20 3 0
2 20 6 0
2 20 7 0
2 20 16 0
2 20 22 0
2 20 23 0
2 20 38 0
2 20 39 0
2 20 97 0
2 20 112 0
2 20 113 0
2 20 114 0
2 20 117 0
2 21 23 0
2 21 114 0
2 33 22 0
2 33 51 0
2 33 66 0
2 33 70 0
2 33 97 0
2 33 112 0
2 33 115 0
2 33 116 0
2 33 117 0
2 33 118 0
2 34 3 0
2 34 6 0
2 34 7 0
2 34 16 0
2 34 22 0
2 34 23 0
2 34 38 0
2 34 39 0
2 34 52 0
2 34 66 0
2 34 67 0
2 34 83 0
2 34 97 0
2 34 112 0
2 34 113 0
2 34 114 0
2 34 117 0
2 35 4 0
2 35 22 0
2 35 23 0
2 35 37 0
2 35 49 0
2 35 53 0
2 35 66 0
2 35 67 0
2 35 68 0
2 35 70 0
2 35 83 0
2 35 84 0
2 35 97 0
2 35 112 0
2 35 114 0
2 35 115 0
2 35 116 0
2 35 117 0
2 35 118 0
2 36 3 0
2 36 4 0
2 36 6 0
2 36 7 0
2 36 16 0
2 36 22 0
2 36 23 0
2 36 38 0
2 36 39 0
2 36 50 0
2 36 54 0
2 36 67 0
2 36 68 0
2 36 69 0
2 36 83 0
2 36 84 0
2 36 97 0
2 36 112 0
2 36 113 0
2 36 114 0
2 36 117 0
2 37 4 0
2 37 23 0
2 37 51 0
2 37 68 0
2 37 69 0
2 37 84 0
2 37 114 0
2 38 69 0
2 49 22 0
2 49 51 0
2 49 70 0
2 49 97 0
2 49 112 0
2 49 115 0
2 49 116 0
2 49 117 0
2 49 118 0
2 50 3 0
2 50 6 0
2 50 7 0
2 50 16 0
2 50 22 0
2 50 23 0
2 50 38 0
2 50 39 0
2 50 52 0
2 50 70 0
2 50 83 0
2 50 97 0
2 50 112 0
2 50 113 0
2 50 114 0
2 50 115 0
2 50 116 0
2 50 117 0
2 50 118 0
2 51 3 0
2 51 6 0
2 51 7 0
2 51 16 0
2 51 22 0
2 51 23 0
2 51 37 0
2 51 38 0
2 51 39 0
2 51 49 0
2 51 53 0
2 51 70 0
2 51 83 0
2 51 84 0
2 51 97 0
2 51 112 0
2 51 113 0
2 51 114 0
2 51 115 0
2 51 116 0
2 51 117 0
2 51 118 0
2 52 3 0
2 52 6 0
2 52 7 0
2 52 16 0
2 52 22 0
2 52 23 0
2 52 38 0
2 52 39 0
2 52 50 0
2 52 54 0
2 52 70 0
2 52 83 0
2 52 84 0
2 52 97 0
2 52 112 0
2 52 113 0
2 52 114 0
2 52 117 0
2 53 23 0
2 53 51 0
2 53 71 0
2 53 84 0
2 53 114 0
2 65 51 0
2 65 98 0
2 66 52 0
2 66 84 0
2 66 98 0
2 66 99 0
2 67 49 0
2 67 53 0
2 67 98 0
2 67 99 0
2 67 100 0
2 68 37 0
2 68 50 0
2 68 54 0
2 68 70 0
2 68 99 0
2 68 100 0
2 69 37 0
2 69 51 0
2 69 71 0
2 69 100 0
2 70 37 0
2 82 84 0
2 84 70 0
2 85 71 0
2 98 84 0
3 21 23 0
3 21 114 0
3 33 51 0
3 33 66 0
3 34 7 0
3 34 16 0
3 34 22 0
3 34 23 0
3 34 52 0
3 34 66 0
3 34 67 0
3 34 83 0
3 34 97 0
3 34 113 0
3 34 117 0
3 35 23 0
3 35 49 0
3 35 53 0
3 35 66 0
3 35 67 0
3 35 68 0
3 35 83 0
3 35 84 0
3 35 114 0
3 36 7 0
3 36 16 0
3 36 22 0
3 36 23 0
3 36 38 0
3 36 50 0
3 36 54 0
3 36 67 0
3 36 68 0
3 36 69 0
3 36 83 0
3 36 84 0
3 36 97 0
3 36 113 0
3 36 117 0
3 37 23 0
3 37 51 0
3 37 68 0
3 37 69 0
3 37 84 0
3 37 114 0
3 38 69 0
3 49 51 0
3 50 7 0
3 50 16 0
3 50 22 0
3 50 23 0
3 50 52 0
3 50 83 0
3 50 97 0
3 50 113 0
3 50 117 0
3 51 7 0
3 51 16 0
3 51 22 0
3 51 23 0
3 51 49 0
3 51 53 0
3 51 84 0
3 51 97 0
3 51 113 0
3 51 114 0
3 51 117 0
3 52 7 0
3 52 16 0
3 52 22 0
3 52 23 0
3 52 38 0
3 52 50 0
3 52 54 0
3 52 83 0
3 52 97 0
3 52 113 0
3 52 114 0
3 52 117 0
3 53 23 0
3 53 51 0
3 53 84 0
3 53 114 0
3 65 51 0
3 66 52 0
3 66 99 0
3 67 49 0
3 67 53 0
3 67 99 0
3 67 100 0
3 68 50 0
3 68 54 0
3 68 99 0
3 68 100 0
3 69 51 0
3 69 100 0
17 19 113 0
17 20 113 0
17 35 23 0
17 35 53 0
17 35 83 0
17 36 83 0
17 36 113 0
17 49 23 0
17 50 53 0
17 50 83 0
17 50 113 0
17 51 23 0
17 51 113 0
17 52 83 0
17 52 113 0
17 65 23 0
17 66 23 0
17 66 53 0
17 67 23 0
17 67 53 0
