2 4 3 0
2 4 54 0
2 4 71 0
2 6 4 0
2 6 68 0
2 7 4 0
2 7 53 0
2 7 68 0
2 16 19 0
2 23 53 0
3 0 80 0
3 0 83 0
3 1 80 0
3 1 83 0
3 6 68 0
3 6 71 0
3 7 49 0
3 7 64 0
3 7 84 0
3 7 87 0
3 16 19 0
3 17 19 0
3 22 68 0
3 22 71 0
3 23 68 0
3 23 71 0
18 4 3 0
18 4 36 0
18 4 54 0
18 4 66 0
18 4 68 0
18 4 71 0
18 5 36 0
18 5 68 0
18 6 4 0
18 6 68 0
18 7 4 0
18 7 53 0
18 7 68 0
18 16 5 0
18 16 39 0
18 16 54 0
18 16 87 0
18 16 103 0
18 20 54 0
18 23 53 0
18 32 51 0
18 32 99 0
18 48 51 0
19 0 23 0
19 0 38 0
19 1 23 0
19 1 38 0
19 5 23 0
19 7 16 0
19 7 33 0
19 7 117 0
19 16 4 0
19 16 7 0
19 16 22 0
19 16 36 0
19 16 37 0
19 16 49 0
19 16 52 0
19 16 53 0
19 16 81 0
19 16 85 0
19 16 97 0
19 16 98 0
19 16 100 0
19 16 101 0
19 16 112 0
19 16 115 0
19 16 118 0
19 17 4 0
19 17 7 0
19 17 22 0
19 17 36 0
19 17 37 0
19 17 49 0
19 17 52 0
19 17 53 0
19 17 81 0
19 17 85 0
19 17 97 0
19 17 98 0
19 17 100 0
19 17 101 0
19 17 112 0
19 17 115 0
19 17 118 0
19 21 3 0
19 21 23 0
19 22 3 0
19 22 20 0
19 22 71 0
19 23 3 0
19 23 20 0
19 23 71 0
19 23 99 0
19 32 51 0
19 32 100 0
19 38 20 0
19 38 68 0
19 38 71 0
19 39 3 0
19 39 20 0
19 39 52 0
19 39 68 0
19 39 71 0
19 39 99 0
19 48 51 0
34 2 35 0
34 2 39 0
34 2 65 0
34 2 87 0
34 2 102 0
34 2 116 0
34 2 119 0
34 3 5 0
34 3 6 0
34 3 7 0
34 3 18 0
34 3 21 0
34 3 33 0
34 3 36 0
34 3 50 0
34 3 53 0
34 3 55 0
34 3 65 0
34 3 66 0
34 3 68 0
34 3 69 0
34 3 71 0
34 3 81 0
34 3 82 0
34 3 84 0
34 3 85 0
34 3 96 0
34 3 102 0
34 3 119 0
34 4 7 0
34 4 35 0
34 4 36 0
34 4 54 0
34 4 55 0
34 4 66 0
34 4 68 0
34 4 71 0
34 5 7 0
34 5 36 0
34 5 55 0
34 5 68 0
34 6 4 0
34 6 68 0
34 7 4 0
34 7 53 0
34 7 68 0
34 20 54 0
34 23 53 0
34 32 20 0
34 32 50 0
34 32 71 0
34 32 102 0
34 32 114 0
34 32 117 0
34 32 119 0
34 48 6 0
34 48 18 0
34 48 20 0
34 48 21 0
34 48 33 0
34 48 35 0
34 48 36 0
34 48 37 0
34 48 66 0
34 48 68 0
34 48 69 0
34 48 80 0
34 48 81 0
34 48 83 0
34 48 84 0
34 48 85 0
34 48 96 0
34 48 102 0
34 48 112 0
34 48 115 0
34 48 116 0
34 48 119 0
34 64 36 0
34 64 50 0
34 64 66 0
34 64 68 0
34 64 99 0
34 64 112 0
34 64 115 0
34 64 116 0
34 65 99 0
34 80 66 0
34 80 68 0
34 80 112 0
34 80 115 0
34 96 64 0
34 96 68 0
34 112 64 0
34 112 68 0
34 112 83 0
34 113 83 0
35 4 2 0
35 5 23 0
35 7 16 0
35 7 33 0
35 7 49 0
35 7 64 0
35 7 117 0
35 16 5 0
35 16 55 0
35 16 70 0
35 16 86 0
35 16 87 0
35 17 5 0
35 17 55 0
35 17 70 0
35 17 86 0
35 17 87 0
35 21 3 0
35 21 23 0
35 21 34 0
35 21 51 0
35 21 53 0
35 21 83 0
35 21 85 0
35 21 98 0
35 21 99 0
35 21 113 0
35 22 3 0
35 22 20 0
35 22 34 0
35 22 51 0
35 22 53 0
35 22 71 0
35 22 83 0
35 22 85 0
35 22 99 0
35 23 3 0
35 23 20 0
35 23 34 0
35 23 36 0
35 23 51 0
35 23 71 0
35 23 99 0
35 32 0 0
35 32 6 0
35 32 20 0
35 32 21 0
35 32 36 0
35 32 37 0
35 32 65 0
35 32 68 0
35 32 69 0
35 32 81 0
35 32 84 0
35 32 85 0
35 32 96 0
35 32 101 0
35 32 102 0
35 32 113 0
35 32 114 0
35 32 116 0
35 32 117 0
35 32 118 0
35 32 119 0
35 33 0 0
35 33 6 0
35 33 20 0
35 33 21 0
35 33 36 0
35 33 37 0
35 33 39 0
35 33 54 0
35 33 65 0
35 33 68 0
35 33 69 0
35 33 81 0
35 33 84 0
35 33 85 0
35 33 96 0
35 33 101 0
35 33 102 0
35 33 113 0
35 33 114 0
35 33 116 0
35 33 117 0
35 33 118 0
35 33 119 0
35 37 23 0
35 37 36 0
35 37 52 0
35 37 83 0
35 37 98 0
35 37 113 0
35 38 20 0
35 38 52 0
35 38 68 0
35 38 71 0
35 39 3 0
35 39 20 0
35 39 52 0
35 39 68 0
35 39 71 0
35 39 99 0
35 48 83 0
35 48 96 0
35 48 116 0
35 49 83 0
35 49 96 0
35 55 68 0
35 64 116 0
35 71 68 0
35 80 112 0
35 80 115 0
35 87 68 0
35 87 116 0
35 96 68 0
35 112 64 0
35 112 68 0
35 112 83 0
35 113 83 0
51 0 39 0
51 0 102 0
51 0 114 0
51 0 119 0
51 1 7 0
51 1 19 0
51 1 20 0
51 1 22 0
51 1 50 0
51 1 65 0
51 1 68 0
51 1 70 0
51 1 80 0
51 1 81 0
51 1 82 0
51 1 83 0
51 1 84 0
51 1 85 0
51 1 96 0
51 1 97 0
51 1 98 0
51 1 99 0
51 1 100 0
51 1 101 0
51 1 112 0
51 1 113 0
51 1 115 0
51 1 116 0
51 1 118 0
51 2 0 0
51 2 7 0
51 2 16 0
51 2 20 0
51 2 22 0
51 2 35 0
51 2 48 0
51 2 50 0
51 2 65 0
51 2 68 0
51 2 69 0
51 2 70 0
51 2 81 0
51 2 82 0
51 2 83 0
51 2 84 0
51 2 85 0
51 2 86 0
51 2 97 0
51 2 98 0
51 2 99 0
51 2 100 0
51 2 101 0
51 2 103 0
51 2 112 0
51 2 113 0
51 2 116 0
51 2 118 0
51 3 7 0
51 3 22 0
51 3 35 0
51 3 36 0
51 3 50 0
51 3 52 0
51 3 65 0
51 3 68 0
51 3 69 0
51 3 70 0
51 3 81 0
51 3 82 0
51 3 83 0
51 3 84 0
51 3 85 0
51 3 86 0
51 3 97 0
51 3 98 0
51 3 99 0
51 3 100 0
51 3 101 0
51 3 103 0
51 3 112 0
51 3 113 0
51 3 116 0
51 4 22 0
51 4 35 0
51 4 36 0
51 4 37 0
51 4 38 0
51 4 39 0
51 4 52 0
51 4 53 0
51 4 67 0
51 4 68 0
51 4 82 0
51 4 85 0
51 4 86 0
51 4 97 0
51 4 101 0
51 4 102 0
51 4 112 0
51 4 116 0
51 5 3 0
51 5 36 0
51 5 37 0
51 5 38 0
51 5 39 0
51 5 52 0
51 5 53 0
51 5 67 0
51 5 68 0
51 5 82 0
51 5 85 0
51 5 86 0
51 5 97 0
51 5 101 0
51 5 102 0
51 5 112 0
51 5 116 0
51 6 20 0
51 6 37 0
51 6 38 0
51 6 53 0
51 6 67 0
51 6 82 0
51 6 85 0
51 6 86 0
51 6 97 0
51 6 101 0
51 6 102 0
51 6 112 0
51 6 116 0
51 7 16 0
51 7 19 0
51 7 33 0
51 7 38 0
51 7 49 0
51 7 64 0
51 7 66 0
51 7 97 0
51 7 112 0
51 7 117 0
51 16 4 0
51 16 5 0
51 16 6 0
51 16 7 0
51 16 20 0
51 16 21 0
51 16 22 0
51 16 23 0
51 16 35 0
51 16 36 0
51 16 37 0
51 16 38 0
51 16 49 0
51 16 52 0
51 16 53 0
51 16 54 0
51 16 55 0
51 16 65 0
51 16 68 0
51 16 69 0
51 16 70 0
51 16 71 0
51 16 81 0
51 16 85 0
51 16 86 0
51 16 97 0
51 16 98 0
51 16 100 0
51 16 103 0
51 16 112 0
51 16 115 0
51 17 4 0
51 17 5 0
51 17 7 0
51 17 19 0
51 17 20 0
51 17 22 0
51 17 35 0
51 17 36 0
51 17 37 0
51 17 49 0
51 17 50 0
51 17 52 0
51 17 53 0
51 17 65 0
51 17 68 0
51 17 69 0
51 17 70 0
51 17 80 0
51 17 81 0
51 17 82 0
51 17 83 0
51 17 84 0
51 17 85 0
51 17 86 0
51 17 97 0
51 17 98 0
51 17 100 0
51 17 101 0
51 17 103 0
51 17 112 0
51 17 115 0
51 17 118 0
51 18 0 0
51 18 4 0
51 18 5 0
51 18 6 0
51 18 7 0
51 18 16 0
51 18 20 0
51 18 22 0
51 18 23 0
51 18 35 0
51 18 36 0
51 18 37 0
51 18 38 0
51 18 48 0
51 18 49 0
51 18 52 0
51 18 53 0
51 18 54 0
51 18 55 0
51 18 65 0
51 18 68 0
51 18 69 0
51 18 70 0
51 18 71 0
51 18 81 0
51 18 83 0
51 18 84 0
51 18 85 0
51 18 86 0
51 18 97 0
51 18 98 0
51 18 100 0
51 18 101 0
51 18 103 0
51 18 112 0
51 18 118 0
51 19 1 0
51 19 7 0
51 19 22 0
51 19 35 0
51 19 36 0
51 19 50 0
51 19 52 0
51 19 65 0
51 19 68 0
51 19 70 0
51 19 80 0
51 19 81 0
51 19 82 0
51 19 83 0
51 19 84 0
51 19 85 0
51 19 96 0
51 19 97 0
51 19 98 0
51 19 99 0
51 19 100 0
51 19 101 0
51 19 112 0
51 19 113 0
51 19 115 0
51 19 116 0
51 20 22 0
51 20 38 0
51 20 53 0
51 20 67 0
51 20 82 0
51 20 85 0
51 20 86 0
51 20 97 0
51 20 101 0
51 20 102 0
51 20 112 0
51 20 116 0
51 21 3 0
51 21 23 0
51 21 52 0
51 21 53 0
51 21 68 0
51 21 85 0
51 22 3 0
51 22 20 0
51 22 53 0
51 22 71 0
51 22 85 0
51 23 3 0
51 23 20 0
51 23 36 0
51 23 71 0
51 23 99 0
51 32 0 0
51 32 1 0
51 32 3 0
51 32 4 0
51 32 7 0
51 32 20 0
51 32 22 0
51 32 35 0
51 32 37 0
51 32 52 0
51 32 53 0
51 32 54 0
51 32 65 0
51 32 68 0
51 32 69 0
51 32 70 0
51 32 71 0
51 32 84 0
51 32 85 0
51 32 86 0
51 32 97 0
51 32 98 0
51 32 100 0
51 32 101 0
51 32 103 0
51 32 112 0
51 32 115 0
51 32 118 0
51 33 0 0
51 33 1 0
51 33 3 0
51 33 7 0
51 33 19 0
51 33 20 0
51 33 22 0
51 33 53 0
51 33 65 0
51 33 68 0
51 33 69 0
51 33 70 0
51 33 80 0
51 33 82 0
51 33 83 0
51 33 84 0
51 33 85 0
51 33 86 0
51 33 96 0
51 33 97 0
51 33 98 0
51 33 99 0
51 33 100 0
51 33 101 0
51 33 103 0
51 33 112 0
51 33 113 0
51 33 115 0
51 33 116 0
51 33 118 0
51 37 7 0
51 37 36 0
51 37 68 0
51 37 85 0
51 38 7 0
51 38 20 0
51 38 68 0
51 38 71 0
51 38 85 0
51 39 3 0
51 39 4 0
51 39 7 0
51 39 20 0
51 39 52 0
51 39 68 0
51 39 71 0
51 39 99 0
51 48 7 0
51 48 22 0
51 48 35 0
51 48 37 0
51 48 50 0
51 48 52 0
51 48 53 0
51 48 67 0
51 48 70 0
51 48 83 0
51 48 84 0
51 48 85 0
51 48 97 0
51 48 98 0
51 48 100 0
51 48 101 0
51 48 112 0
51 48 118 0
51 49 6 0
51 49 7 0
51 49 21 0
51 49 22 0
51 49 35 0
51 49 36 0
51 49 37 0
51 49 52 0
51 49 53 0
51 49 55 0
51 49 67 0
51 49 70 0
51 49 81 0
51 49 83 0
51 49 85 0
51 49 97 0
51 49 98 0
51 49 100 0
51 49 112 0
51 53 68 0
51 54 68 0
51 55 36 0
51 55 68 0
51 64 67 0
51 64 82 0
51 64 83 0
51 64 85 0
51 64 98 0
51 64 99 0
51 64 116 0
51 65 68 0
51 65 99 0
51 65 116 0
51 69 68 0
51 70 68 0
51 71 52 0
51 71 68 0
51 71 85 0
51 71 100 0
51 80 67 0
51 80 82 0
51 80 83 0
51 80 112 0
51 81 67 0
51 81 112 0
51 82 112 0
51 83 68 0
51 84 68 0
51 85 68 0
51 86 68 0
51 87 67 0
51 87 68 0
51 87 85 0
51 87 116 0
51 96 48 0
51 96 68 0
51 96 82 0
51 96 83 0
51 97 48 0
51 97 65 0
51 97 68 0
51 97 116 0
51 102 55 0
51 102 67 0
51 102 115 0
51 103 52 0
51 103 67 0
51 103 68 0
51 103 85 0
51 103 115 0
51 112 48 0
51 112 68 0
51 112 83 0
51 113 48 0
51 113 68 0
51 113 82 0
51 113 83 0
51 114 64 0
51 114 82 0
51 115 82 0
51 116 85 0
51 117 71 0
51 117 85 0
51 118 67 0
51 118 85 0
51 118 115 0
51 119 52 0
51 119 67 0
51 119 68 0
51 119 71 0
51 119 115 0
51 119 116 0
