0 2 1 0
0 2 49 0
0 2 52 0
0 2 69 0
0 2 86 0
0 2 103 0
0 3 69 0
0 3 86 0
0 4 1 0
0 4 2 0
0 4 18 0
0 4 50 0
0 4 65 0
0 4 66 0
0 4 68 0
0 4 69 0
0 4 80 0
0 4 86 0
0 4 103 0
0 5 1 0
0 5 2 0
0 5 18 0
0 5 35 0
0 5 50 0
0 5 51 0
0 5 65 0
0 5 66 0
0 5 68 0
0 5 69 0
0 5 80 0
0 5 86 0
0 5 103 0
0 6 1 0
0 6 2 0
0 6 3 0
0 6 16 0
0 6 19 0
0 6 32 0
0 6 33 0
0 6 35 0
0 6 50 0
0 6 51 0
0 6 52 0
0 6 55 0
0 6 64 0
0 6 65 0
0 6 66 0
0 6 67 0
0 6 68 0
0 6 69 0
0 6 70 0
0 6 80 0
0 6 81 0
0 6 82 0
0 6 83 0
0 6 84 0
0 6 85 0
0 6 86 0
0 6 97 0
0 6 101 0
0 6 103 0
0 6 112 0
0 6 118 0
0 7 1 0
0 7 2 0
0 7 3 0
0 7 4 0
0 7 5 0
0 7 16 0
0 7 19 0
0 7 32 0
0 7 33 0
0 7 34 0
0 7 35 0
0 7 49 0
0 7 50 0
0 7 51 0
0 7 53 0
0 7 55 0
0 7 64 0
0 7 65 0
0 7 66 0
0 7 67 0
0 7 68 0
0 7 69 0
0 7 70 0
0 7 71 0
0 7 80 0
0 7 81 0
0 7 82 0
0 7 83 0
0 7 84 0
0 7 85 0
0 7 86 0
0 7 97 0
0 7 101 0
0 7 103 0
0 7 112 0
0 7 118 0
0 20 50 0
0 21 50 0
0 21 51 0
0 22 19 0
0 22 35 0
0 22 50 0
0 22 51 0
0 22 52 0
0 22 67 0
0 22 68 0
0 22 82 0
0 22 83 0
0 22 86 0
0 22 97 0
0 22 101 0
0 22 112 0
0 23 4 0
0 23 5 0
0 23 19 0
0 23 35 0
0 23 49 0
0 23 50 0
0 23 51 0
0 23 53 0
0 23 64 0
0 23 65 0
0 23 67 0
0 23 68 0
0 23 69 0
0 23 71 0
0 23 82 0
0 23 83 0
0 23 84 0
0 23 86 0
0 23 97 0
0 23 101 0
0 23 112 0
0 32 19 0
0 32 67 0
0 32 84 0
0 32 101 0
0 32 118 0
0 38 35 0
0 38 50 0
0 38 51 0
0 38 67 0
0 38 68 0
0 38 82 0
0 38 83 0
0 38 101 0
0 39 35 0
0 39 50 0
0 39 51 0
0 39 52 0
0 39 67 0
0 39 68 0
0 39 69 0
0 39 82 0
0 39 83 0
0 39 84 0
0 39 101 0
0 48 101 0
0 54 35 0
0 54 50 0
0 54 51 0
0 55 35 0
0 55 50 0
0 55 51 0
0 55 52 0
0 55 67 0
0 55 82 0
0 55 84 0
0 55 101 0
0 64 33 0
0 64 35 0
0 64 101 0
0 64 118 0
0 65 35 0
0 69 35 0
0 70 35 0
0 70 50 0
0 70 51 0
0 71 35 0
0 71 50 0
0 71 51 0
0 71 52 0
0 71 67 0
0 71 82 0
0 71 99 0
0 71 101 0
0 80 33 0
0 80 35 0
0 80 50 0
0 80 51 0
0 80 101 0
0 80 118 0
0 81 35 0
0 81 51 0
0 84 50 0
0 85 35 0
0 85 50 0
0 85 51 0
0 86 35 0
0 86 50 0
0 86 51 0
0 86 52 0
0 87 35 0
0 87 50 0
0 87 51 0
0 87 52 0
0 87 53 0
0 87 67 0
0 87 82 0
0 87 99 0
0 87 101 0
0 96 7 0
0 96 22 0
0 96 33 0
0 96 35 0
0 96 37 0
0 96 48 0
0 96 49 0
0 96 50 0
0 96 51 0
0 96 52 0
0 96 53 0
0 96 67 0
0 96 85 0
0 96 100 0
0 96 101 0
0 96 115 0
0 96 118 0
0 97 7 0
0 97 22 0
0 97 35 0
0 97 37 0
0 97 49 0
0 97 50 0
0 97 51 0
0 97 52 0
0 97 53 0
0 97 67 0
0 97 101 0
0 98 35 0
0 98 37 0
0 98 50 0
0 98 51 0
0 98 52 0
0 98 53 0
0 99 35 0
0 99 50 0
0 99 51 0
0 100 35 0
0 100 50 0
0 100 51 0
0 101 35 0
0 101 50 0
0 101 51 0
0 101 67 0
0 102 35 0
0 102 50 0
0 102 51 0
0 102 52 0
0 102 67 0
0 103 35 0
0 103 38 0
0 103 50 0
0 103 51 0
0 103 52 0
0 103 53 0
0 103 55 0
0 103 67 0
0 103 99 0
0 103 101 0
0 103 116 0
0 112 7 0
0 112 22 0
0 112 33 0
0 112 34 0
0 112 35 0
0 112 37 0
0 112 48 0
0 112 49 0
0 112 50 0
0 112 51 0
0 112 52 0
0 112 53 0
0 112 68 0
0 112 80 0
0 112 83 0
0 112 85 0
0 112 100 0
0 112 101 0
0 112 115 0
0 112 118 0
0 113 7 0
0 113 22 0
0 113 35 0
0 113 37 0
0 113 49 0
0 113 50 0
0 113 51 0
0 113 52 0
0 113 53 0
0 113 68 0
0 113 80 0
0 113 83 0
0 113 101 0
0 114 35 0
0 114 37 0
0 114 50 0
0 114 51 0
0 114 52 0
0 114 53 0
0 114 67 0
0 114 68 0
0 115 35 0
0 115 37 0
0 115 50 0
0 115 51 0
0 115 52 0
0 115 67 0
0 116 35 0
0 116 37 0
0 116 50 0
0 116 51 0
0 116 52 0
0 116 54 0
0 116 67 0
0 117 35 0
0 117 37 0
0 117 50 0
0 117 51 0
0 117 52 0
0 117 54 0
0 117 67 0
0 117 83 0
0 117 86 0
0 118 35 0
0 118 50 0
0 118 51 0
0 118 52 0
0 118 54 0
0 118 67 0
0 118 71 0
0 118 83 0
0 118 84 0
0 118 86 0
0 118 98 0
0 118 115 0
0 119 17 0
0 119 23 0
0 119 34 0
0 119 35 0
0 119 38 0
0 119 50 0
0 119 51 0
0 119 52 0
0 119 53 0
0 119 54 0
0 119 55 0
0 119 67 0
0 119 71 0
0 119 83 0
0 119 84 0
0 119 86 0
0 119 98 0
0 119 99 0
0 119 101 0
0 119 113 0
0 119 115 0
0 119 116 0
1 3 5 0
1 3 18 0
1 3 33 0
1 3 36 0
1 3 49 0
1 3 52 0
1 3 64 0
1 3 65 0
1 3 66 0
1 3 68 0
1 3 69 0
1 3 80 0
1 3 85 0
1 3 86 0
1 3 103 0
1 4 2 0
1 4 18 0
1 4 33 0
1 4 34 0
1 4 36 0
1 4 37 0
1 4 49 0
1 4 52 0
1 4 53 0
1 4 64 0
1 4 65 0
1 4 66 0
1 4 68 0
1 4 69 0
1 4 80 0
1 4 85 0
1 4 86 0
1 4 103 0
1 5 2 0
1 5 3 0
1 5 7 0
1 5 16 0
1 5 17 0
1 5 18 0
1 5 32 0
1 5 33 0
1 5 34 0
1 5 35 0
1 5 36 0
1 5 37 0
1 5 38 0
1 5 48 0
1 5 49 0
1 5 52 0
1 5 53 0
1 5 64 0
1 5 65 0
1 5 66 0
1 5 68 0
1 5 69 0
1 5 80 0
1 5 81 0
1 5 83 0
1 5 84 0
1 5 86 0
1 5 96 0
1 5 97 0
1 5 99 0
1 5 100 0
1 5 101 0
1 5 112 0
1 5 113 0
1 5 115 0
1 5 116 0
1 5 118 0
1 6 2 0
1 6 3 0
1 6 4 0
1 6 16 0
1 6 17 0
1 6 20 0
1 6 32 0
1 6 33 0
1 6 34 0
1 6 35 0
1 6 37 0
1 6 38 0
1 6 48 0
1 6 49 0
1 6 53 0
1 6 64 0
1 6 65 0
1 6 66 0
1 6 68 0
1 6 69 0
1 6 80 0
1 6 81 0
1 6 83 0
1 6 84 0
1 6 86 0
1 6 96 0
1 6 97 0
1 6 98 0
1 6 99 0
1 6 100 0
1 6 101 0
1 6 112 0
1 6 113 0
1 6 115 0
1 6 116 0
1 6 118 0
1 7 0 0
1 7 2 0
1 7 3 0
1 7 16 0
1 7 17 0
1 7 21 0
1 7 32 0
1 7 33 0
1 7 34 0
1 7 35 0
1 7 38 0
1 7 48 0
1 7 49 0
1 7 64 0
1 7 65 0
1 7 66 0
1 7 69 0
1 7 80 0
1 7 81 0
1 7 96 0
1 7 114 0
1 7 115 0
1 7 116 0
1 7 117 0
1 7 118 0
1 19 65 0
1 19 68 0
1 20 65 0
1 20 66 0
1 20 68 0
1 20 69 0
1 21 19 0
1 21 51 0
1 21 65 0
1 21 66 0
1 21 68 0
1 21 69 0
1 21 70 0
1 21 85 0
1 21 96 0
1 22 4 0
1 22 19 0
1 22 20 0
1 22 35 0
1 22 48 0
1 22 49 0
1 22 51 0
1 22 64 0
1 22 65 0
1 22 66 0
1 22 68 0
1 22 69 0
1 22 70 0
1 22 83 0
1 22 85 0
1 22 86 0
1 22 96 0
1 22 97 0
1 22 99 0
1 22 100 0
1 22 101 0
1 22 103 0
1 22 112 0
1 22 113 0
1 22 115 0
1 22 116 0
1 23 0 0
1 23 4 0
1 23 16 0
1 23 17 0
1 23 19 0
1 23 21 0
1 23 32 0
1 23 33 0
1 23 34 0
1 23 35 0
1 23 37 0
1 23 48 0
1 23 49 0
1 23 51 0
1 23 64 0
1 23 65 0
1 23 66 0
1 23 69 0
1 23 70 0
1 23 80 0
1 23 81 0
1 23 85 0
1 23 96 0
1 23 97 0
1 23 100 0
1 23 103 0
1 23 112 0
1 23 114 0
1 23 115 0
1 23 116 0
1 23 117 0
1 23 118 0
1 32 0 0
1 32 2 0
1 32 3 0
1 32 16 0
1 32 19 0
1 32 22 0
1 32 51 0
1 32 52 0
1 32 53 0
1 32 64 0
1 32 85 0
1 32 98 0
1 32 118 0
1 33 0 0
1 33 16 0
1 33 17 0
1 33 19 0
1 33 20 0
1 33 64 0
1 33 68 0
1 33 85 0
1 33 102 0
1 33 119 0
1 35 65 0
1 35 85 0
1 36 65 0
1 36 66 0
1 37 19 0
1 37 65 0
1 37 66 0
1 37 67 0
1 38 7 0
1 38 19 0
1 38 20 0
1 38 35 0
1 38 51 0
1 38 64 0
1 38 65 0
1 38 66 0
1 38 67 0
1 38 68 0
1 38 83 0
1 38 97 0
1 38 99 0
1 38 101 0
1 38 112 0
1 38 113 0
1 39 0 0
1 39 5 0
1 39 7 0
1 39 16 0
1 39 17 0
1 39 19 0
1 39 20 0
1 39 21 0
1 39 32 0
1 39 33 0
1 39 34 0
1 39 35 0
1 39 36 0
1 39 37 0
1 39 51 0
1 39 52 0
1 39 64 0
1 39 65 0
1 39 66 0
1 39 67 0
1 39 69 0
1 39 80 0
1 39 81 0
1 39 85 0
1 39 87 0
1 39 97 0
1 39 98 0
1 39 100 0
1 39 101 0
1 39 103 0
1 39 112 0
1 39 113 0
1 39 114 0
1 39 118 0
1 48 0 0
1 48 3 0
1 48 16 0
1 48 19 0
1 48 22 0
1 48 36 0
1 48 51 0
1 48 52 0
1 48 53 0
1 48 85 0
1 48 98 0
1 48 100 0
1 48 101 0
1 48 118 0
1 49 0 0
1 53 65 0
1 54 7 0
1 54 19 0
1 54 22 0
1 54 35 0
1 54 51 0
1 54 64 0
1 54 65 0
1 54 66 0
1 54 97 0
1 54 99 0
1 54 112 0
1 54 113 0
1 55 0 0
1 55 7 0
1 55 16 0
1 55 17 0
1 55 19 0
1 55 21 0
1 55 22 0
1 55 23 0
1 55 32 0
1 55 33 0
1 55 34 0
1 55 35 0
1 55 36 0
1 55 37 0
1 55 51 0
1 55 52 0
1 55 64 0
1 55 65 0
1 55 66 0
1 55 67 0
1 55 68 0
1 55 81 0
1 55 84 0
1 55 85 0
1 55 97 0
1 55 98 0
1 55 99 0
1 55 100 0
1 55 101 0
1 55 112 0
1 55 113 0
1 55 118 0
1 55 119 0
1 64 0 0
1 64 3 0
1 64 4 0
1 64 6 0
1 64 16 0
1 64 17 0
1 64 19 0
1 64 20 0
1 64 21 0
1 64 22 0
1 64 33 0
1 64 35 0
1 64 36 0
1 64 39 0
1 64 51 0
1 64 52 0
1 64 53 0
1 64 68 0
1 64 69 0
1 64 70 0
1 64 71 0
1 64 85 0
1 64 87 0
1 64 98 0
1 64 99 0
1 64 100 0
1 64 101 0
1 64 102 0
1 64 115 0
1 64 116 0
1 64 118 0
1 64 119 0
1 65 0 0
1 65 17 0
1 65 21 0
1 65 33 0
1 65 34 0
1 65 35 0
1 65 36 0
1 65 69 0
1 65 102 0
1 65 119 0
1 66 21 0
1 66 33 0
1 66 34 0
1 66 36 0
1 66 101 0
1 67 17 0
1 67 21 0
1 67 34 0
1 67 35 0
1 68 21 0
1 68 22 0
1 69 21 0
1 69 35 0
1 69 65 0
1 70 7 0
1 70 19 0
1 70 21 0
1 70 22 0
1 70 35 0
1 70 36 0
1 70 50 0
1 70 51 0
1 70 64 0
1 70 65 0
1 70 66 0
1 70 97 0
1 70 98 0
1 70 99 0
1 70 112 0
1 70 113 0
1 71 0 0
1 71 7 0
1 71 16 0
1 71 17 0
1 71 19 0
1 71 21 0
1 71 22 0
1 71 23 0
1 71 32 0
1 71 33 0
1 71 34 0
1 71 35 0
1 71 36 0
1 71 37 0
1 71 51 0
1 71 52 0
1 71 64 0
1 71 65 0
1 71 66 0
1 71 67 0
1 71 68 0
1 71 81 0
1 71 97 0
1 71 98 0
1 71 99 0
1 71 100 0
1 71 101 0
1 71 112 0
1 71 113 0
1 71 118 0
1 71 119 0
1 80 0 0
1 80 3 0
1 80 4 0
1 80 6 0
1 80 16 0
1 80 17 0
1 80 19 0
1 80 20 0
1 80 21 0
1 80 22 0
1 80 33 0
1 80 35 0
1 80 36 0
1 80 39 0
1 80 48 0
1 80 50 0
1 80 51 0
1 80 52 0
1 80 53 0
1 80 68 0
1 80 69 0
1 80 70 0
1 80 71 0
1 80 85 0
1 80 87 0
1 80 98 0
1 80 99 0
1 80 100 0
1 80 101 0
1 80 102 0
1 80 115 0
1 80 116 0
1 80 118 0
1 80 119 0
1 81 0 0
1 81 17 0
1 81 21 0
1 81 33 0
1 81 34 0
1 81 35 0
1 81 36 0
1 81 51 0
1 81 52 0
1 81 69 0
1 81 102 0
1 81 119 0
1 82 21 0
1 82 33 0
1 82 34 0
1 82 36 0
1 82 52 0
1 83 21 0
1 83 34 0
1 84 21 0
1 84 34 0
1 84 37 0
1 84 50 0
1 85 21 0
1 85 34 0
1 85 35 0
1 85 37 0
1 85 38 0
1 85 50 0
1 85 51 0
1 85 65 0
1 85 113 0
1 86 7 0
1 86 19 0
1 86 21 0
1 86 22 0
1 86 34 0
1 86 35 0
1 86 36 0
1 86 37 0
1 86 38 0
1 86 50 0
1 86 51 0
1 86 52 0
1 86 64 0
1 86 65 0
1 86 66 0
1 86 97 0
1 86 98 0
1 86 112 0
1 86 113 0
1 86 115 0
1 87 0 0
1 87 7 0
1 87 16 0
1 87 17 0
1 87 19 0
1 87 21 0
1 87 22 0
1 87 23 0
1 87 32 0
1 87 33 0
1 87 34 0
1 87 35 0
1 87 36 0
1 87 37 0
1 87 38 0
1 87 50 0
1 87 51 0
1 87 52 0
1 87 53 0
1 87 64 0
1 87 65 0
1 87 66 0
1 87 67 0
1 87 68 0
1 87 81 0
1 87 97 0
1 87 98 0
1 87 99 0
1 87 100 0
1 87 101 0
1 87 112 0
1 87 113 0
1 87 119 0
1 96 0 0
1 96 3 0
1 96 4 0
1 96 6 0
1 96 7 0
1 96 16 0
1 96 17 0
1 96 19 0
1 96 20 0
1 96 21 0
1 96 22 0
1 96 23 0
1 96 33 0
1 96 35 0
1 96 36 0
1 96 37 0
1 96 38 0
1 96 39 0
1 96 48 0
1 96 50 0
1 96 51 0
1 96 52 0
1 96 53 0
1 96 64 0
1 96 68 0
1 96 69 0
1 96 70 0
1 96 71 0
1 96 86 0
1 96 87 0
1 96 98 0
1 96 99 0
1 96 100 0
1 96 101 0
1 96 102 0
1 96 115 0
1 96 116 0
1 96 118 0
1 96 119 0
1 97 0 0
1 97 7 0
1 97 16 0
1 97 17 0
1 97 19 0
1 97 21 0
1 97 22 0
1 97 23 0
1 97 33 0
1 97 35 0
1 97 36 0
1 97 37 0
1 97 38 0
1 97 49 0
1 97 50 0
1 97 51 0
1 97 52 0
1 97 53 0
1 97 64 0
1 97 68 0
1 97 69 0
1 97 70 0
1 97 86 0
1 97 101 0
1 97 102 0
1 97 116 0
1 97 118 0
1 97 119 0
1 98 0 0
1 98 7 0
1 98 16 0
1 98 17 0
1 98 19 0
1 98 21 0
1 98 22 0
1 98 23 0
1 98 33 0
1 98 34 0
1 98 35 0
1 98 36 0
1 98 37 0
1 98 38 0
1 98 50 0
1 98 51 0
1 98 52 0
1 98 53 0
1 98 64 0
1 98 68 0
1 98 69 0
1 98 86 0
1 98 102 0
1 98 112 0
1 98 118 0
1 98 119 0
1 99 0 0
1 99 7 0
1 99 16 0
1 99 17 0
1 99 19 0
1 99 21 0
1 99 22 0
1 99 23 0
1 99 33 0
1 99 34 0
1 99 35 0
1 99 36 0
1 99 37 0
1 99 38 0
1 99 50 0
1 99 51 0
1 99 52 0
1 99 64 0
1 99 65 0
1 99 69 0
1 99 112 0
1 99 113 0
1 99 118 0
1 99 119 0
1 100 0 0
1 100 7 0
1 100 16 0
1 100 17 0
1 100 19 0
1 100 21 0
1 100 22 0
1 100 23 0
1 100 33 0
1 100 34 0
1 100 35 0
1 100 36 0
1 100 37 0
1 100 38 0
1 100 50 0
1 100 51 0
1 100 52 0
1 100 64 0
1 100 65 0
1 100 66 0
1 100 112 0
1 100 113 0
1 100 118 0
1 100 119 0
1 101 0 0
1 101 7 0
1 101 16 0
1 101 17 0
1 101 19 0
1 101 21 0
1 101 22 0
1 101 23 0
1 101 33 0
1 101 34 0
1 101 35 0
1 101 36 0
1 101 37 0
1 101 38 0
1 101 50 0
1 101 51 0
1 101 52 0
1 101 64 0
1 101 65 0
1 101 66 0
1 101 67 0
1 101 81 0
1 101 97 0
1 101 112 0
1 101 113 0
1 101 119 0
1 102 0 0
1 102 7 0
1 102 16 0
1 102 17 0
1 102 19 0
1 102 21 0
1 102 22 0
1 102 23 0
1 102 33 0
1 102 34 0
1 102 35 0
1 102 36 0
1 102 37 0
1 102 38 0
1 102 50 0
1 102 51 0
1 102 52 0
1 102 64 0
1 102 65 0
1 102 66 0
1 102 67 0
1 102 81 0
1 102 97 0
1 102 98 0
1 102 112 0
1 102 113 0
1 103 0 0
1 103 7 0
1 103 16 0
1 103 17 0
1 103 19 0
1 103 21 0
1 103 22 0
1 103 23 0
1 103 32 0
1 103 33 0
1 103 34 0
1 103 35 0
1 103 36 0
1 103 37 0
1 103 38 0
1 103 50 0
1 103 51 0
1 103 52 0
1 103 53 0
1 103 55 0
1 103 64 0
1 103 65 0
1 103 66 0
1 103 67 0
1 103 81 0
1 103 97 0
1 103 98 0
1 103 99 0
1 103 100 0
1 103 101 0
1 103 112 0
1 103 113 0
1 103 116 0
1 112 0 0
1 112 3 0
1 112 4 0
1 112 6 0
1 112 7 0
1 112 16 0
1 112 17 0
1 112 19 0
1 112 20 0
1 112 21 0
1 112 22 0
1 112 23 0
1 112 33 0
1 112 35 0
1 112 36 0
1 112 37 0
1 112 38 0
1 112 39 0
1 112 48 0
1 112 50 0
1 112 51 0
1 112 52 0
1 112 53 0
1 112 64 0
1 112 65 0
1 112 69 0
1 112 70 0
1 112 71 0
1 112 80 0
1 112 81 0
1 112 83 0
1 112 84 0
1 112 86 0
1 112 87 0
1 112 98 0
1 112 99 0
1 112 100 0
1 112 101 0
1 112 102 0
1 112 115 0
1 112 116 0
1 112 118 0
1 112 119 0
1 113 0 0
1 113 3 0
1 113 4 0
1 113 6 0
1 113 7 0
1 113 16 0
1 113 17 0
1 113 19 0
1 113 20 0
1 113 21 0
1 113 22 0
1 113 23 0
1 113 33 0
1 113 35 0
1 113 36 0
1 113 37 0
1 113 38 0
1 113 49 0
1 113 50 0
1 113 51 0
1 113 52 0
1 113 53 0
1 113 64 0
1 113 65 0
1 113 69 0
1 113 70 0
1 113 71 0
1 113 80 0
1 113 81 0
1 113 83 0
1 113 84 0
1 113 86 0
1 113 101 0
1 113 102 0
1 113 116 0
1 113 118 0
1 113 119 0
1 114 0 0
1 114 7 0
1 114 16 0
1 114 17 0
1 114 19 0
1 114 21 0
1 114 22 0
1 114 23 0
1 114 33 0
1 114 34 0
1 114 35 0
1 114 36 0
1 114 37 0
1 114 38 0
1 114 50 0
1 114 51 0
1 114 52 0
1 114 53 0
1 114 64 0
1 114 65 0
1 114 67 0
1 114 69 0
1 114 70 0
1 114 81 0
1 114 84 0
1 114 86 0
1 114 102 0
1 114 112 0
1 114 118 0
1 114 119 0
1 115 0 0
1 115 7 0
1 115 16 0
1 115 17 0
1 115 19 0
1 115 21 0
1 115 22 0
1 115 23 0
1 115 33 0
1 115 34 0
1 115 35 0
1 115 36 0
1 115 37 0
1 115 38 0
1 115 50 0
1 115 51 0
1 115 52 0
1 115 64 0
1 115 65 0
1 115 67 0
1 115 69 0
1 115 70 0
1 115 81 0
1 115 86 0
1 115 112 0
1 115 113 0
1 115 118 0
1 115 119 0
1 116 0 0
1 116 7 0
1 116 16 0
1 116 17 0
1 116 19 0
1 116 21 0
1 116 22 0
1 116 23 0
1 116 33 0
1 116 34 0
1 116 35 0
1 116 36 0
1 116 37 0
1 116 38 0
1 116 50 0
1 116 51 0
1 116 52 0
1 116 54 0
1 116 64 0
1 116 65 0
1 116 66 0
1 116 67 0
1 116 70 0
1 116 81 0
1 116 86 0
1 116 112 0
1 116 113 0
1 116 118 0
1 116 119 0
1 117 0 0
1 117 7 0
1 117 16 0
1 117 17 0
1 117 19 0
1 117 21 0
1 117 22 0
1 117 23 0
1 117 33 0
1 117 34 0
1 117 35 0
1 117 36 0
1 117 37 0
1 117 38 0
1 117 50 0
1 117 51 0
1 117 52 0
1 117 54 0
1 117 64 0
1 117 65 0
1 117 66 0
1 117 81 0
1 117 83 0
1 117 86 0
1 117 97 0
1 117 112 0
1 117 113 0
1 117 119 0
1 118 0 0
1 118 7 0
1 118 16 0
1 118 17 0
1 118 19 0
1 118 21 0
1 118 22 0
1 118 23 0
1 118 33 0
1 118 34 0
1 118 35 0
1 118 36 0
1 118 38 0
1 118 50 0
1 118 51 0
1 118 52 0
1 118 54 0
1 118 64 0
1 118 65 0
1 118 66 0
1 118 71 0
1 118 81 0
1 118 83 0
1 118 84 0
1 118 86 0
1 118 87 0
1 118 97 0
1 118 98 0
1 118 112 0
1 118 113 0
1 118 115 0
1 119 0 0
1 119 7 0
1 119 16 0
1 119 17 0
1 119 19 0
1 119 21 0
1 119 22 0
1 119 23 0
1 119 32 0
1 119 33 0
1 119 34 0
1 119 35 0
1 119 36 0
1 119 38 0
1 119 50 0
1 119 52 0
1 119 53 0
1 119 55 0
1 119 64 0
1 119 65 0
1 119 66 0
1 119 71 0
1 119 81 0
1 119 83 0
1 119 84 0
1 119 86 0
1 119 87 0
1 119 97 0
1 119 98 0
1 119 99 0
1 119 100 0
1 119 101 0
1 119 112 0
1 119 113 0
1 119 115 0
1 119 116 0
2 4 1 0
2 4 7 0
2 4 16 0
2 4 17 0
2 4 18 0
2 4 22 0
2 4 32 0
2 4 33 0
2 4 34 0
2 4 36 0
2 4 37 0
2 4 48 0
2 4 49 0
2 4 52 0
2 4 53 0
2 4 64 0
2 4 65 0
2 4 66 0
2 4 68 0
2 4 69 0
2 4 80 0
2 4 81 0
2 4 84 0
2 4 96 0
2 4 97 0
2 4 99 0
2 4 100 0
2 4 101 0
2 4 112 0
2 4 113 0
2 4 115 0
2 4 116 0
2 4 118 0
2 5 1 0
2 5 7 0
2 5 16 0
2 5 17 0
2 5 18 0
2 5 32 0
2 5 33 0
2 5 34 0
2 5 36 0
2 5 37 0
2 5 48 0
2 5 49 0
2 5 52 0
2 5 53 0
2 5 64 0
2 5 65 0
2 5 66 0
2 5 68 0
2 5 69 0
2 5 80 0
2 5 81 0
2 5 84 0
2 5 96 0
2 5 97 0
2 5 99 0
2 5 100 0
2 5 101 0
2 5 112 0
2 5 113 0
2 5 115 0
2 5 116 0
2 5 118 0
2 6 0 0
2 6 1 0
2 6 16 0
2 6 17 0
2 6 32 0
2 6 33 0
2 6 34 0
2 6 37 0
2 6 48 0
2 6 49 0
2 6 53 0
2 6 64 0
2 6 65 0
2 6 69 0
2 6 80 0
2 6 81 0
2 6 96 0
2 6 114 0
2 6 115 0
2 6 116 0
2 6 117 0
2 6 118 0
2 7 16 0
2 7 32 0
2 7 33 0
2 7 48 0
2 7 81 0
2 7 96 0
2 7 114 0
2 7 117 0
2 7 118 0
2 16 1 0
2 16 5 0
2 16 6 0
2 16 17 0
2 16 20 0
2 16 21 0
2 16 23 0
2 16 38 0
2 16 39 0
2 16 54 0
2 16 55 0
2 16 69 0
2 16 70 0
2 16 71 0
2 16 86 0
2 16 87 0
2 16 96 0
2 16 99 0
2 16 102 0
2 16 103 0
2 16 113 0
2 16 114 0
2 16 115 0
2 16 116 0
2 16 117 0
2 16 119 0
2 20 65 0
2 20 66 0
2 20 68 0
2 20 69 0
2 21 19 0
2 21 34 0
2 21 65 0
2 21 66 0
2 21 68 0
2 21 69 0
2 21 85 0
2 21 96 0
2 22 19 0
2 22 34 0
2 22 48 0
2 22 49 0
2 22 64 0
2 22 65 0
2 22 66 0
2 22 69 0
2 22 85 0
2 22 96 0
2 22 97 0
2 22 98 0
2 22 99 0
2 22 100 0
2 22 101 0
2 22 103 0
2 22 112 0
2 22 113 0
2 22 115 0
2 22 116 0
2 23 16 0
2 23 19 0
2 23 32 0
2 23 33 0
2 23 48 0
2 23 49 0
2 23 64 0
2 23 65 0
2 23 66 0
2 23 80 0
2 23 81 0
2 23 96 0
2 23 97 0
2 23 100 0
2 23 103 0
2 23 112 0
2 23 114 0
2 23 115 0
2 23 116 0
2 23 117 0
2 23 118 0
2 32 0 0
2 32 1 0
2 32 3 0
2 32 6 0
2 32 7 0
2 32 17 0
2 32 19 0
2 32 20 0
2 32 21 0
2 32 22 0
2 32 23 0
2 32 37 0
2 32 38 0
2 32 39 0
2 32 51 0
2 32 64 0
2 32 68 0
2 32 69 0
2 32 70 0
2 32 71 0
2 32 80 0
2 32 81 0
2 32 86 0
2 32 87 0
2 32 96 0
2 32 98 0
2 32 99 0
2 32 102 0
2 32 113 0
2 32 115 0
2 32 116 0
2 32 117 0
2 32 118 0
2 32 119 0
2 33 0 0
2 33 17 0
2 33 19 0
2 33 20 0
2 33 52 0
2 33 64 0
2 33 68 0
2 33 102 0
2 33 119 0
2 34 17 0
2 34 18 0
2 34 20 0
2 34 21 0
2 34 68 0
2 34 69 0
2 35 19 0
2 35 65 0
2 35 85 0
2 36 65 0
2 36 66 0
2 36 86 0
2 37 19 0
2 37 34 0
2 37 65 0
2 37 66 0
2 37 67 0
2 38 7 0
2 38 19 0
2 38 20 0
2 38 34 0
2 38 35 0
2 38 51 0
2 38 64 0
2 38 65 0
2 38 66 0
2 38 67 0
2 38 71 0
2 38 86 0
2 38 97 0
2 38 98 0
2 38 99 0
2 38 101 0
2 38 112 0
2 38 113 0
2 38 115 0
2 38 116 0
2 39 0 0
2 39 5 0
2 39 7 0
2 39 16 0
2 39 17 0
2 39 19 0
2 39 20 0
2 39 32 0
2 39 33 0
2 39 34 0
2 39 35 0
2 39 36 0
2 39 52 0
2 39 64 0
2 39 65 0
2 39 66 0
2 39 67 0
2 39 71 0
2 39 80 0
2 39 81 0
2 39 86 0
2 39 87 0
2 39 97 0
2 39 100 0
2 39 101 0
2 39 103 0
2 39 112 0
2 39 113 0
2 39 114 0
2 39 115 0
2 39 116 0
2 39 118 0
2 48 0 0
2 48 1 0
2 48 3 0
2 48 6 0
2 48 7 0
2 48 16 0
2 48 17 0
2 48 18 0
2 48 19 0
2 48 20 0
2 48 21 0
2 48 22 0
2 48 23 0
2 48 36 0
2 48 37 0
2 48 38 0
2 48 39 0
2 48 51 0
2 48 68 0
2 48 69 0
2 48 70 0
2 48 71 0
2 48 83 0
2 48 86 0
2 48 87 0
2 48 96 0
2 48 97 0
2 48 98 0
2 48 99 0
2 48 100 0
2 48 101 0
2 48 102 0
2 48 113 0
2 48 115 0
2 48 116 0
2 48 118 0
2 48 119 0
2 49 0 0
2 49 17 0
2 49 20 0
2 49 52 0
2 49 102 0
2 49 119 0
2 53 34 0
2 53 65 0
2 54 7 0
2 54 19 0
2 54 22 0
2 54 34 0
2 54 35 0
2 54 51 0
2 54 64 0
2 54 65 0
2 54 66 0
2 54 97 0
2 54 98 0
2 54 99 0
2 54 112 0
2 54 113 0
2 54 115 0
2 55 0 0
2 55 7 0
2 55 16 0
2 55 17 0
2 55 19 0
2 55 20 0
2 55 21 0
2 55 22 0
2 55 23 0
2 55 32 0
2 55 33 0
2 55 34 0
2 55 35 0
2 55 36 0
2 55 52 0
2 55 64 0
2 55 65 0
2 55 66 0
2 55 67 0
2 55 68 0
2 55 80 0
2 55 81 0
2 55 84 0
2 55 97 0
2 55 98 0
2 55 99 0
2 55 100 0
2 55 101 0
2 55 102 0
2 55 103 0
2 55 112 0
2 55 113 0
2 55 115 0
2 55 116 0
2 55 118 0
2 64 0 0
2 64 1 0
2 64 3 0
2 64 4 0
2 64 6 0
2 64 7 0
2 64 16 0
2 64 17 0
2 64 18 0
2 64 19 0
2 64 20 0
2 64 21 0
2 64 22 0
2 64 23 0
2 64 33 0
2 64 35 0
2 64 36 0
2 64 37 0
2 64 38 0
2 64 39 0
2 64 51 0
2 64 68 0
2 64 69 0
2 64 70 0
2 64 71 0
2 64 86 0
2 64 87 0
2 64 98 0
2 64 99 0
2 64 100 0
2 64 101 0
2 64 102 0
2 64 113 0
2 64 115 0
2 64 116 0
2 64 118 0
2 64 119 0
2 65 0 0
2 65 6 0
2 65 17 0
2 65 18 0
2 65 20 0
2 65 21 0
2 65 33 0
2 65 34 0
2 65 35 0
2 65 36 0
2 65 37 0
2 65 52 0
2 65 69 0
2 65 70 0
2 65 71 0
2 65 100 0
2 65 102 0
2 65 116 0
2 65 118 0
2 65 119 0
2 66 18 0
2 66 21 0
2 66 33 0
2 66 34 0
2 66 36 0
2 66 37 0
2 66 70 0
2 66 101 0
2 67 0 0
2 67 17 0
2 67 21 0
2 67 34 0
2 67 35 0
2 67 37 0
2 67 102 0
2 67 119 0
2 68 7 0
2 68 18 0
2 68 21 0
2 68 22 0
2 68 34 0
2 68 36 0
2 68 97 0
2 68 112 0
2 69 21 0
2 69 34 0
2 69 35 0
2 69 65 0
2 70 7 0
2 70 19 0
2 70 21 0
2 70 22 0
2 70 34 0
2 70 35 0
2 70 36 0
2 70 50 0
2 70 51 0
2 70 64 0
2 70 65 0
2 70 66 0
2 70 97 0
2 70 98 0
2 70 99 0
2 70 112 0
2 70 113 0
2 70 115 0
2 71 0 0
2 71 7 0
2 71 16 0
2 71 17 0
2 71 19 0
2 71 20 0
2 71 21 0
2 71 22 0
2 71 23 0
2 71 32 0
2 71 33 0
2 71 34 0
2 71 35 0
2 71 36 0
2 71 52 0
2 71 64 0
2 71 65 0
2 71 66 0
2 71 67 0
2 71 68 0
2 71 80 0
2 71 81 0
2 71 97 0
2 71 98 0
2 71 99 0
2 71 100 0
2 71 101 0
2 71 112 0
2 71 113 0
2 71 115 0
2 71 116 0
2 71 118 0
2 80 0 0
2 80 1 0
2 80 3 0
2 80 4 0
2 80 6 0
2 80 7 0
2 80 16 0
2 80 17 0
2 80 18 0
2 80 19 0
2 80 20 0
2 80 21 0
2 80 22 0
2 80 23 0
2 80 33 0
2 80 35 0
2 80 36 0
2 80 37 0
2 80 38 0
2 80 39 0
2 80 48 0
2 80 50 0
2 80 51 0
2 80 53 0
2 80 68 0
2 80 69 0
2 80 70 0
2 80 71 0
2 80 86 0
2 80 87 0
2 80 98 0
2 80 99 0
2 80 100 0
2 80 101 0
2 80 102 0
2 80 112 0
2 80 115 0
2 80 116 0
2 80 118 0
2 80 119 0
2 81 0 0
2 81 6 0
2 81 17 0
2 81 18 0
2 81 20 0
2 81 21 0
2 81 33 0
2 81 34 0
2 81 35 0
2 81 36 0
2 81 37 0
2 81 51 0
2 81 52 0
2 81 69 0
2 81 70 0
2 81 71 0
2 81 102 0
2 81 116 0
2 81 118 0
2 81 119 0
2 82 18 0
2 82 21 0
2 82 33 0
2 82 34 0
2 82 36 0
2 82 37 0
2 82 52 0
2 82 70 0
2 82 118 0
2 83 21 0
2 83 34 0
2 83 37 0
2 84 21 0
2 84 34 0
2 84 37 0
2 84 50 0
2 85 21 0
2 85 34 0
2 85 35 0
2 85 37 0
2 85 38 0
2 85 50 0
2 85 51 0
2 85 65 0
2 85 113 0
2 86 7 0
2 86 19 0
2 86 21 0
2 86 22 0
2 86 34 0
2 86 35 0
2 86 36 0
2 86 37 0
2 86 38 0
2 86 50 0
2 86 51 0
2 86 52 0
2 86 64 0
2 86 65 0
2 86 66 0
2 86 97 0
2 86 98 0
2 86 112 0
2 86 113 0
2 86 115 0
2 87 0 0
2 87 7 0
2 87 16 0
2 87 17 0
2 87 19 0
2 87 20 0
2 87 21 0
2 87 22 0
2 87 23 0
2 87 32 0
2 87 33 0
2 87 34 0
2 87 35 0
2 87 36 0
2 87 38 0
2 87 50 0
2 87 52 0
2 87 53 0
2 87 55 0
2 87 64 0
2 87 65 0
2 87 66 0
2 87 67 0
2 87 68 0
2 87 80 0
2 87 81 0
2 87 97 0
2 87 98 0
2 87 99 0
2 87 100 0
2 87 101 0
2 87 112 0
2 87 113 0
2 87 115 0
2 87 116 0
2 87 119 0
2 96 0 0
2 96 1 0
2 96 3 0
2 96 4 0
2 96 6 0
2 96 7 0
2 96 16 0
2 96 17 0
2 96 18 0
2 96 19 0
2 96 20 0
2 96 21 0
2 96 22 0
2 96 23 0
2 96 33 0
2 96 35 0
2 96 36 0
2 96 37 0
2 96 38 0
2 96 39 0
2 96 48 0
2 96 50 0
2 96 51 0
2 96 53 0
2 96 64 0
2 96 68 0
2 96 69 0
2 96 70 0
2 96 71 0
2 96 86 0
2 96 87 0
2 96 98 0
2 96 99 0
2 96 100 0
2 96 101 0
2 96 102 0
2 96 115 0
2 96 116 0
2 96 118 0
2 96 119 0
2 97 0 0
2 97 3 0
2 97 4 0
2 97 6 0
2 97 7 0
2 97 16 0
2 97 17 0
2 97 18 0
2 97 19 0
2 97 20 0
2 97 21 0
2 97 22 0
2 97 23 0
2 97 33 0
2 97 35 0
2 97 36 0
2 97 37 0
2 97 38 0
2 97 49 0
2 97 50 0
2 97 51 0
2 97 52 0
2 97 53 0
2 97 64 0
2 97 68 0
2 97 69 0
2 97 70 0
2 97 71 0
2 97 86 0
2 97 101 0
2 97 102 0
2 97 116 0
2 97 118 0
2 97 119 0
2 98 0 0
2 98 3 0
2 98 7 0
2 98 16 0
2 98 17 0
2 98 18 0
2 98 19 0
2 98 20 0
2 98 21 0
2 98 22 0
2 98 23 0
2 98 33 0
2 98 34 0
2 98 35 0
2 98 36 0
2 98 37 0
2 98 38 0
2 98 49 0
2 98 50 0
2 98 51 0
2 98 52 0
2 98 53 0
2 98 64 0
2 98 68 0
2 98 69 0
2 98 70 0
2 98 71 0
2 98 86 0
2 98 102 0
2 98 112 0
2 98 118 0
2 98 119 0
2 99 0 0
2 99 3 0
2 99 7 0
2 99 16 0
2 99 17 0
2 99 18 0
2 99 19 0
2 99 20 0
2 99 21 0
2 99 22 0
2 99 23 0
2 99 33 0
2 99 34 0
2 99 35 0
2 99 36 0
2 99 37 0
2 99 38 0
2 99 50 0
2 99 51 0
2 99 52 0
2 99 53 0
2 99 64 0
2 99 65 0
2 99 69 0
2 99 70 0
2 99 71 0
2 99 112 0
2 99 113 0
2 99 118 0
2 99 119 0
2 100 0 0
2 100 3 0
2 100 7 0
2 100 16 0
2 100 17 0
2 100 18 0
2 100 19 0
2 100 20 0
2 100 21 0
2 100 22 0
2 100 23 0
2 100 33 0
2 100 34 0
2 100 35 0
2 100 36 0
2 100 37 0
2 100 38 0
2 100 50 0
2 100 51 0
2 100 52 0
2 100 53 0
2 100 64 0
2 100 65 0
2 100 66 0
2 100 70 0
2 100 71 0
2 100 112 0
2 100 113 0
2 100 118 0
2 100 119 0
2 101 0 0
2 101 3 0
2 101 7 0
2 101 16 0
2 101 17 0
2 101 18 0
2 101 19 0
2 101 20 0
2 101 21 0
2 101 22 0
2 101 23 0
2 101 33 0
2 101 34 0
2 101 35 0
2 101 36 0
2 101 37 0
2 101 38 0
2 101 50 0
2 101 51 0
2 101 52 0
2 101 53 0
2 101 64 0
2 101 65 0
2 101 66 0
2 101 67 0
2 101 71 0
2 101 81 0
2 101 97 0
2 101 112 0
2 101 113 0
2 101 119 0
2 102 0 0
2 102 1 0
2 102 3 0
2 102 7 0
2 102 16 0
2 102 17 0
2 102 18 0
2 102 19 0
2 102 20 0
2 102 21 0
2 102 22 0
2 102 23 0
2 102 33 0
2 102 34 0
2 102 35 0
2 102 36 0
2 102 38 0
2 102 50 0
2 102 51 0
2 102 52 0
2 102 53 0
2 102 64 0
2 102 65 0
2 102 66 0
2 102 67 0
2 102 71 0
2 102 81 0
2 102 97 0
2 102 98 0
2 102 112 0
2 102 113 0
2 102 115 0
2 103 0 0
2 103 1 0
2 103 3 0
2 103 4 0
2 103 6 0
2 103 7 0
2 103 16 0
2 103 17 0
2 103 18 0
2 103 19 0
2 103 20 0
2 103 21 0
2 103 22 0
2 103 23 0
2 103 32 0
2 103 33 0
2 103 34 0
2 103 35 0
2 103 36 0
2 103 38 0
2 103 50 0
2 103 52 0
2 103 53 0
2 103 55 0
2 103 64 0
2 103 65 0
2 103 66 0
2 103 67 0
2 103 71 0
2 103 80 0
2 103 81 0
2 103 97 0
2 103 98 0
2 103 99 0
2 103 100 0
2 103 101 0
2 103 112 0
2 103 113 0
2 103 115 0
2 103 116 0
2 112 0 0
2 112 1 0
2 112 3 0
2 112 4 0
2 112 6 0
2 112 7 0
2 112 16 0
2 112 17 0
2 112 18 0
2 112 19 0
2 112 20 0
2 112 21 0
2 112 22 0
2 112 23 0
2 112 33 0
2 112 35 0
2 112 36 0
2 112 37 0
2 112 38 0
2 112 39 0
2 112 48 0
2 112 50 0
2 112 51 0
2 112 53 0
2 112 64 0
2 112 65 0
2 112 69 0
2 112 70 0
2 112 71 0
2 112 80 0
2 112 81 0
2 112 83 0
2 112 84 0
2 112 86 0
2 112 87 0
2 112 98 0
2 112 99 0
2 112 100 0
2 112 101 0
2 112 102 0
2 112 115 0
2 112 116 0
2 112 118 0
2 112 119 0
2 113 0 0
2 113 3 0
2 113 4 0
2 113 6 0
2 113 7 0
2 113 16 0
2 113 17 0
2 113 18 0
2 113 19 0
2 113 20 0
2 113 21 0
2 113 22 0
2 113 23 0
2 113 33 0
2 113 35 0
2 113 36 0
2 113 37 0
2 113 38 0
2 113 49 0
2 113 50 0
2 113 51 0
2 113 52 0
2 113 53 0
2 113 64 0
2 113 65 0
2 113 69 0
2 113 70 0
2 113 71 0
2 113 80 0
2 113 81 0
2 113 83 0
2 113 84 0
2 113 86 0
2 113 101 0
2 113 102 0
2 113 116 0
2 113 118 0
2 113 119 0
2 114 0 0
2 114 3 0
2 114 7 0
2 114 16 0
2 114 17 0
2 114 18 0
2 114 19 0
2 114 20 0
2 114 21 0
2 114 22 0
2 114 23 0
2 114 33 0
2 114 34 0
2 114 35 0
2 114 36 0
2 114 37 0
2 114 38 0
2 114 49 0
2 114 50 0
2 114 51 0
2 114 52 0
2 114 53 0
2 114 64 0
2 114 65 0
2 114 67 0
2 114 69 0
2 114 70 0
2 114 71 0
2 114 81 0
2 114 84 0
2 114 86 0
2 114 102 0
2 114 112 0
2 114 118 0
2 114 119 0
2 115 0 0
2 115 3 0
2 115 7 0
2 115 16 0
2 115 17 0
2 115 18 0
2 115 19 0
2 115 20 0
2 115 21 0
2 115 22 0
2 115 23 0
2 115 33 0
2 115 34 0
2 115 35 0
2 115 36 0
2 115 37 0
2 115 38 0
2 115 49 0
2 115 50 0
2 115 51 0
2 115 52 0
2 115 53 0
2 115 64 0
2 115 65 0
2 115 67 0
2 115 68 0
2 115 69 0
2 115 70 0
2 115 71 0
2 115 81 0
2 115 86 0
2 115 112 0
2 115 113 0
2 115 118 0
2 115 119 0
2 116 0 0
2 116 3 0
2 116 7 0
2 116 16 0
2 116 17 0
2 116 18 0
2 116 19 0
2 116 20 0
2 116 21 0
2 116 22 0
2 116 23 0
2 116 33 0
2 116 34 0
2 116 35 0
2 116 36 0
2 116 37 0
2 116 38 0
2 116 50 0
2 116 51 0
2 116 52 0
2 116 53 0
2 116 54 0
2 116 64 0
2 116 65 0
2 116 66 0
2 116 67 0
2 116 68 0
2 116 70 0
2 116 71 0
2 116 81 0
2 116 86 0
2 116 112 0
2 116 113 0
2 116 118 0
2 116 119 0
2 117 0 0
2 117 3 0
2 117 7 0
2 117 16 0
2 117 17 0
2 117 18 0
2 117 19 0
2 117 20 0
2 117 21 0
2 117 22 0
2 117 23 0
2 117 33 0
2 117 34 0
2 117 35 0
2 117 36 0
2 117 37 0
2 117 38 0
2 117 50 0
2 117 51 0
2 117 52 0
2 117 53 0
2 117 54 0
2 117 64 0
2 117 65 0
2 117 66 0
2 117 68 0
2 117 70 0
2 117 71 0
2 117 81 0
2 117 83 0
2 117 86 0
2 117 97 0
2 117 112 0
2 117 113 0
2 117 119 0
2 118 0 0
2 118 1 0
2 118 3 0
2 118 7 0
2 118 16 0
2 118 17 0
2 118 18 0
2 118 19 0
2 118 20 0
2 118 21 0
2 118 22 0
2 118 23 0
2 118 33 0
2 118 34 0
2 118 35 0
2 118 36 0
2 118 38 0
2 118 50 0
2 118 51 0
2 118 52 0
2 118 53 0
2 118 54 0
2 118 64 0
2 118 65 0
2 118 66 0
2 118 70 0
2 118 71 0
2 118 81 0
2 118 83 0
2 118 84 0
2 118 86 0
2 118 87 0
2 118 97 0
2 118 98 0
2 118 112 0
2 118 113 0
2 118 115 0
2 119 0 0
2 119 1 0
2 119 3 0
2 119 4 0
2 119 6 0
2 119 7 0
2 119 16 0
2 119 17 0
2 119 18 0
2 119 19 0
2 119 20 0
2 119 21 0
2 119 22 0
2 119 23 0
2 119 32 0
2 119 33 0
2 119 34 0
2 119 35 0
2 119 36 0
2 119 38 0
2 119 50 0
2 119 52 0
2 119 53 0
2 119 55 0
2 119 64 0
2 119 65 0
2 119 66 0
2 119 70 0
2 119 71 0
2 119 80 0
2 119 81 0
2 119 83 0
2 119 84 0
2 119 86 0
2 119 87 0
2 119 97 0
2 119 98 0
2 119 99 0
2 119 100 0
2 119 101 0
2 119 112 0
2 119 113 0
2 119 115 0
2 119 116 0
3 5 0 0
3 5 1 0
3 5 2 0
3 5 16 0
3 5 17 0
3 5 32 0
3 5 33 0
3 5 34 0
3 5 37 0
3 5 48 0
3 5 49 0
3 5 53 0
3 5 64 0
3 5 65 0
3 5 69 0
3 5 80 0
3 5 114 0
3 5 115 0
3 5 116 0
3 5 117 0
3 5 118 0
3 6 0 0
3 6 1 0
3 6 2 0
3 6 16 0
3 6 17 0
3 6 32 0
3 6 33 0
3 6 34 0
3 6 37 0
3 6 48 0
3 6 49 0
3 6 53 0
3 6 64 0
3 6 65 0
3 6 69 0
3 6 80 0
3 6 114 0
3 6 115 0
3 6 116 0
3 6 117 0
3 6 118 0
3 16 5 0
3 16 6 0
3 16 20 0
3 16 21 0
3 16 23 0
3 16 38 0
3 16 39 0
3 16 54 0
3 16 55 0
3 16 69 0
3 16 70 0
3 16 71 0
3 16 86 0
3 16 87 0
3 16 96 0
3 16 99 0
3 16 102 0
3 16 103 0
3 16 113 0
3 16 114 0
3 16 115 0
3 16 116 0
3 16 117 0
3 16 119 0
3 17 20 0
3 17 37 0
3 17 54 0
3 17 55 0
3 17 66 0
3 17 69 0
3 17 70 0
3 17 71 0
3 17 82 0
3 17 96 0
3 17 98 0
3 17 99 0
3 17 100 0
3 17 101 0
3 17 102 0
3 17 103 0
3 17 115 0
3 17 116 0
3 17 118 0
3 17 119 0
3 21 19 0
3 21 34 0
3 21 65 0
3 21 66 0
3 21 68 0
3 21 69 0
3 21 85 0
3 21 96 0
3 22 19 0
3 22 34 0
3 22 48 0
3 22 49 0
3 22 64 0
3 22 65 0
3 22 66 0
3 22 69 0
3 22 85 0
3 22 96 0
3 22 97 0
3 22 98 0
3 22 99 0
3 22 100 0
3 22 101 0
3 22 103 0
3 22 112 0
3 22 113 0
3 22 115 0
3 22 116 0
3 23 1 0
3 23 2 0
3 23 16 0
3 23 18 0
3 23 19 0
3 23 32 0
3 23 33 0
3 23 48 0
3 23 49 0
3 23 64 0
3 23 65 0
3 23 66 0
3 23 80 0
3 23 81 0
3 23 96 0
3 23 97 0
3 23 100 0
3 23 103 0
3 23 112 0
3 23 114 0
3 23 115 0
3 23 116 0
3 23 117 0
3 23 118 0
3 32 0 0
3 32 1 0
3 32 2 0
3 32 6 0
3 32 7 0
3 32 19 0
3 32 20 0
3 32 21 0
3 32 22 0
3 32 23 0
3 32 37 0
3 32 38 0
3 32 39 0
3 32 51 0
3 32 64 0
3 32 68 0
3 32 69 0
3 32 70 0
3 32 71 0
3 32 80 0
3 32 81 0
3 32 86 0
3 32 87 0
3 32 96 0
3 32 98 0
3 32 99 0
3 32 102 0
3 32 113 0
3 32 115 0
3 32 116 0
3 32 117 0
3 32 118 0
3 32 119 0
3 33 0 0
3 33 19 0
3 33 20 0
3 33 37 0
3 33 52 0
3 33 64 0
3 33 68 0
3 33 69 0
3 33 70 0
3 33 71 0
3 33 81 0
3 33 98 0
3 33 100 0
3 33 101 0
3 33 102 0
3 33 115 0
3 33 116 0
3 33 118 0
3 33 119 0
3 34 18 0
3 34 20 0
3 34 21 0
3 34 68 0
3 34 69 0
3 35 19 0
3 35 65 0
3 35 69 0
3 35 70 0
3 35 81 0
3 35 85 0
3 36 20 0
3 36 65 0
3 36 66 0
3 36 86 0
3 37 18 0
3 37 19 0
3 37 34 0
3 37 65 0
3 37 66 0
3 37 67 0
3 38 7 0
3 38 19 0
3 38 20 0
3 38 34 0
3 38 51 0
3 38 64 0
3 38 65 0
3 38 66 0
3 38 67 0
3 38 71 0
3 38 86 0
3 38 97 0
3 38 98 0
3 38 99 0
3 38 101 0
3 38 112 0
3 38 113 0
3 38 115 0
3 38 116 0
3 39 0 0
3 39 1 0
3 39 4 0
3 39 5 0
3 39 6 0
3 39 7 0
3 39 16 0
3 39 17 0
3 39 18 0
3 39 19 0
3 39 20 0
3 39 32 0
3 39 33 0
3 39 34 0
3 39 52 0
3 39 64 0
3 39 65 0
3 39 66 0
3 39 67 0
3 39 71 0
3 39 80 0
3 39 81 0
3 39 86 0
3 39 87 0
3 39 97 0
3 39 100 0
3 39 101 0
3 39 103 0
3 39 112 0
3 39 113 0
3 39 114 0
3 39 115 0
3 39 116 0
3 39 118 0
3 48 0 0
3 48 1 0
3 48 6 0
3 48 7 0
3 48 16 0
3 48 17 0
3 48 18 0
3 48 19 0
3 48 20 0
3 48 21 0
3 48 22 0
3 48 23 0
3 48 36 0
3 48 37 0
3 48 38 0
3 48 39 0
3 48 51 0
3 48 67 0
3 48 68 0
3 48 69 0
3 48 70 0
3 48 71 0
3 48 83 0
3 48 86 0
3 48 87 0
3 48 96 0
3 48 97 0
3 48 98 0
3 48 99 0
3 48 100 0
3 48 101 0
3 48 102 0
3 48 113 0
3 48 115 0
3 48 116 0
3 48 118 0
3 48 119 0
3 49 0 0
3 49 17 0
3 49 20 0
3 49 36 0
3 49 37 0
3 49 52 0
3 49 69 0
3 49 70 0
3 49 71 0
3 49 100 0
3 49 101 0
3 49 102 0
3 49 116 0
3 49 118 0
3 49 119 0
3 53 34 0
3 53 65 0
3 54 7 0
3 54 19 0
3 54 22 0
3 54 34 0
3 54 35 0
3 54 51 0
3 54 64 0
3 54 65 0
3 54 66 0
3 54 97 0
3 54 98 0
3 54 99 0
3 54 112 0
3 54 113 0
3 54 115 0
3 55 0 0
3 55 1 0
3 55 4 0
3 55 6 0
3 55 7 0
3 55 16 0
3 55 17 0
3 55 18 0
3 55 19 0
3 55 20 0
3 55 21 0
3 55 22 0
3 55 23 0
3 55 32 0
3 55 33 0
3 55 34 0
3 55 35 0
3 55 52 0
3 55 64 0
3 55 65 0
3 55 66 0
3 55 67 0
3 55 68 0
3 55 80 0
3 55 81 0
3 55 84 0
3 55 97 0
3 55 98 0
3 55 99 0
3 55 100 0
3 55 101 0
3 55 102 0
3 55 103 0
3 55 112 0
3 55 113 0
3 55 115 0
3 55 116 0
3 55 118 0
3 64 0 0
3 64 1 0
3 64 4 0
3 64 6 0
3 64 7 0
3 64 16 0
3 64 17 0
3 64 18 0
3 64 19 0
3 64 20 0
3 64 21 0
3 64 22 0
3 64 23 0
3 64 33 0
3 64 35 0
3 64 36 0
3 64 37 0
3 64 38 0
3 64 39 0
3 64 51 0
3 64 67 0
3 64 68 0
3 64 69 0
3 64 70 0
3 64 71 0
3 64 86 0
3 64 87 0
3 64 98 0
3 64 99 0
3 64 100 0
3 64 101 0
3 64 102 0
3 64 113 0
3 64 115 0
3 64 116 0
3 64 118 0
3 64 119 0
3 65 0 0
3 65 6 0
3 65 17 0
3 65 18 0
3 65 20 0
3 65 21 0
3 65 33 0
3 65 34 0
3 65 35 0
3 65 36 0
3 65 37 0
3 65 52 0
3 65 53 0
3 65 69 0
3 65 70 0
3 65 71 0
3 65 100 0
3 65 101 0
3 65 102 0
3 65 116 0
3 65 118 0
3 65 119 0
3 66 18 0
3 66 21 0
3 66 33 0
3 66 34 0
3 66 36 0
3 66 37 0
3 66 70 0
3 66 101 0
3 67 0 0
3 67 17 0
3 67 18 0
3 67 21 0
3 67 34 0
3 67 35 0
3 67 37 0
3 67 101 0
3 67 102 0
3 67 119 0
3 68 7 0
3 68 18 0
3 68 21 0
3 68 22 0
3 68 34 0
3 68 36 0
3 68 37 0
3 68 97 0
3 68 98 0
3 68 112 0
3 69 18 0
3 69 21 0
3 69 34 0
3 69 35 0
3 69 37 0
3 69 65 0
3 69 98 0
3 70 1 0
3 70 7 0
3 70 18 0
3 70 19 0
3 70 21 0
3 70 22 0
3 70 34 0
3 70 35 0
3 70 36 0
3 70 37 0
3 70 50 0
3 70 51 0
3 70 64 0
3 70 65 0
3 70 66 0
3 70 97 0
3 70 98 0
3 70 99 0
3 70 112 0
3 70 113 0
3 70 115 0
3 71 0 0
3 71 1 0
3 71 4 0
3 71 6 0
3 71 7 0
3 71 16 0
3 71 17 0
3 71 18 0
3 71 19 0
3 71 20 0
3 71 21 0
3 71 22 0
3 71 23 0
3 71 32 0
3 71 33 0
3 71 34 0
3 71 35 0
3 71 36 0
3 71 52 0
3 71 64 0
3 71 65 0
3 71 66 0
3 71 67 0
3 71 68 0
3 71 80 0
3 71 81 0
3 71 97 0
3 71 98 0
3 71 99 0
3 71 100 0
3 71 101 0
3 71 112 0
3 71 113 0
3 71 115 0
3 71 116 0
3 71 118 0
3 80 0 0
3 80 1 0
3 80 4 0
3 80 6 0
3 80 7 0
3 80 16 0
3 80 17 0
3 80 18 0
3 80 19 0
3 80 20 0
3 80 21 0
3 80 22 0
3 80 23 0
3 80 33 0
3 80 35 0
3 80 36 0
3 80 37 0
3 80 38 0
3 80 39 0
3 80 48 0
3 80 50 0
3 80 51 0
3 80 53 0
3 80 67 0
3 80 68 0
3 80 69 0
3 80 70 0
3 80 71 0
3 80 86 0
3 80 87 0
3 80 98 0
3 80 99 0
3 80 100 0
3 80 101 0
3 80 102 0
3 80 112 0
3 80 115 0
3 80 116 0
3 80 118 0
3 80 119 0
3 81 0 0
3 81 6 0
3 81 17 0
3 81 18 0
3 81 20 0
3 81 21 0
3 81 33 0
3 81 34 0
3 81 35 0
3 81 36 0
3 81 37 0
3 81 51 0
3 81 52 0
3 81 53 0
3 81 69 0
3 81 70 0
3 81 71 0
3 81 101 0
3 81 102 0
3 81 116 0
3 81 118 0
3 81 119 0
3 82 18 0
3 82 21 0
3 82 33 0
3 82 34 0
3 82 36 0
3 82 37 0
3 82 52 0
3 82 53 0
3 82 70 0
3 82 118 0
3 83 18 0
3 83 21 0
3 83 34 0
3 83 37 0
3 83 53 0
3 84 18 0
3 84 21 0
3 84 34 0
3 84 37 0
3 84 50 0
3 85 18 0
3 85 21 0
3 85 34 0
3 85 35 0
3 85 37 0
3 85 38 0
3 85 50 0
3 85 51 0
3 85 65 0
3 85 113 0
3 86 1 0
3 86 7 0
3 86 18 0
3 86 19 0
3 86 21 0
3 86 22 0
3 86 34 0
3 86 35 0
3 86 36 0
3 86 37 0
3 86 38 0
3 86 50 0
3 86 51 0
3 86 52 0
3 86 64 0
3 86 65 0
3 86 66 0
3 86 97 0
3 86 98 0
3 86 112 0
3 86 113 0
3 86 115 0
3 87 0 0
3 87 1 0
3 87 4 0
3 87 6 0
3 87 7 0
3 87 16 0
3 87 17 0
3 87 18 0
3 87 19 0
3 87 20 0
3 87 21 0
3 87 22 0
3 87 23 0
3 87 32 0
3 87 33 0
3 87 34 0
3 87 35 0
3 87 36 0
3 87 38 0
3 87 50 0
3 87 52 0
3 87 53 0
3 87 55 0
3 87 64 0
3 87 65 0
3 87 66 0
3 87 67 0
3 87 68 0
3 87 80 0
3 87 81 0
3 87 97 0
3 87 98 0
3 87 99 0
3 87 100 0
3 87 101 0
3 87 112 0
3 87 113 0
3 87 115 0
3 87 116 0
3 87 119 0
3 96 0 0
3 96 1 0
3 96 4 0
3 96 6 0
3 96 7 0
3 96 16 0
3 96 17 0
3 96 18 0
3 96 19 0
3 96 20 0
3 96 21 0
3 96 22 0
3 96 23 0
3 96 33 0
3 96 35 0
3 96 36 0
3 96 37 0
3 96 38 0
3 96 39 0
3 96 48 0
3 96 50 0
3 96 51 0
3 96 53 0
3 96 64 0
3 96 68 0
3 96 69 0
3 96 70 0
3 96 71 0
3 96 86 0
3 96 87 0
3 96 98 0
3 96 99 0
3 96 100 0
3 96 101 0
3 96 102 0
3 96 115 0
3 96 116 0
3 96 118 0
3 96 119 0
3 97 0 0
3 97 4 0
3 97 6 0
3 97 7 0
3 97 16 0
3 97 17 0
3 97 18 0
3 97 19 0
3 97 20 0
3 97 21 0
3 97 22 0
3 97 23 0
3 97 33 0
3 97 35 0
3 97 36 0
3 97 37 0
3 97 38 0
3 97 49 0
3 97 50 0
3 97 51 0
3 97 52 0
3 97 53 0
3 97 64 0
3 97 68 0
3 97 69 0
3 97 70 0
3 97 71 0
3 97 86 0
3 97 101 0
3 97 102 0
3 97 116 0
3 97 118 0
3 97 119 0
3 98 0 0
3 98 4 0
3 98 7 0
3 98 16 0
3 98 17 0
3 98 18 0
3 98 19 0
3 98 20 0
3 98 21 0
3 98 22 0
3 98 23 0
3 98 33 0
3 98 34 0
3 98 35 0
3 98 36 0
3 98 37 0
3 98 38 0
3 98 49 0
3 98 50 0
3 98 51 0
3 98 52 0
3 98 53 0
3 98 64 0
3 98 68 0
3 98 69 0
3 98 70 0
3 98 71 0
3 98 86 0
3 98 102 0
3 98 112 0
3 98 118 0
3 98 119 0
3 99 0 0
3 99 4 0
3 99 7 0
3 99 16 0
3 99 17 0
3 99 18 0
3 99 19 0
3 99 20 0
3 99 21 0
3 99 22 0
3 99 23 0
3 99 33 0
3 99 34 0
3 99 35 0
3 99 36 0
3 99 37 0
3 99 38 0
3 99 50 0
3 99 51 0
3 99 52 0
3 99 53 0
3 99 64 0
3 99 65 0
3 99 69 0
3 99 70 0
3 99 71 0
3 99 112 0
3 99 113 0
3 99 118 0
3 99 119 0
3 100 0 0
3 100 4 0
3 100 7 0
3 100 16 0
3 100 17 0
3 100 18 0
3 100 19 0
3 100 20 0
3 100 21 0
3 100 22 0
3 100 23 0
3 100 33 0
3 100 34 0
3 100 35 0
3 100 36 0
3 100 37 0
3 100 38 0
3 100 50 0
3 100 51 0
3 100 52 0
3 100 53 0
3 100 64 0
3 100 65 0
3 100 66 0
3 100 70 0
3 100 71 0
3 100 112 0
3 100 113 0
3 100 118 0
3 100 119 0
3 101 0 0
3 101 4 0
3 101 7 0
3 101 16 0
3 101 17 0
3 101 18 0
3 101 19 0
3 101 20 0
3 101 21 0
3 101 22 0
3 101 23 0
3 101 33 0
3 101 34 0
3 101 35 0
3 101 36 0
3 101 37 0
3 101 38 0
3 101 50 0
3 101 51 0
3 101 52 0
3 101 53 0
3 101 54 0
3 101 64 0
3 101 65 0
3 101 66 0
3 101 67 0
3 101 71 0
3 101 81 0
3 101 97 0
3 101 112 0
3 101 113 0
3 101 119 0
3 102 0 0
3 102 1 0
3 102 4 0
3 102 7 0
3 102 16 0
3 102 17 0
3 102 18 0
3 102 19 0
3 102 20 0
3 102 21 0
3 102 22 0
3 102 23 0
3 102 33 0
3 102 34 0
3 102 35 0
3 102 36 0
3 102 38 0
3 102 50 0
3 102 51 0
3 102 52 0
3 102 53 0
3 102 54 0
3 102 64 0
3 102 65 0
3 102 66 0
3 102 67 0
3 102 71 0
3 102 81 0
3 102 97 0
3 102 98 0
3 102 112 0
3 102 113 0
3 102 115 0
3 103 0 0
3 103 1 0
3 103 4 0
3 103 6 0
3 103 7 0
3 103 16 0
3 103 17 0
3 103 18 0
3 103 19 0
3 103 20 0
3 103 21 0
3 103 22 0
3 103 23 0
3 103 32 0
3 103 33 0
3 103 34 0
3 103 35 0
3 103 36 0
3 103 38 0
3 103 50 0
3 103 52 0
3 103 53 0
3 103 55 0
3 103 64 0
3 103 65 0
3 103 66 0
3 103 67 0
3 103 71 0
3 103 80 0
3 103 81 0
3 103 97 0
3 103 98 0
3 103 99 0
3 103 100 0
3 103 101 0
3 103 112 0
3 103 113 0
3 103 115 0
3 103 116 0
3 112 0 0
3 112 1 0
3 112 4 0
3 112 6 0
3 112 7 0
3 112 16 0
3 112 17 0
3 112 18 0
3 112 19 0
3 112 20 0
3 112 21 0
3 112 22 0
3 112 23 0
3 112 33 0
3 112 35 0
3 112 36 0
3 112 37 0
3 112 38 0
3 112 39 0
3 112 48 0
3 112 50 0
3 112 51 0
3 112 53 0
3 112 64 0
3 112 65 0
3 112 69 0
3 112 70 0
3 112 71 0
3 112 80 0
3 112 81 0
3 112 83 0
3 112 84 0
3 112 86 0
3 112 87 0
3 112 98 0
3 112 99 0
3 112 100 0
3 112 101 0
3 112 102 0
3 112 115 0
3 112 116 0
3 112 118 0
3 112 119 0
3 113 0 0
3 113 4 0
3 113 6 0
3 113 7 0
3 113 16 0
3 113 17 0
3 113 18 0
3 113 19 0
3 113 20 0
3 113 21 0
3 113 22 0
3 113 23 0
3 113 33 0
3 113 35 0
3 113 36 0
3 113 37 0
3 113 38 0
3 113 49 0
3 113 50 0
3 113 51 0
3 113 52 0
3 113 53 0
3 113 64 0
3 113 65 0
3 113 69 0
3 113 70 0
3 113 71 0
3 113 80 0
3 113 81 0
3 113 83 0
3 113 84 0
3 113 86 0
3 113 101 0
3 113 102 0
3 113 116 0
3 113 118 0
3 113 119 0
3 114 0 0
3 114 4 0
3 114 7 0
3 114 16 0
3 114 17 0
3 114 18 0
3 114 19 0
3 114 20 0
3 114 21 0
3 114 22 0
3 114 23 0
3 114 33 0
3 114 34 0
3 114 35 0
3 114 36 0
3 114 37 0
3 114 38 0
3 114 49 0
3 114 50 0
3 114 51 0
3 114 52 0
3 114 53 0
3 114 64 0
3 114 65 0
3 114 67 0
3 114 69 0
3 114 70 0
3 114 71 0
3 114 81 0
3 114 84 0
3 114 86 0
3 114 102 0
3 114 112 0
3 114 118 0
3 114 119 0
3 115 0 0
3 115 4 0
3 115 7 0
3 115 16 0
3 115 17 0
3 115 18 0
3 115 19 0
3 115 20 0
3 115 21 0
3 115 22 0
3 115 23 0
3 115 33 0
3 115 34 0
3 115 35 0
3 115 36 0
3 115 37 0
3 115 38 0
3 115 49 0
3 115 50 0
3 115 51 0
3 115 52 0
3 115 53 0
3 115 64 0
3 115 65 0
3 115 67 0
3 115 68 0
3 115 69 0
3 115 70 0
3 115 71 0
3 115 81 0
3 115 86 0
3 115 112 0
3 115 113 0
3 115 118 0
3 115 119 0
3 116 0 0
3 116 4 0
3 116 7 0
3 116 16 0
3 116 17 0
3 116 18 0
3 116 19 0
3 116 20 0
3 116 21 0
3 116 22 0
3 116 23 0
3 116 33 0
3 116 34 0
3 116 35 0
3 116 36 0
3 116 37 0
3 116 38 0
3 116 50 0
3 116 51 0
3 116 52 0
3 116 53 0
3 116 54 0
3 116 64 0
3 116 65 0
3 116 66 0
3 116 67 0
3 116 68 0
3 116 70 0
3 116 71 0
3 116 81 0
3 116 86 0
3 116 112 0
3 116 113 0
3 116 118 0
3 116 119 0
3 117 0 0
3 117 4 0
3 117 7 0
3 117 16 0
3 117 17 0
3 117 18 0
3 117 19 0
3 117 20 0
3 117 21 0
3 117 22 0
3 117 23 0
3 117 33 0
3 117 34 0
3 117 35 0
3 117 36 0
3 117 37 0
3 117 38 0
3 117 50 0
3 117 51 0
3 117 52 0
3 117 53 0
3 117 54 0
3 117 64 0
3 117 65 0
3 117 66 0
3 117 68 0
3 117 70 0
3 117 71 0
3 117 81 0
3 117 83 0
3 117 86 0
3 117 97 0
3 117 112 0
3 117 113 0
3 117 119 0
3 118 0 0
3 118 1 0
3 118 4 0
3 118 7 0
3 118 16 0
3 118 17 0
3 118 18 0
3 118 19 0
3 118 20 0
3 118 21 0
3 118 22 0
3 118 23 0
3 118 33 0
3 118 34 0
3 118 35 0
3 118 36 0
3 118 38 0
3 118 50 0
3 118 51 0
3 118 52 0
3 118 53 0
3 118 54 0
3 118 64 0
3 118 65 0
3 118 66 0
3 118 70 0
3 118 71 0
3 118 81 0
3 118 83 0
3 118 84 0
3 118 86 0
3 118 87 0
3 118 97 0
3 118 98 0
3 118 112 0
3 118 113 0
3 118 115 0
3 119 0 0
3 119 1 0
3 119 4 0
3 119 6 0
3 119 7 0
3 119 16 0
3 119 17 0
3 119 18 0
3 119 19 0
3 119 20 0
3 119 21 0
3 119 22 0
3 119 23 0
3 119 32 0
3 119 33 0
3 119 34 0
3 119 35 0
3 119 36 0
3 119 38 0
3 119 50 0
3 119 52 0
3 119 53 0
3 119 55 0
3 119 64 0
3 119 65 0
3 119 66 0
3 119 70 0
3 119 71 0
3 119 80 0
3 119 81 0
3 119 83 0
3 119 84 0
3 119 86 0
3 119 87 0
3 119 97 0
3 119 98 0
3 119 99 0
3 119 100 0
3 119 101 0
3 119 112 0
3 119 113 0
3 119 115 0
3 119 116 0
17 3 6 0
17 3 21 0
17 3 36 0
17 3 82 0
17 3 85 0
17 3 96 0
17 3 97 0
17 3 115 0
17 3 116 0
17 3 117 0
17 3 119 0
17 4 6 0
17 4 22 0
17 4 36 0
17 4 37 0
17 4 53 0
17 4 82 0
17 4 85 0
17 4 96 0
17 4 97 0
17 4 115 0
17 4 116 0
17 4 117 0
17 4 119 0
17 5 23 0
17 5 36 0
17 5 37 0
17 5 53 0
17 6 20 0
17 6 37 0
17 6 53 0
17 19 0 0
17 19 21 0
17 19 34 0
17 19 49 0
17 19 81 0
17 19 82 0
17 19 84 0
17 19 102 0
17 19 119 0
17 20 0 0
17 20 34 0
17 20 49 0
17 20 53 0
17 20 81 0
17 20 82 0
17 20 84 0
17 20 85 0
17 20 102 0
17 20 119 0
17 21 0 0
17 21 23 0
17 21 34 0
17 21 48 0
17 21 49 0
17 21 54 0
17 21 71 0
17 21 87 0
17 21 96 0
17 21 98 0
17 21 99 0
17 21 100 0
17 21 102 0
17 21 113 0
17 21 115 0
17 21 116 0
17 21 119 0
17 22 0 0
17 22 20 0
17 22 36 0
17 22 48 0
17 22 53 0
17 22 54 0
17 22 87 0
17 22 96 0
17 22 98 0
17 22 99 0
17 22 100 0
17 22 102 0
17 22 113 0
17 22 114 0
17 22 115 0
17 22 116 0
17 22 117 0
17 22 119 0
17 23 0 0
17 23 37 0
17 23 54 0
17 35 21 0
17 35 33 0
17 35 34 0
17 35 64 0
17 35 65 0
17 35 67 0
17 35 69 0
17 35 81 0
17 35 84 0
17 35 85 0
17 35 101 0
17 35 102 0
17 35 118 0
17 35 119 0
17 36 4 0
17 36 18 0
17 36 34 0
17 36 49 0
17 36 50 0
17 36 65 0
17 36 66 0
17 36 69 0
17 36 81 0
17 36 82 0
17 36 84 0
17 36 85 0
17 36 86 0
17 36 102 0
17 36 103 0
17 36 119 0
17 37 0 0
17 37 1 0
17 37 2 0
17 37 4 0
17 37 5 0
17 37 6 0
17 37 16 0
17 37 18 0
17 37 23 0
17 37 33 0
17 37 34 0
17 37 49 0
17 37 64 0
17 37 65 0
17 37 66 0
17 37 69 0
17 37 70 0
17 37 71 0
17 37 80 0
17 37 81 0
17 37 84 0
17 37 85 0
17 37 87 0
17 37 96 0
17 37 98 0
17 37 100 0
17 37 102 0
17 37 103 0
17 37 113 0
17 37 115 0
17 37 116 0
17 37 118 0
17 37 119 0
17 38 0 0
17 38 1 0
17 38 2 0
17 38 4 0
17 38 5 0
17 38 6 0
17 38 16 0
17 38 18 0
17 38 20 0
17 38 32 0
17 38 33 0
17 38 34 0
17 38 36 0
17 38 48 0
17 38 66 0
17 38 69 0
17 38 70 0
17 38 80 0
17 38 81 0
17 38 85 0
17 38 87 0
17 38 96 0
17 38 98 0
17 38 99 0
17 38 100 0
17 38 102 0
17 38 103 0
17 38 113 0
17 38 114 0
17 38 115 0
17 38 116 0
17 38 117 0
17 38 118 0
17 38 119 0
17 39 0 0
17 39 2 0
17 39 5 0
17 39 6 0
17 39 32 0
17 39 34 0
17 39 37 0
17 39 53 0
17 39 70 0
17 39 80 0
17 39 81 0
17 39 117 0
17 48 0 0
17 48 1 0
17 48 16 0
17 48 18 0
17 48 55 0
17 48 66 0
17 48 71 0
17 48 85 0
17 48 102 0
17 48 103 0
17 48 119 0
17 49 0 0
17 49 5 0
17 49 16 0
17 49 19 0
17 49 20 0
17 49 21 0
17 49 34 0
17 49 37 0
17 49 68 0
17 49 69 0
17 49 102 0
17 49 119 0
17 50 4 0
17 50 18 0
17 50 20 0
17 50 21 0
17 50 34 0
17 50 52 0
17 50 69 0
17 50 84 0
17 50 85 0
17 50 86 0
17 50 102 0
17 50 103 0
17 50 119 0
17 51 0 0
17 51 5 0
17 51 21 0
17 51 34 0
17 51 80 0
17 51 81 0
17 51 102 0
17 51 119 0
17 52 4 0
17 52 18 0
17 52 21 0
17 52 34 0
17 52 49 0
17 52 50 0
17 52 65 0
17 52 81 0
17 52 82 0
17 52 85 0
17 52 86 0
17 52 102 0
17 52 103 0
17 52 119 0
17 53 0 0
17 53 1 0
17 53 2 0
17 53 4 0
17 53 5 0
17 53 6 0
17 53 7 0
17 53 16 0
17 53 18 0
17 53 19 0
17 53 21 0
17 53 22 0
17 53 23 0
17 53 33 0
17 53 34 0
17 53 49 0
17 53 64 0
17 53 65 0
17 53 66 0
17 53 80 0
17 53 81 0
17 53 85 0
17 53 86 0
17 53 87 0
17 53 96 0
17 53 97 0
17 53 98 0
17 53 102 0
17 53 103 0
17 53 112 0
17 53 113 0
17 53 115 0
17 53 116 0
17 53 118 0
17 53 119 0
17 54 0 0
17 54 1 0
17 54 2 0
17 54 4 0
17 54 5 0
17 54 6 0
17 54 7 0
17 54 16 0
17 54 18 0
17 54 19 0
17 54 20 0
17 54 21 0
17 54 22 0
17 54 23 0
17 54 32 0
17 54 33 0
17 54 34 0
17 54 36 0
17 54 48 0
17 54 49 0
17 54 64 0
17 54 65 0
17 54 66 0
17 54 68 0
17 54 80 0
17 54 81 0
17 54 85 0
17 54 86 0
17 54 87 0
17 54 96 0
17 54 97 0
17 54 98 0
17 54 99 0
17 54 100 0
17 54 102 0
17 54 103 0
17 54 112 0
17 54 113 0
17 54 114 0
17 54 115 0
17 54 116 0
17 54 118 0
17 54 119 0
17 55 0 0
17 55 2 0
17 55 5 0
17 55 22 0
17 55 32 0
17 55 34 0
17 55 37 0
17 55 53 0
17 55 69 0
17 55 80 0
17 55 81 0
17 55 86 0
17 55 114 0
17 55 117 0
17 64 0 0
17 64 1 0
17 64 5 0
17 64 16 0
17 64 18 0
17 64 55 0
17 64 66 0
17 64 71 0
17 64 82 0
17 64 83 0
17 64 85 0
17 64 97 0
17 64 102 0
17 64 103 0
17 64 116 0
17 64 119 0
17 65 0 0
17 65 5 0
17 65 16 0
17 65 19 0
17 65 20 0
17 65 21 0
17 65 32 0
17 65 34 0
17 65 36 0
17 65 68 0
17 65 69 0
17 65 83 0
17 65 84 0
17 65 85 0
17 65 102 0
17 65 119 0
17 66 19 0
17 66 20 0
17 66 21 0
17 66 33 0
17 66 34 0
17 66 35 0
17 66 36 0
17 66 64 0
17 66 69 0
17 66 84 0
17 66 85 0
17 66 101 0
17 66 102 0
17 66 118 0
17 66 119 0
17 67 19 0
17 67 20 0
17 67 21 0
17 67 33 0
17 67 34 0
17 67 35 0
17 67 37 0
17 67 64 0
17 67 81 0
17 67 85 0
17 67 101 0
17 67 102 0
17 67 118 0
17 67 119 0
17 68 4 0
17 68 6 0
17 68 18 0
17 68 19 0
17 68 20 0
17 68 21 0
17 68 22 0
17 68 33 0
17 68 34 0
17 68 35 0
17 68 37 0
17 68 49 0
17 68 50 0
17 68 64 0
17 68 65 0
17 68 70 0
17 68 71 0
17 68 81 0
17 68 82 0
17 68 86 0
17 68 96 0
17 68 97 0
17 68 100 0
17 68 101 0
17 68 102 0
17 68 103 0
17 68 115 0
17 68 116 0
17 68 118 0
17 68 119 0
17 69 0 0
17 69 1 0
17 69 2 0
17 69 4 0
17 69 5 0
17 69 6 0
17 69 7 0
17 69 16 0
17 69 18 0
17 69 19 0
17 69 20 0
17 69 21 0
17 69 22 0
17 69 23 0
17 69 33 0
17 69 34 0
17 69 38 0
17 69 49 0
17 69 64 0
17 69 65 0
17 69 66 0
17 69 80 0
17 69 81 0
17 69 82 0
17 69 83 0
17 69 96 0
17 69 97 0
17 69 101 0
17 69 102 0
17 69 103 0
17 69 112 0
17 69 113 0
17 69 115 0
17 69 116 0
17 69 118 0
17 69 119 0
17 70 0 0
17 70 1 0
17 70 2 0
17 70 4 0
17 70 5 0
17 70 6 0
17 70 7 0
17 70 16 0
17 70 18 0
17 70 19 0
17 70 20 0
17 70 21 0
17 70 22 0
17 70 23 0
17 70 32 0
17 70 33 0
17 70 34 0
17 70 36 0
17 70 37 0
17 70 38 0
17 70 39 0
17 70 48 0
17 70 49 0
17 70 64 0
17 70 65 0
17 70 66 0
17 70 68 0
17 70 80 0
17 70 81 0
17 70 83 0
17 70 84 0
17 70 96 0
17 70 97 0
17 70 98 0
17 70 101 0
17 70 102 0
17 70 103 0
17 70 112 0
17 70 113 0
17 70 114 0
17 70 115 0
17 70 116 0
17 70 118 0
17 70 119 0
17 71 0 0
17 71 2 0
17 71 5 0
17 71 32 0
17 71 34 0
17 71 36 0
17 71 38 0
17 71 53 0
17 71 69 0
17 71 80 0
17 71 81 0
17 71 85 0
17 71 102 0
17 71 103 0
17 71 114 0
17 71 117 0
17 80 0 0
17 80 1 0
17 80 5 0
17 80 16 0
17 80 18 0
17 80 66 0
17 80 82 0
17 80 83 0
17 80 102 0
17 80 103 0
17 80 113 0
17 80 116 0
17 80 119 0
17 81 0 0
17 81 1 0
17 81 2 0
17 81 3 0
17 81 4 0
17 81 5 0
17 81 6 0
17 81 16 0
17 81 18 0
17 81 19 0
17 81 20 0
17 81 21 0
17 81 23 0
17 81 32 0
17 81 34 0
17 81 36 0
17 81 38 0
17 81 54 0
17 81 55 0
17 81 68 0
17 81 69 0
17 81 70 0
17 81 71 0
17 81 83 0
17 81 84 0
17 81 86 0
17 81 87 0
17 81 99 0
17 81 102 0
17 81 103 0
17 81 113 0
17 81 115 0
17 81 116 0
17 81 117 0
17 81 119 0
17 82 0 0
17 82 1 0
17 82 2 0
17 82 4 0
17 82 5 0
17 82 6 0
17 82 16 0
17 82 18 0
17 82 19 0
17 82 20 0
17 82 21 0
17 82 23 0
17 82 33 0
17 82 34 0
17 82 36 0
17 82 38 0
17 82 48 0
17 82 64 0
17 82 69 0
17 82 70 0
17 82 71 0
17 82 80 0
17 82 84 0
17 82 85 0
17 82 86 0
17 82 87 0
17 82 96 0
17 82 100 0
17 82 102 0
17 82 103 0
17 82 113 0
17 82 116 0
17 82 118 0
17 82 119 0
17 83 0 0
17 83 1 0
17 83 2 0
17 83 4 0
17 83 5 0
17 83 6 0
17 83 7 0
17 83 16 0
17 83 18 0
17 83 19 0
17 83 20 0
17 83 21 0
17 83 22 0
17 83 23 0
17 83 34 0
17 83 36 0
17 83 38 0
17 83 49 0
17 83 64 0
17 83 70 0
17 83 71 0
17 83 80 0
17 83 81 0
17 83 85 0
17 83 86 0
17 83 87 0
17 83 96 0
17 83 97 0
17 83 101 0
17 83 102 0
17 83 103 0
17 83 112 0
17 83 113 0
17 83 119 0
17 84 0 0
17 84 1 0
17 84 2 0
17 84 4 0
17 84 5 0
17 84 6 0
17 84 7 0
17 84 16 0
17 84 18 0
17 84 19 0
17 84 20 0
17 84 21 0
17 84 22 0
17 84 23 0
17 84 33 0
17 84 34 0
17 84 36 0
17 84 37 0
17 84 49 0
17 84 53 0
17 84 64 0
17 84 65 0
17 84 70 0
17 84 71 0
17 84 80 0
17 84 81 0
17 84 86 0
17 84 87 0
17 84 96 0
17 84 97 0
17 84 98 0
17 84 102 0
17 84 103 0
17 84 112 0
17 84 113 0
17 84 118 0
17 84 119 0
17 85 0 0
17 85 1 0
17 85 2 0
17 85 4 0
17 85 5 0
17 85 6 0
17 85 7 0
17 85 16 0
17 85 18 0
17 85 19 0
17 85 20 0
17 85 21 0
17 85 22 0
17 85 23 0
17 85 32 0
17 85 33 0
17 85 34 0
17 85 36 0
17 85 37 0
17 85 38 0
17 85 49 0
17 85 53 0
17 85 54 0
17 85 64 0
17 85 65 0
17 85 66 0
17 85 80 0
17 85 81 0
17 85 82 0
17 85 83 0
17 85 96 0
17 85 97 0
17 85 98 0
17 85 99 0
17 85 103 0
17 85 112 0
17 85 113 0
17 85 115 0
17 85 118 0
17 85 119 0
17 86 0 0
17 86 1 0
17 86 2 0
17 86 3 0
17 86 4 0
17 86 5 0
17 86 6 0
17 86 7 0
17 86 16 0
17 86 18 0
17 86 19 0
17 86 20 0
17 86 21 0
17 86 22 0
17 86 23 0
17 86 32 0
17 86 33 0
17 86 34 0
17 86 36 0
17 86 37 0
17 86 39 0
17 86 48 0
17 86 49 0
17 86 53 0
17 86 54 0
17 86 64 0
17 86 65 0
17 86 66 0
17 86 68 0
17 86 80 0
17 86 81 0
17 86 83 0
17 86 84 0
17 86 96 0
17 86 97 0
17 86 98 0
17 86 100 0
17 86 112 0
17 86 113 0
17 86 114 0
17 86 115 0
17 86 116 0
17 86 118 0
17 86 119 0
17 87 0 0
17 87 2 0
17 87 5 0
17 87 32 0
17 87 34 0
17 87 36 0
17 87 54 0
17 87 69 0
17 87 80 0
17 87 81 0
17 87 85 0
17 87 114 0
17 87 117 0
17 87 118 0
17 96 0 0
17 96 1 0
17 96 5 0
17 96 16 0
17 96 18 0
17 96 64 0
17 96 65 0
17 96 82 0
17 96 83 0
17 96 102 0
17 96 103 0
17 96 116 0
17 96 119 0
17 97 0 0
17 97 1 0
17 97 2 0
17 97 3 0
17 97 4 0
17 97 5 0
17 97 6 0
17 97 16 0
17 97 18 0
17 97 19 0
17 97 20 0
17 97 21 0
17 97 23 0
17 97 32 0
17 97 36 0
17 97 38 0
17 97 39 0
17 97 54 0
17 97 55 0
17 97 64 0
17 97 65 0
17 97 66 0
17 97 69 0
17 97 70 0
17 97 71 0
17 97 83 0
17 97 84 0
17 97 86 0
17 97 87 0
17 97 99 0
17 97 102 0
17 97 103 0
17 97 116 0
17 97 117 0
17 97 119 0
17 98 0 0
17 98 1 0
17 98 2 0
17 98 3 0
17 98 4 0
17 98 5 0
17 98 6 0
17 98 16 0
17 98 18 0
17 98 19 0
17 98 20 0
17 98 21 0
17 98 23 0
17 98 32 0
17 98 33 0
17 98 34 0
17 98 36 0
17 98 38 0
17 98 39 0
17 98 48 0
17 98 54 0
17 98 55 0
17 98 64 0
17 98 65 0
17 98 66 0
17 98 69 0
17 98 70 0
17 98 71 0
17 98 80 0
17 98 84 0
17 98 85 0
17 98 86 0
17 98 87 0
17 98 96 0
17 98 100 0
17 98 102 0
17 98 103 0
17 98 116 0
17 98 117 0
17 98 118 0
17 98 119 0
17 99 0 0
17 99 1 0
17 99 2 0
17 99 3 0
17 99 4 0
17 99 5 0
17 99 6 0
17 99 7 0
17 99 16 0
17 99 18 0
17 99 19 0
17 99 20 0
17 99 21 0
17 99 22 0
17 99 23 0
17 99 32 0
17 99 33 0
17 99 34 0
17 99 36 0
17 99 38 0
17 99 39 0
17 99 48 0
17 99 49 0
17 99 54 0
17 99 55 0
17 99 64 0
17 99 65 0
17 99 66 0
17 99 68 0
17 99 69 0
17 99 70 0
17 99 71 0
17 99 80 0
17 99 81 0
17 99 85 0
17 99 86 0
17 99 87 0
17 99 96 0
17 99 97 0
17 99 101 0
17 99 102 0
17 99 103 0
17 99 112 0
17 99 113 0
17 99 117 0
17 99 118 0
17 99 119 0
17 100 0 0
17 100 1 0
17 100 2 0
17 100 3 0
17 100 4 0
17 100 5 0
17 100 6 0
17 100 7 0
17 100 16 0
17 100 18 0
17 100 19 0
17 100 20 0
17 100 21 0
17 100 22 0
17 100 23 0
17 100 32 0
17 100 33 0
17 100 34 0
17 100 36 0
17 100 38 0
17 100 39 0
17 100 48 0
17 100 49 0
17 100 53 0
17 100 55 0
17 100 64 0
17 100 65 0
17 100 66 0
17 100 68 0
17 100 69 0
17 100 71 0
17 100 80 0
17 100 81 0
17 100 82 0
17 100 86 0
17 100 87 0
17 100 96 0
17 100 97 0
17 100 98 0
17 100 102 0
17 100 103 0
17 100 112 0
17 100 113 0
17 100 114 0
17 100 118 0
17 100 119 0
17 101 0 0
17 101 1 0
17 101 2 0
17 101 3 0
17 101 4 0
17 101 5 0
17 101 6 0
17 101 7 0
17 101 16 0
17 101 18 0
17 101 19 0
17 101 20 0
17 101 21 0
17 101 22 0
17 101 23 0
17 101 32 0
17 101 33 0
17 101 34 0
17 101 36 0
17 101 38 0
17 101 39 0
17 101 48 0
17 101 49 0
17 101 53 0
17 101 55 0
17 101 64 0
17 101 65 0
17 101 66 0
17 101 68 0
17 101 69 0
17 101 70 0
17 101 71 0
17 101 80 0
17 101 81 0
17 101 82 0
17 101 83 0
17 101 96 0
17 101 97 0
17 101 99 0
17 101 103 0
17 101 112 0
17 101 113 0
17 101 114 0
17 101 119 0
17 102 0 0
17 102 1 0
17 102 2 0
17 102 3 0
17 102 4 0
17 102 5 0
17 102 6 0
17 102 7 0
17 102 16 0
17 102 18 0
17 102 19 0
17 102 20 0
17 102 21 0
17 102 22 0
17 102 32 0
17 102 33 0
17 102 34 0
17 102 36 0
17 102 39 0
17 102 48 0
17 102 49 0
17 102 53 0
17 102 64 0
17 102 65 0
17 102 66 0
17 102 69 0
17 102 70 0
17 102 80 0
17 102 81 0
17 102 83 0
17 102 84 0
17 102 96 0
17 102 97 0
17 102 100 0
17 102 112 0
17 102 114 0
17 103 0 0
17 103 2 0
17 103 5 0
17 103 32 0
17 103 34 0
17 103 36 0
17 103 70 0
17 103 80 0
17 103 81 0
17 103 85 0
17 103 114 0
17 112 0 0
17 112 1 0
17 112 18 0
17 112 103 0
17 113 0 0
17 113 1 0
17 113 2 0
17 113 5 0
17 113 18 0
17 113 36 0
17 113 64 0
17 113 82 0
17 113 87 0
17 113 99 0
17 113 103 0
17 114 0 0
17 114 1 0
17 114 2 0
17 114 5 0
17 114 18 0
17 114 34 0
17 114 36 0
17 114 64 0
17 114 80 0
17 114 82 0
17 114 83 0
17 114 87 0
17 114 96 0
17 114 100 0
17 114 103 0
17 114 116 0
17 114 117 0
17 115 0 0
17 115 1 0
17 115 2 0
17 115 5 0
17 115 18 0
17 115 32 0
17 115 34 0
17 115 36 0
17 115 64 0
17 115 80 0
17 115 81 0
17 115 82 0
17 115 83 0
17 115 84 0
17 115 87 0
17 115 97 0
17 115 101 0
17 115 103 0
17 115 117 0
17 116 0 0
17 116 1 0
17 116 2 0
17 116 5 0
17 116 18 0
17 116 34 0
17 116 36 0
17 116 64 0
17 116 69 0
17 116 80 0
17 116 81 0
17 116 83 0
17 116 84 0
17 116 85 0
17 116 87 0
17 116 98 0
17 116 102 0
17 116 103 0
17 116 114 0
17 116 118 0
17 117 0 0
17 117 1 0
17 117 2 0
17 117 5 0
17 117 18 0
17 117 32 0
17 117 34 0
17 117 36 0
17 117 64 0
17 117 69 0
17 117 80 0
17 117 81 0
17 117 84 0
17 117 85 0
17 117 87 0
17 117 99 0
17 117 103 0
17 117 114 0
17 118 0 0
17 118 1 0
17 118 2 0
17 118 5 0
17 118 18 0
17 118 32 0
17 118 34 0
17 118 36 0
17 118 64 0
17 118 69 0
17 118 80 0
17 118 85 0
17 118 87 0
17 118 100 0
17 118 114 0
17 119 0 0
17 119 2 0
17 119 5 0
17 119 32 0
17 119 36 0
17 119 80 0
17 119 87 0
17 119 114 0
18 20 0 0
18 20 23 0
18 20 34 0
18 20 38 0
18 20 39 0
18 20 55 0
18 20 71 0
18 20 98 0
18 20 102 0
18 20 114 0
18 20 117 0
18 20 119 0
18 21 0 0
18 21 23 0
18 21 34 0
18 21 39 0
18 21 55 0
18 21 71 0
18 21 98 0
18 21 102 0
18 21 114 0
18 21 117 0
18 21 119 0
18 36 0 0
18 36 1 0
18 36 2 0
18 36 3 0
18 36 4 0
18 36 5 0
18 36 6 0
18 36 7 0
18 36 16 0
18 36 17 0
18 36 19 0
18 36 22 0
18 36 32 0
18 36 33 0
18 36 35 0
18 36 38 0
18 36 39 0
18 36 49 0
18 36 50 0
18 36 54 0
18 36 55 0
18 36 64 0
18 36 67 0
18 36 70 0
18 36 71 0
18 36 80 0
18 36 81 0
18 36 83 0
18 36 84 0
18 36 86 0
18 36 87 0
18 36 97 0
18 36 98 0
18 36 99 0
18 36 100 0
18 36 101 0
18 36 102 0
18 36 103 0
18 36 112 0
18 36 113 0
18 36 115 0
18 36 116 0
18 36 118 0
18 36 119 0
18 37 0 0
18 37 1 0
18 37 2 0
18 37 3 0
18 37 4 0
18 37 5 0
18 37 6 0
18 37 16 0
18 37 17 0
18 37 23 0
18 37 32 0
18 37 33 0
18 37 34 0
18 37 39 0
18 37 55 0
18 37 71 0
18 37 80 0
18 37 81 0
18 37 84 0
18 37 87 0
18 37 98 0
18 37 102 0
18 37 114 0
18 37 118 0
18 37 119 0
18 38 1 0
18 38 2 0
18 38 3 0
18 38 4 0
18 38 6 0
18 39 2 0
18 48 66 0
18 48 81 0
18 49 5 0
18 49 7 0
18 49 23 0
18 49 37 0
18 49 38 0
18 49 54 0
18 49 55 0
18 49 67 0
18 49 81 0
18 49 86 0
18 49 97 0
18 49 103 0
18 49 112 0
18 49 114 0
18 50 1 0
18 50 2 0
18 50 3 0
18 50 4 0
18 50 5 0
18 50 6 0
18 50 7 0
18 50 16 0
18 50 19 0
18 50 20 0
18 50 22 0
18 50 32 0
18 50 35 0
18 50 38 0
18 50 39 0
18 50 52 0
18 50 53 0
18 50 54 0
18 50 55 0
18 50 64 0
18 50 68 0
18 50 70 0
18 50 71 0
18 50 80 0
18 50 81 0
18 50 86 0
18 50 87 0
18 50 96 0
18 50 97 0
18 50 98 0
18 50 99 0
18 50 100 0
18 50 101 0
18 50 103 0
18 50 112 0
18 50 113 0
18 50 115 0
18 50 116 0
18 50 117 0
18 50 118 0
18 51 0 0
18 51 1 0
18 51 2 0
18 51 3 0
18 51 4 0
18 51 5 0
18 51 6 0
18 51 7 0
18 51 16 0
18 51 17 0
18 51 20 0
18 51 23 0
18 51 32 0
18 51 33 0
18 51 34 0
18 51 37 0
18 51 38 0
18 51 39 0
18 51 48 0
18 51 54 0
18 51 55 0
18 51 65 0
18 51 70 0
18 51 71 0
18 51 80 0
18 51 81 0
18 51 86 0
18 51 87 0
18 51 96 0
18 51 97 0
18 51 98 0
18 51 99 0
18 51 100 0
18 51 102 0
18 51 103 0
18 51 112 0
18 51 114 0
18 51 115 0
18 51 116 0
18 51 118 0
18 51 119 0
18 52 0 0
18 52 1 0
18 52 2 0
18 52 3 0
18 52 4 0
18 52 5 0
18 52 6 0
18 52 7 0
18 52 16 0
18 52 19 0
18 52 20 0
18 52 22 0
18 52 32 0
18 52 34 0
18 52 35 0
18 52 38 0
18 52 39 0
18 52 49 0
18 52 50 0
18 52 54 0
18 52 55 0
18 52 64 0
18 52 66 0
18 52 70 0
18 52 71 0
18 52 80 0
18 52 85 0
18 52 86 0
18 52 87 0
18 52 96 0
18 52 97 0
18 52 98 0
18 52 99 0
18 52 100 0
18 52 101 0
18 52 102 0
18 52 103 0
18 52 112 0
18 52 113 0
18 52 115 0
18 52 116 0
18 52 117 0
18 52 118 0
18 52 119 0
18 53 0 0
18 53 1 0
18 53 2 0
18 53 3 0
18 53 4 0
18 53 5 0
18 53 6 0
18 53 16 0
18 53 17 0
18 53 20 0
18 53 23 0
18 53 32 0
18 53 33 0
18 53 34 0
18 53 39 0
18 53 48 0
18 53 49 0
18 53 55 0
18 53 67 0
18 53 71 0
18 53 80 0
18 53 81 0
18 53 85 0
18 53 86 0
18 53 87 0
18 53 96 0
18 53 98 0
18 53 100 0
18 53 102 0
18 53 103 0
18 53 114 0
18 53 115 0
18 53 116 0
18 53 118 0
18 53 119 0
18 54 1 0
18 54 2 0
18 54 3 0
18 54 4 0
18 54 6 0
18 54 48 0
18 54 49 0
18 54 85 0
18 54 86 0
18 54 96 0
18 54 115 0
18 54 116 0
18 54 117 0
18 55 2 0
18 55 69 0
18 55 86 0
18 55 117 0
18 64 5 0
18 64 66 0
18 65 2 0
18 65 5 0
18 65 7 0
18 65 23 0
18 65 32 0
18 65 37 0
18 65 38 0
18 65 54 0
18 65 55 0
18 65 67 0
18 65 83 0
18 65 84 0
18 65 86 0
18 65 97 0
18 65 98 0
18 65 103 0
18 65 112 0
18 65 114 0
18 65 117 0
18 66 1 0
18 66 2 0
18 66 3 0
18 66 4 0
18 66 5 0
18 66 6 0
18 66 7 0
18 66 16 0
18 66 19 0
18 66 20 0
18 66 22 0
18 66 32 0
18 66 35 0
18 66 37 0
18 66 38 0
18 66 39 0
18 66 52 0
18 66 53 0
18 66 54 0
18 66 55 0
18 66 64 0
18 66 68 0
18 66 70 0
18 66 71 0
18 66 80 0
18 66 84 0
18 66 85 0
18 66 86 0
18 66 87 0
18 66 96 0
18 66 97 0
18 66 98 0
18 66 99 0
18 66 100 0
18 66 101 0
18 66 103 0
18 66 112 0
18 66 115 0
18 66 116 0
18 66 117 0
18 66 118 0
18 67 0 0
18 67 1 0
18 67 2 0
18 67 3 0
18 67 4 0
18 67 5 0
18 67 6 0
18 67 7 0
18 67 16 0
18 67 17 0
18 67 19 0
18 67 20 0
18 67 22 0
18 67 32 0
18 67 33 0
18 67 35 0
18 67 36 0
18 67 37 0
18 67 38 0
18 67 39 0
18 67 49 0
18 67 54 0
18 67 55 0
18 67 64 0
18 67 65 0
18 67 70 0
18 67 71 0
18 67 80 0
18 67 81 0
18 67 85 0
18 67 86 0
18 67 87 0
18 67 96 0
18 67 97 0
18 67 98 0
18 67 99 0
18 67 100 0
18 67 101 0
18 67 102 0
18 67 103 0
18 67 112 0
18 67 115 0
18 67 116 0
18 67 118 0
18 67 119 0
18 68 0 0
18 68 1 0
18 68 2 0
18 68 3 0
18 68 4 0
18 68 5 0
18 68 6 0
18 68 7 0
18 68 16 0
18 68 17 0
18 68 19 0
18 68 20 0
18 68 22 0
18 68 32 0
18 68 33 0
18 68 35 0
18 68 36 0
18 68 38 0
18 68 39 0
18 68 49 0
18 68 50 0
18 68 54 0
18 68 55 0
18 68 64 0
18 68 66 0
18 68 70 0
18 68 71 0
18 68 80 0
18 68 81 0
18 68 82 0
18 68 86 0
18 68 87 0
18 68 96 0
18 68 97 0
18 68 98 0
18 68 99 0
18 68 100 0
18 68 101 0
18 68 102 0
18 68 103 0
18 68 112 0
18 68 113 0
18 68 115 0
18 68 116 0
18 68 118 0
18 68 119 0
18 69 0 0
18 69 1 0
18 69 2 0
18 69 3 0
18 69 4 0
18 69 5 0
18 69 6 0
18 69 16 0
18 69 17 0
18 69 20 0
18 69 23 0
18 69 32 0
18 69 33 0
18 69 36 0
18 69 39 0
18 69 48 0
18 69 49 0
18 69 55 0
18 69 67 0
18 69 71 0
18 69 80 0
18 69 81 0
18 69 82 0
18 69 83 0
18 69 87 0
18 69 96 0
18 69 100 0
18 69 101 0
18 69 102 0
18 69 103 0
18 69 114 0
18 69 116 0
18 69 118 0
18 69 119 0
18 70 1 0
18 70 2 0
18 70 3 0
18 70 4 0
18 70 5 0
18 70 6 0
18 70 20 0
18 70 39 0
18 70 48 0
18 70 49 0
18 70 80 0
18 70 83 0
18 70 84 0
18 70 96 0
18 70 101 0
18 70 102 0
18 70 103 0
18 70 114 0
18 70 115 0
18 70 116 0
18 70 117 0
18 71 2 0
18 71 69 0
18 71 85 0
18 71 102 0
18 71 103 0
18 71 117 0
18 80 5 0
18 80 66 0
18 81 2 0
18 81 5 0
18 81 32 0
18 81 54 0
18 81 55 0
18 81 67 0
18 81 83 0
18 81 84 0
18 81 103 0
18 81 114 0
18 81 117 0
18 82 1 0
18 82 2 0
18 82 3 0
18 82 4 0
18 82 5 0
18 82 6 0
18 82 20 0
18 82 39 0
18 82 48 0
18 82 54 0
18 82 55 0
18 82 64 0
18 82 68 0
18 82 71 0
18 82 80 0
18 82 84 0
18 82 85 0
18 82 87 0
18 82 96 0
18 82 100 0
18 82 103 0
18 82 114 0
18 82 115 0
18 82 116 0
18 82 117 0
18 83 1 0
18 83 2 0
18 83 3 0
18 83 4 0
18 83 5 0
18 83 6 0
18 83 20 0
18 83 32 0
18 83 39 0
18 83 48 0
18 83 49 0
18 83 54 0
18 83 55 0
18 83 65 0
18 83 70 0
18 83 71 0
18 83 80 0
18 83 81 0
18 83 85 0
18 83 87 0
18 83 96 0
18 83 97 0
18 83 101 0
18 83 103 0
18 83 114 0
18 83 115 0
18 83 116 0
18 83 117 0
18 84 1 0
18 84 2 0
18 84 3 0
18 84 4 0
18 84 5 0
18 84 6 0
18 84 20 0
18 84 32 0
18 84 39 0
18 84 48 0
18 84 49 0
18 84 53 0
18 84 55 0
18 84 66 0
18 84 70 0
18 84 71 0
18 84 80 0
18 84 86 0
18 84 87 0
18 84 96 0
18 84 98 0
18 84 102 0
18 84 103 0
18 84 114 0
18 84 115 0
18 84 116 0
18 84 117 0
18 85 1 0
18 85 2 0
18 85 3 0
18 85 4 0
18 85 5 0
18 85 6 0
18 85 20 0
18 85 32 0
18 85 48 0
18 85 49 0
18 85 53 0
18 85 54 0
18 85 55 0
18 85 67 0
18 85 71 0
18 85 80 0
18 85 82 0
18 85 83 0
18 85 87 0
18 85 96 0
18 85 99 0
18 85 103 0
18 85 114 0
18 85 115 0
18 85 116 0
18 85 117 0
18 86 1 0
18 86 2 0
18 86 3 0
18 86 4 0
18 86 5 0
18 86 6 0
18 86 20 0
18 86 39 0
18 86 48 0
18 86 49 0
18 86 53 0
18 86 54 0
18 86 80 0
18 86 83 0
18 86 84 0
18 86 96 0
18 86 114 0
18 86 115 0
18 86 116 0
18 86 117 0
18 87 2 0
18 87 54 0
18 87 69 0
18 87 85 0
18 87 117 0
18 96 5 0
18 97 2 0
18 97 5 0
18 97 32 0
18 97 54 0
18 97 55 0
18 97 66 0
18 97 83 0
18 97 84 0
18 97 103 0
18 97 117 0
18 98 1 0
18 98 2 0
18 98 5 0
18 98 32 0
18 98 39 0
18 98 48 0
18 98 54 0
18 98 55 0
18 98 66 0
18 98 80 0
18 98 84 0
18 98 85 0
18 98 87 0
18 98 96 0
18 98 100 0
18 98 103 0
18 98 117 0
18 99 1 0
18 99 2 0
18 99 3 0
18 99 4 0
18 99 5 0
18 99 6 0
18 99 20 0
18 99 32 0
18 99 39 0
18 99 48 0
18 99 49 0
18 99 54 0
18 99 55 0
18 99 66 0
18 99 68 0
18 99 71 0
18 99 80 0
18 99 81 0
18 99 85 0
18 99 87 0
18 99 96 0
18 99 97 0
18 99 101 0
18 99 103 0
18 99 117 0
18 100 1 0
18 100 2 0
18 100 3 0
18 100 4 0
18 100 5 0
18 100 6 0
18 100 20 0
18 100 32 0
18 100 39 0
18 100 48 0
18 100 49 0
18 100 53 0
18 100 55 0
18 100 68 0
18 100 69 0
18 100 71 0
18 100 80 0
18 100 82 0
18 100 86 0
18 100 87 0
18 100 96 0
18 100 98 0
18 100 102 0
18 100 103 0
18 100 114 0
18 101 1 0
18 101 2 0
18 101 3 0
18 101 4 0
18 101 5 0
18 101 6 0
18 101 20 0
18 101 32 0
18 101 39 0
18 101 48 0
18 101 49 0
18 101 53 0
18 101 55 0
18 101 68 0
18 101 69 0
18 101 70 0
18 101 71 0
18 101 80 0
18 101 82 0
18 101 83 0
18 101 87 0
18 101 96 0
18 101 99 0
18 101 103 0
18 101 114 0
18 102 1 0
18 102 2 0
18 102 3 0
18 102 4 0
18 102 5 0
18 102 6 0
18 102 20 0
18 102 39 0
18 102 48 0
18 102 49 0
18 102 53 0
18 102 69 0
18 102 70 0
18 102 80 0
18 102 83 0
18 102 84 0
18 102 96 0
18 102 114 0
18 103 2 0
18 103 70 0
18 103 85 0
18 113 2 0
18 113 5 0
18 114 2 0
18 114 5 0
18 114 80 0
18 114 83 0
18 114 87 0
18 114 96 0
18 114 100 0
18 114 117 0
18 115 2 0
18 115 5 0
18 115 80 0
18 115 83 0
18 115 84 0
18 115 87 0
18 115 97 0
18 115 101 0
18 115 117 0
18 116 2 0
18 116 5 0
18 116 80 0
18 116 83 0
18 116 84 0
18 116 87 0
18 116 98 0
18 116 102 0
18 117 2 0
18 117 5 0
18 117 80 0
18 117 84 0
18 117 87 0
18 117 99 0
18 117 103 0
18 118 2 0
18 118 5 0
18 118 80 0
19 33 2 0
19 33 4 0
19 37 0 0
19 37 1 0
19 37 2 0
19 37 3 0
19 37 4 0
19 37 5 0
19 37 6 0
19 37 16 0
19 37 17 0
19 37 18 0
19 37 20 0
19 37 23 0
19 37 32 0
19 37 33 0
19 37 36 0
19 37 39 0
19 37 55 0
19 37 71 0
19 37 80 0
19 37 81 0
19 37 84 0
19 37 87 0
19 37 102 0
19 37 114 0
19 37 117 0
19 37 118 0
19 37 119 0
19 38 1 0
19 38 2 0
19 38 3 0
19 38 4 0
19 38 6 0
19 38 18 0
19 39 2 0
19 49 2 0
19 49 4 0
19 49 5 0
19 49 54 0
19 49 55 0
19 49 67 0
19 49 82 0
19 49 103 0
19 49 114 0
19 50 1 0
19 50 2 0
19 50 3 0
19 50 4 0
19 50 5 0
19 50 7 0
19 50 16 0
19 50 22 0
19 50 23 0
19 50 32 0
19 50 35 0
19 50 38 0
19 50 39 0
19 50 48 0
19 50 53 0
19 50 54 0
19 50 55 0
19 50 64 0
19 50 68 0
19 50 80 0
19 50 82 0
19 50 86 0
19 50 87 0
19 50 96 0
19 50 97 0
19 50 98 0
19 50 99 0
19 50 101 0
19 50 103 0
19 50 112 0
19 50 113 0
19 50 114 0
19 50 117 0
19 51 0 0
19 51 2 0
19 51 3 0
19 51 4 0
19 51 5 0
19 51 6 0
19 51 16 0
19 51 17 0
19 51 20 0
19 51 23 0
19 51 32 0
19 51 33 0
19 51 36 0
19 51 39 0
19 51 48 0
19 51 53 0
19 51 54 0
19 51 55 0
19 51 65 0
19 51 71 0
19 51 80 0
19 51 81 0
19 51 82 0
19 51 87 0
19 51 96 0
19 51 99 0
19 51 100 0
19 51 102 0
19 51 103 0
19 51 114 0
19 51 117 0
19 51 118 0
19 51 119 0
19 52 1 0
19 52 2 0
19 52 3 0
19 52 4 0
19 52 5 0
19 52 6 0
19 52 7 0
19 52 16 0
19 52 18 0
19 52 22 0
19 52 23 0
19 52 32 0
19 52 35 0
19 52 38 0
19 52 39 0
19 52 48 0
19 52 49 0
19 52 50 0
19 52 54 0
19 52 55 0
19 52 64 0
19 52 66 0
19 52 70 0
19 52 80 0
19 52 85 0
19 52 86 0
19 52 87 0
19 52 96 0
19 52 97 0
19 52 98 0
19 52 99 0
19 52 100 0
19 52 101 0
19 52 103 0
19 52 112 0
19 52 113 0
19 52 114 0
19 52 117 0
19 53 0 0
19 53 2 0
19 53 3 0
19 53 4 0
19 53 5 0
19 53 6 0
19 53 16 0
19 53 17 0
19 53 20 0
19 53 23 0
19 53 32 0
19 53 33 0
19 53 36 0
19 53 39 0
19 53 48 0
19 53 49 0
19 53 55 0
19 53 67 0
19 53 71 0
19 53 80 0
19 53 81 0
19 53 85 0
19 53 87 0
19 53 96 0
19 53 100 0
19 53 102 0
19 53 103 0
19 53 114 0
19 53 117 0
19 53 118 0
19 53 119 0
19 54 1 0
19 54 2 0
19 54 3 0
19 54 4 0
19 54 6 0
19 54 18 0
19 54 48 0
19 54 49 0
19 54 85 0
19 54 96 0
19 54 117 0
19 55 2 0
19 64 5 0
19 65 2 0
19 65 4 0
19 65 5 0
19 65 32 0
19 65 54 0
19 65 55 0
19 65 67 0
19 65 83 0
19 65 84 0
19 65 98 0
19 65 103 0
19 65 114 0
19 65 117 0
19 66 1 0
19 66 2 0
19 66 3 0
19 66 4 0
19 66 5 0
19 66 7 0
19 66 16 0
19 66 22 0
19 66 23 0
19 66 32 0
19 66 35 0
19 66 38 0
19 66 39 0
19 66 48 0
19 66 53 0
19 66 54 0
19 66 55 0
19 66 64 0
19 66 68 0
19 66 80 0
19 66 84 0
19 66 85 0
19 66 86 0
19 66 87 0
19 66 96 0
19 66 97 0
19 66 98 0
19 66 99 0
19 66 101 0
19 66 103 0
19 66 112 0
19 66 113 0
19 66 114 0
19 66 115 0
19 66 117 0
19 67 0 0
19 67 1 0
19 67 2 0
19 67 3 0
19 67 4 0
19 67 5 0
19 67 6 0
19 67 7 0
19 67 16 0
19 67 17 0
19 67 20 0
19 67 22 0
19 67 23 0
19 67 32 0
19 67 33 0
19 67 35 0
19 67 36 0
19 67 38 0
19 67 39 0
19 67 48 0
19 67 49 0
19 67 53 0
19 67 54 0
19 67 55 0
19 67 64 0
19 67 65 0
19 67 71 0
19 67 80 0
19 67 81 0
19 67 85 0
19 67 86 0
19 67 87 0
19 67 96 0
19 67 97 0
19 67 98 0
19 67 99 0
19 67 100 0
19 67 101 0
19 67 102 0
19 67 103 0
19 67 112 0
19 67 113 0
19 67 114 0
19 67 115 0
19 67 116 0
19 67 117 0
19 67 118 0
19 67 119 0
19 68 0 0
19 68 1 0
19 68 2 0
19 68 3 0
19 68 4 0
19 68 5 0
19 68 6 0
19 68 7 0
19 68 16 0
19 68 17 0
19 68 18 0
19 68 20 0
19 68 22 0
19 68 23 0
19 68 32 0
19 68 33 0
19 68 35 0
19 68 36 0
19 68 38 0
19 68 39 0
19 68 48 0
19 68 49 0
19 68 50 0
19 68 54 0
19 68 55 0
19 68 64 0
19 68 66 0
19 68 70 0
19 68 71 0
19 68 80 0
19 68 81 0
19 68 82 0
19 68 86 0
19 68 87 0
19 68 96 0
19 68 97 0
19 68 98 0
19 68 99 0
19 68 100 0
19 68 101 0
19 68 102 0
19 68 103 0
19 68 112 0
19 68 113 0
19 68 114 0
19 68 115 0
19 68 116 0
19 68 117 0
19 68 118 0
19 68 119 0
19 69 0 0
19 69 1 0
19 69 2 0
19 69 3 0
19 69 4 0
19 69 5 0
19 69 6 0
19 69 16 0
19 69 17 0
19 69 18 0
19 69 20 0
19 69 23 0
19 69 32 0
19 69 33 0
19 69 36 0
19 69 39 0
19 69 48 0
19 69 49 0
19 69 55 0
19 69 67 0
19 69 71 0
19 69 80 0
19 69 81 0
19 69 82 0
19 69 83 0
19 69 87 0
19 69 96 0
19 69 100 0
19 69 101 0
19 69 102 0
19 69 103 0
19 69 114 0
19 69 116 0
19 69 117 0
19 69 118 0
19 69 119 0
19 70 1 0
19 70 2 0
19 70 3 0
19 70 4 0
19 70 5 0
19 70 6 0
19 70 18 0
19 70 39 0
19 70 48 0
19 70 49 0
19 70 83 0
19 70 84 0
19 70 96 0
19 70 101 0
19 70 114 0
19 70 117 0
19 71 2 0
19 80 5 0
19 81 2 0
19 81 5 0
19 81 32 0
19 81 54 0
19 81 55 0
19 81 67 0
19 81 83 0
19 81 84 0
19 81 103 0
19 81 114 0
19 81 117 0
19 82 1 0
19 82 2 0
19 82 5 0
19 82 39 0
19 82 48 0
19 82 54 0
19 82 55 0
19 82 64 0
19 82 68 0
19 82 80 0
19 82 84 0
19 82 85 0
19 82 87 0
19 82 96 0
19 82 100 0
19 82 103 0
19 82 114 0
19 82 115 0
19 82 117 0
19 83 2 0
19 83 4 0
19 83 5 0
19 83 6 0
19 83 32 0
19 83 39 0
19 83 48 0
19 83 54 0
19 83 55 0
19 83 65 0
19 83 80 0
19 83 81 0
19 83 87 0
19 83 96 0
19 83 97 0
19 83 101 0
19 83 103 0
19 83 114 0
19 83 115 0
19 83 116 0
19 83 117 0
19 84 1 0
19 84 2 0
19 84 5 0
19 84 32 0
19 84 39 0
19 84 48 0
19 84 49 0
19 84 55 0
19 84 66 0
19 84 70 0
19 84 80 0
19 84 86 0
19 84 87 0
19 84 96 0
19 84 98 0
19 84 102 0
19 84 103 0
19 84 114 0
19 84 115 0
19 84 116 0
19 84 117 0
19 85 2 0
19 85 4 0
19 85 5 0
19 85 6 0
19 85 32 0
19 85 48 0
19 85 49 0
19 85 54 0
19 85 55 0
19 85 67 0
19 85 71 0
19 85 80 0
19 85 82 0
19 85 83 0
19 85 87 0
19 85 96 0
19 85 99 0
19 85 103 0
19 85 114 0
19 85 116 0
19 85 117 0
19 86 2 0
19 86 5 0
19 86 39 0
19 86 48 0
19 86 49 0
19 86 54 0
19 86 83 0
19 86 84 0
19 86 96 0
19 86 114 0
19 86 117 0
19 87 2 0
19 87 54 0
19 96 5 0
19 97 2 0
19 97 5 0
19 97 32 0
19 97 54 0
19 97 55 0
19 97 66 0
19 97 83 0
19 97 84 0
19 97 103 0
19 97 117 0
19 98 1 0
19 98 2 0
19 98 5 0
19 98 32 0
19 98 39 0
19 98 48 0
19 98 54 0
19 98 55 0
19 98 66 0
19 98 80 0
19 98 84 0
19 98 85 0
19 98 87 0
19 98 96 0
19 98 100 0
19 98 103 0
19 98 117 0
19 99 1 0
19 99 2 0
19 99 4 0
19 99 5 0
19 99 6 0
19 99 32 0
19 99 39 0
19 99 48 0
19 99 54 0
19 99 55 0
19 99 66 0
19 99 80 0
19 99 81 0
19 99 85 0
19 99 87 0
19 99 96 0
19 99 97 0
19 99 101 0
19 99 103 0
19 99 117 0
19 100 1 0
19 100 2 0
19 100 4 0
19 100 5 0
19 100 6 0
19 100 32 0
19 100 39 0
19 100 48 0
19 100 49 0
19 100 55 0
19 100 69 0
19 100 80 0
19 100 82 0
19 100 86 0
19 100 87 0
19 100 96 0
19 100 98 0
19 100 102 0
19 100 103 0
19 100 114 0
19 101 2 0
19 101 4 0
19 101 5 0
19 101 6 0
19 101 32 0
19 101 39 0
19 101 48 0
19 101 49 0
19 101 55 0
19 101 69 0
19 101 80 0
19 101 82 0
19 101 83 0
19 101 87 0
19 101 96 0
19 101 99 0
19 101 103 0
19 101 114 0
19 102 2 0
19 102 5 0
19 102 39 0
19 102 48 0
19 102 49 0
19 102 69 0
19 102 83 0
19 102 84 0
19 102 96 0
19 102 114 0
19 103 2 0
19 113 2 0
19 113 5 0
19 114 2 0
19 114 5 0
19 114 80 0
19 114 83 0
19 114 87 0
19 114 96 0
19 114 100 0
19 115 2 0
19 115 5 0
19 115 80 0
19 115 83 0
19 115 84 0
19 115 87 0
19 115 97 0
19 115 101 0
19 116 2 0
19 116 5 0
19 116 80 0
19 116 83 0
19 116 84 0
19 116 87 0
19 116 98 0
19 116 102 0
19 117 2 0
19 117 5 0
19 117 80 0
19 117 84 0
19 117 87 0
19 117 99 0
19 117 103 0
19 118 2 0
19 118 5 0
34 36 3 0
34 36 39 0
34 36 54 0
34 36 55 0
34 36 114 0
34 36 117 0
34 37 3 0
34 37 39 0
34 37 55 0
34 37 114 0
34 37 117 0
34 52 32 0
34 52 39 0
34 52 48 0
34 52 54 0
34 52 99 0
34 52 114 0
34 52 117 0
34 53 3 0
34 53 32 0
34 53 39 0
34 53 55 0
34 53 114 0
34 53 117 0
34 66 39 0
34 66 48 0
34 66 99 0
34 66 114 0
34 67 3 0
34 67 32 0
34 67 39 0
34 67 54 0
34 67 55 0
34 67 99 0
34 67 100 0
34 67 114 0
34 67 117 0
34 68 3 0
34 68 39 0
34 68 48 0
34 68 54 0
34 68 55 0
34 68 99 0
34 68 100 0
34 68 114 0
34 68 117 0
34 69 3 0
34 69 32 0
34 69 39 0
34 69 55 0
34 69 100 0
34 69 114 0
34 69 117 0
34 82 39 0
34 82 48 0
34 82 114 0
34 83 32 0
34 83 39 0
34 83 48 0
34 83 114 0
34 83 117 0
34 84 32 0
34 84 39 0
34 84 48 0
34 84 114 0
34 84 117 0
34 85 32 0
34 85 117 0
