0 2 34 1
0 2 37 1
0 2 86 1
0 3 1 1
0 3 5 1
0 3 16 1
0 3 22 1
0 3 23 1
0 3 32 1
0 3 39 1
0 3 49 1
0 3 51 1
0 3 52 1
0 3 55 1
0 3 64 1
0 3 65 1
0 3 66 1
0 3 68 1
0 3 69 1
0 3 80 1
0 3 81 1
0 3 83 1
0 3 84 1
0 3 86 1
0 3 98 1
0 3 99 1
0 3 100 1
0 3 101 1
0 3 102 1
0 3 103 1
0 3 113 1
0 3 114 1
0 3 118 1
0 4 1 1
0 4 2 1
0 4 16 1
0 4 23 1
0 4 32 1
0 4 33 1
0 4 39 1
0 4 48 1
0 4 51 1
0 4 52 1
0 4 54 1
0 4 65 1
0 4 66 1
0 4 68 1
0 4 69 1
0 4 70 1
0 4 71 1
0 4 80 1
0 4 81 1
0 4 83 1
0 4 84 1
0 4 86 1
0 4 98 1
0 4 99 1
0 4 100 1
0 4 101 1
0 4 102 1
0 4 103 1
0 4 113 1
0 4 114 1
0 4 118 1
0 5 1 1
0 5 2 1
0 5 3 1
0 5 7 1
0 5 16 1
0 5 32 1
0 5 33 1
0 5 34 1
0 5 48 1
0 5 49 1
0 5 52 1
0 5 55 1
0 5 64 1
0 5 66 1
0 5 68 1
0 5 70 1
0 5 71 1
0 5 81 1
0 5 82 1
0 5 83 1
0 5 84 1
0 5 85 1
0 5 86 1
0 5 96 1
0 5 97 1
0 5 98 1
0 5 99 1
0 5 100 1
0 5 101 1
0 5 102 1
0 5 103 1
0 5 112 1
0 5 113 1
0 5 114 1
0 5 115 1
0 5 116 1
0 5 117 1
0 5 118 1
0 5 119 1
0 6 1 1
0 6 2 1
0 6 3 1
0 6 4 1
0 6 5 1
0 6 16 1
0 6 19 1
0 6 22 1
0 6 32 1
0 6 33 1
0 6 34 1
0 6 38 1
0 6 48 1
0 6 49 1
0 6 53 1
0 6 64 1
0 6 65 1
0 6 68 1
0 6 70 1
0 6 71 1
0 6 80 1
0 6 82 1
0 6 83 1
0 6 84 1
0 6 85 1
0 6 86 1
0 6 97 1
0 6 98 1
0 6 99 1
0 6 100 1
0 6 101 1
0 6 102 1
0 6 103 1
0 6 112 1
0 6 113 1
0 6 114 1
0 6 115 1
0 6 116 1
0 6 117 1
0 6 118 1
0 6 119 1
0 7 1 1
0 7 2 1
0 7 5 1
0 7 16 1
0 7 32 1
0 7 33 1
0 7 34 1
0 7 48 1
0 7 49 1
0 7 64 1
0 7 65 1
0 7 66 1
0 7 80 1
0 7 81 1
0 7 96 1
0 7 100 1
0 7 114 1
0 7 115 1
0 7 116 1
0 7 117 1
0 7 118 1
0 19 65 1
0 19 66 1
0 19 68 1
0 19 80 1
0 19 85 1
0 19 86 1
0 19 103 1
0 20 1 1
0 20 18 1
0 20 66 1
0 20 68 1
0 20 69 1
0 20 86 1
0 20 103 1
0 21 1 1
0 21 2 1
0 21 16 1
0 21 19 1
0 21 32 1
0 21 33 1
0 21 50 1
0 21 53 1
0 21 64 1
0 21 65 1
0 21 67 1
0 21 68 1
0 21 69 1
0 21 70 1
0 21 80 1
0 21 82 1
0 21 83 1
0 21 84 1
0 21 85 1
0 21 86 1
0 21 97 1
0 21 101 1
0 21 103 1
0 21 112 1
0 21 118 1
0 22 1 1
0 22 2 1
0 22 3 1
0 22 16 1
0 22 19 1
0 22 32 1
0 22 33 1
0 22 34 1
0 22 35 1
0 22 49 1
0 22 50 1
0 22 51 1
0 22 64 1
0 22 65 1
0 22 66 1
0 22 68 1
0 22 69 1
0 22 70 1
0 22 71 1
0 22 80 1
0 22 81 1
0 22 83 1
0 22 84 1
0 22 85 1
0 22 86 1
0 22 101 1
0 22 103 1
0 22 118 1
0 23 1 1
0 23 2 1
0 23 3 1
0 23 4 1
0 23 7 1
0 23 16 1
0 23 19 1
0 23 20 1
0 23 21 1
0 23 22 1
0 23 32 1
0 23 33 1
0 23 34 1
0 23 48 1
0 23 49 1
0 23 51 1
0 23 55 1
0 23 64 1
0 23 65 1
0 23 66 1
0 23 67 1
0 23 70 1
0 23 80 1
0 23 81 1
0 23 87 1
0 23 96 1
0 23 97 1
0 23 100 1
0 23 112 1
0 23 114 1
0 23 115 1
0 23 116 1
0 23 117 1
0 23 118 1
0 32 34 1
0 32 82 1
0 32 101 1
0 37 50 1
0 37 83 1
0 37 86 1
0 37 101 1
0 38 19 1
0 38 35 1
0 38 49 1
0 38 50 1
0 38 51 1
0 38 64 1
0 38 65 1
0 38 67 1
0 38 82 1
0 38 84 1
0 38 86 1
0 38 97 1
0 38 101 1
0 38 112 1
0 39 1 1
0 39 3 1
0 39 4 1
0 39 7 1
0 39 16 1
0 39 18 1
0 39 19 1
0 39 20 1
0 39 33 1
0 39 48 1
0 39 49 1
0 39 51 1
0 39 64 1
0 39 65 1
0 39 66 1
0 39 67 1
0 39 71 1
0 39 87 1
0 39 96 1
0 39 97 1
0 39 100 1
0 39 112 1
0 39 115 1
0 39 116 1
0 39 118 1
0 48 2 1
0 48 4 1
0 48 5 1
0 48 6 1
0 48 19 1
0 48 20 1
0 48 21 1
0 48 22 1
0 48 23 1
0 48 36 1
0 48 38 1
0 48 39 1
0 48 51 1
0 48 53 1
0 48 54 1
0 48 67 1
0 48 68 1
0 48 69 1
0 48 70 1
0 48 80 1
0 48 84 1
0 48 86 1
0 48 87 1
0 48 96 1
0 48 97 1
0 48 101 1
0 48 113 1
0 48 114 1
0 48 115 1
0 48 118 1
0 49 85 1
0 49 101 1
0 49 118 1
0 53 50 1
0 53 51 1
0 53 101 1
0 54 35 1
0 54 50 1
0 54 51 1
0 54 52 1
0 54 67 1
0 54 82 1
0 54 83 1
0 54 101 1
0 55 1 1
0 55 3 1
0 55 6 1
0 55 7 1
0 55 16 1
0 55 18 1
0 55 19 1
0 55 20 1
0 55 23 1
0 55 33 1
0 55 35 1
0 55 36 1
0 55 48 1
0 55 49 1
0 55 51 1
0 55 64 1
0 55 65 1
0 55 66 1
0 55 67 1
0 55 83 1
0 55 87 1
0 55 96 1
0 55 97 1
0 55 98 1
0 55 103 1
0 55 112 1
0 55 113 1
0 55 116 1
0 55 118 1
0 64 2 1
0 64 3 1
0 64 6 1
0 64 20 1
0 64 21 1
0 64 22 1
0 64 23 1
0 64 32 1
0 64 36 1
0 64 38 1
0 64 39 1
0 64 51 1
0 64 53 1
0 64 54 1
0 64 67 1
0 64 68 1
0 64 69 1
0 64 70 1
0 64 84 1
0 64 86 1
0 64 87 1
0 64 96 1
0 64 99 1
0 64 100 1
0 64 101 1
0 64 113 1
0 64 114 1
0 64 117 1
0 64 118 1
0 65 33 1
0 65 101 1
0 65 118 1
0 69 37 1
0 69 50 1
0 69 98 1
0 70 35 1
0 70 50 1
0 70 51 1
0 70 67 1
0 70 82 1
0 70 99 1
0 71 1 1
0 71 4 1
0 71 6 1
0 71 7 1
0 71 16 1
0 71 18 1
0 71 19 1
0 71 21 1
0 71 22 1
0 71 23 1
0 71 33 1
0 71 35 1
0 71 39 1
0 71 48 1
0 71 49 1
0 71 51 1
0 71 64 1
0 71 65 1
0 71 66 1
0 71 67 1
0 71 83 1
0 71 84 1
0 71 96 1
0 71 97 1
0 71 98 1
0 71 99 1
0 71 100 1
0 71 112 1
0 71 113 1
0 71 115 1
0 71 118 1
0 71 119 1
0 80 2 1
0 80 3 1
0 80 4 1
0 80 6 1
0 80 7 1
0 80 19 1
0 80 21 1
0 80 22 1
0 80 23 1
0 80 32 1
0 80 33 1
0 80 34 1
0 80 36 1
0 80 37 1
0 80 38 1
0 80 39 1
0 80 48 1
0 80 53 1
0 80 54 1
0 80 55 1
0 80 67 1
0 80 68 1
0 80 69 1
0 80 70 1
0 80 71 1
0 80 85 1
0 80 86 1
0 80 87 1
0 80 100 1
0 80 101 1
0 80 112 1
0 80 115 1
0 80 117 1
0 80 118 1
0 81 7 1
0 81 22 1
0 81 33 1
0 81 35 1
0 81 37 1
0 81 49 1
0 81 52 1
0 81 53 1
0 81 85 1
0 81 100 1
0 81 101 1
0 81 118 1
0 82 35 1
0 82 50 1
0 82 53 1
0 82 101 1
0 83 33 1
0 83 35 1
0 83 51 1
0 83 118 1
0 84 35 1
0 84 38 1
0 84 82 1
0 85 35 1
0 85 50 1
0 86 38 1
0 86 50 1
0 86 51 1
0 86 67 1
0 86 99 1
0 87 1 1
0 87 3 1
0 87 4 1
0 87 6 1
0 87 7 1
0 87 16 1
0 87 18 1
0 87 20 1
0 87 21 1
0 87 22 1
0 87 23 1
0 87 33 1
0 87 35 1
0 87 38 1
0 87 39 1
0 87 48 1
0 87 49 1
0 87 51 1
0 87 52 1
0 87 55 1
0 87 64 1
0 87 65 1
0 87 66 1
0 87 67 1
0 87 83 1
0 87 84 1
0 87 96 1
0 87 97 1
0 87 98 1
0 87 99 1
0 87 100 1
0 87 112 1
0 87 113 1
0 87 115 1
0 87 116 1
0 96 2 1
0 96 3 1
0 96 4 1
0 96 7 1
0 96 19 1
0 96 20 1
0 96 22 1
0 96 23 1
0 96 32 1
0 96 33 1
0 96 34 1
0 96 37 1
0 96 38 1
0 96 39 1
0 96 48 1
0 96 49 1
0 96 50 1
0 96 53 1
0 96 54 1
0 96 55 1
0 96 68 1
0 96 69 1
0 96 70 1
0 96 71 1
0 96 80 1
0 96 83 1
0 96 85 1
0 96 86 1
0 96 87 1
0 96 97 1
0 96 98 1
0 96 100 1
0 96 101 1
0 96 115 1
0 96 117 1
0 96 118 1
0 97 33 1
0 97 34 1
0 97 35 1
0 97 48 1
0 97 49 1
0 97 50 1
0 97 51 1
0 97 53 1
0 97 68 1
0 97 85 1
0 97 100 1
0 97 101 1
0 97 118 1
0 98 7 1
0 98 22 1
0 98 35 1
0 98 37 1
0 98 49 1
0 98 50 1
0 98 51 1
0 98 52 1
0 98 101 1
0 99 35 1
0 99 37 1
0 99 50 1
0 99 51 1
0 99 52 1
0 99 53 1
0 99 67 1
0 100 35 1
0 100 37 1
0 100 50 1
0 100 51 1
0 100 52 1
0 100 54 1
0 101 35 1
0 101 51 1
0 101 52 1
0 101 54 1
0 101 98 1
0 102 23 1
0 102 35 1
0 102 38 1
0 102 50 1
0 102 52 1
0 102 53 1
0 102 54 1
0 102 55 1
0 102 67 1
0 102 83 1
0 102 86 1
0 102 98 1
0 102 99 1
0 102 101 1
0 102 113 1
0 102 115 1
0 103 3 1
0 103 4 1
0 103 6 1
0 103 7 1
0 103 16 1
0 103 17 1
0 103 19 1
0 103 20 1
0 103 21 1
0 103 22 1
0 103 23 1
0 103 33 1
0 103 34 1
0 103 38 1
0 103 39 1
0 103 48 1
0 103 49 1
0 103 51 1
0 103 53 1
0 103 54 1
0 103 55 1
0 103 64 1
0 103 65 1
0 103 66 1
0 103 67 1
0 103 71 1
0 103 83 1
0 103 84 1
0 103 96 1
0 103 97 1
0 103 98 1
0 103 99 1
0 103 100 1
0 103 101 1
0 103 102 1
0 103 112 1
0 103 113 1
0 103 115 1
0 103 116 1
0 103 119 1
0 112 2 1
0 112 3 1
0 112 4 1
0 112 5 1
0 112 6 1
0 112 16 1
0 112 19 1
0 112 20 1
0 112 21 1
0 112 32 1
0 112 33 1
0 112 34 1
0 112 36 1
0 112 39 1
0 112 50 1
0 112 55 1
0 112 70 1
0 112 71 1
0 112 80 1
0 112 86 1
0 112 87 1
0 112 117 1
0 112 118 1
0 113 3 1
0 113 4 1
0 113 6 1
0 113 7 1
0 113 16 1
0 113 19 1
0 113 20 1
0 113 21 1
0 113 22 1
0 113 32 1
0 113 33 1
0 113 34 1
0 113 35 1
0 113 36 1
0 113 39 1
0 113 48 1
0 113 49 1
0 113 50 1
0 113 51 1
0 113 52 1
0 113 54 1
0 113 55 1
0 113 65 1
0 113 70 1
0 113 71 1
0 113 81 1
0 113 85 1
0 113 86 1
0 113 97 1
0 113 100 1
0 113 101 1
0 113 102 1
0 113 112 1
0 113 115 1
0 113 116 1
0 113 117 1
0 113 118 1
0 113 119 1
0 114 3 1
0 114 4 1
0 114 6 1
0 114 7 1
0 114 16 1
0 114 19 1
0 114 20 1
0 114 21 1
0 114 22 1
0 114 23 1
0 114 32 1
0 114 33 1
0 114 35 1
0 114 38 1
0 114 48 1
0 114 49 1
0 114 50 1
0 114 51 1
0 114 52 1
0 114 53 1
0 114 55 1
0 114 65 1
0 114 70 1
0 114 71 1
0 114 85 1
0 114 86 1
0 114 101 1
0 114 102 1
0 114 112 1
0 114 118 1
0 114 119 1
0 115 3 1
0 115 4 1
0 115 6 1
0 115 7 1
0 115 16 1
0 115 19 1
0 115 20 1
0 115 21 1
0 115 22 1
0 115 23 1
0 115 33 1
0 115 35 1
0 115 38 1
0 115 39 1
0 115 48 1
0 115 49 1
0 115 50 1
0 115 51 1
0 115 52 1
0 115 53 1
0 115 54 1
0 115 65 1
0 115 66 1
0 115 69 1
0 115 71 1
0 115 86 1
0 115 96 1
0 115 102 1
0 115 112 1
0 115 113 1
0 115 118 1
0 115 119 1
0 116 3 1
0 116 4 1
0 116 6 1
0 116 7 1
0 116 16 1
0 116 19 1
0 116 20 1
0 116 21 1
0 116 22 1
0 116 23 1
0 116 32 1
0 116 33 1
0 116 35 1
0 116 38 1
0 116 39 1
0 116 49 1
0 116 50 1
0 116 51 1
0 116 52 1
0 116 53 1
0 116 54 1
0 116 55 1
0 116 66 1
0 116 70 1
0 116 96 1
0 116 97 1
0 116 112 1
0 116 113 1
0 116 119 1
0 117 3 1
0 117 4 1
0 117 6 1
0 117 7 1
0 117 16 1
0 117 19 1
0 117 20 1
0 117 21 1
0 117 22 1
0 117 23 1
0 117 33 1
0 117 35 1
0 117 38 1
0 117 39 1
0 117 48 1
0 117 50 1
0 117 51 1
0 117 52 1
0 117 53 1
0 117 54 1
0 117 55 1
0 117 65 1
0 117 67 1
0 117 70 1
0 117 71 1
0 117 96 1
0 117 97 1
0 117 98 1
0 117 112 1
0 117 113 1
0 117 115 1
0 117 119 1
0 118 3 1
0 118 4 1
0 118 6 1
0 118 7 1
0 118 17 1
0 118 19 1
0 118 20 1
0 118 21 1
0 118 22 1
0 118 23 1
0 118 34 1
0 118 35 1
0 118 38 1
0 118 39 1
0 118 48 1
0 118 49 1
0 118 51 1
0 118 52 1
0 118 53 1
0 118 54 1
0 118 55 1
0 118 65 1
0 118 66 1
0 118 70 1
0 118 71 1
0 118 81 1
0 118 83 1
0 118 86 1
0 118 96 1
0 118 97 1
0 118 98 1
0 118 99 1
0 118 102 1
0 118 112 1
0 118 113 1
0 118 115 1
0 118 116 1
0 118 119 1
0 119 1 1
0 119 3 1
0 119 4 1
0 119 6 1
0 119 7 1
0 119 16 1
0 119 18 1
0 119 19 1
0 119 20 1
0 119 21 1
0 119 22 1
0 119 23 1
0 119 33 1
0 119 35 1
0 119 38 1
0 119 39 1
0 119 48 1
0 119 49 1
0 119 53 1
0 119 64 1
0 119 65 1
0 119 66 1
0 119 69 1
0 119 81 1
0 119 83 1
0 119 96 1
0 119 97 1
0 119 98 1
0 119 112 1
0 119 113 1
0 119 117 1
1 3 66 1
1 3 99 1
1 3 100 1
1 3 103 1
1 3 114 1
1 3 115 1
1 4 5 1
1 4 20 1
1 4 32 1
1 4 48 1
1 4 83 1
1 4 86 1
1 4 113 1
1 4 116 1
1 5 4 1
1 5 32 1
1 5 48 1
1 5 83 1
1 5 86 1
1 5 113 1
1 5 116 1
1 6 7 1
1 6 48 1
1 19 65 1
1 19 66 1
1 19 68 1
1 19 80 1
1 19 85 1
1 19 86 1
1 19 103 1
1 20 7 1
1 20 16 1
1 20 17 1
1 20 18 1
1 20 22 1
1 20 32 1
1 20 33 1
1 20 36 1
1 20 48 1
1 20 49 1
1 20 52 1
1 20 64 1
1 20 66 1
1 20 68 1
1 20 69 1
1 20 81 1
1 20 84 1
1 20 96 1
1 20 97 1
1 20 99 1
1 20 100 1
1 20 101 1
1 20 112 1
1 20 113 1
1 20 115 1
1 20 116 1
1 20 118 1
1 21 2 1
1 21 5 1
1 21 16 1
1 21 17 1
1 21 20 1
1 21 22 1
1 21 32 1
1 21 33 1
1 21 34 1
1 21 37 1
1 21 48 1
1 21 49 1
1 21 53 1
1 21 64 1
1 21 65 1
1 21 68 1
1 21 69 1
1 21 80 1
1 21 83 1
1 21 84 1
1 21 86 1
1 21 97 1
1 21 98 1
1 21 99 1
1 21 100 1
1 21 101 1
1 21 112 1
1 21 113 1
1 21 115 1
1 21 116 1
1 21 118 1
1 22 0 1
1 22 2 1
1 22 3 1
1 22 16 1
1 22 17 1
1 22 21 1
1 22 32 1
1 22 33 1
1 22 34 1
1 22 35 1
1 22 38 1
1 22 48 1
1 22 49 1
1 22 64 1
1 22 65 1
1 22 66 1
1 22 69 1
1 22 80 1
1 22 81 1
1 22 96 1
1 22 114 1
1 22 115 1
1 22 116 1
1 22 117 1
1 22 118 1
1 23 3 1
1 23 32 1
1 23 48 1
1 23 49 1
1 23 64 1
1 23 65 1
1 23 80 1
1 23 81 1
1 23 96 1
1 23 116 1
1 32 5 1
1 32 20 1
1 32 39 1
1 32 54 1
1 32 55 1
1 32 70 1
1 32 71 1
1 32 87 1
1 32 102 1
1 32 115 1
1 32 119 1
1 36 34 1
1 36 65 1
1 36 68 1
1 36 85 1
1 37 48 1
1 37 49 1
1 37 64 1
1 37 65 1
1 37 66 1
1 37 69 1
1 37 83 1
1 37 85 1
1 37 86 1
1 37 96 1
1 37 99 1
1 37 100 1
1 37 101 1
1 37 103 1
1 37 113 1
1 37 115 1
1 37 116 1
1 38 0 1
1 38 16 1
1 38 17 1
1 38 19 1
1 38 22 1
1 38 32 1
1 38 33 1
1 38 34 1
1 38 35 1
1 38 37 1
1 38 48 1
1 38 49 1
1 38 51 1
1 38 64 1
1 38 65 1
1 38 66 1
1 38 70 1
1 38 80 1
1 38 81 1
1 38 85 1
1 38 96 1
1 38 97 1
1 38 100 1
1 38 103 1
1 38 112 1
1 38 114 1
1 38 115 1
1 38 116 1
1 38 117 1
1 38 118 1
1 39 3 1
1 39 4 1
1 39 7 1
1 39 16 1
1 39 18 1
1 39 19 1
1 39 32 1
1 39 33 1
1 39 48 1
1 39 49 1
1 39 64 1
1 39 65 1
1 39 66 1
1 39 80 1
1 39 81 1
1 39 96 1
1 39 97 1
1 39 112 1
1 39 115 1
1 39 116 1
1 39 117 1
1 39 118 1
1 48 0 1
1 48 2 1
1 48 4 1
1 48 5 1
1 48 6 1
1 48 7 1
1 48 16 1
1 48 19 1
1 48 20 1
1 48 21 1
1 48 22 1
1 48 23 1
1 48 37 1
1 48 38 1
1 48 39 1
1 48 49 1
1 48 54 1
1 48 55 1
1 48 64 1
1 48 69 1
1 48 70 1
1 48 71 1
1 48 80 1
1 48 86 1
1 48 87 1
1 48 102 1
1 48 103 1
1 48 113 1
1 48 114 1
1 48 115 1
1 48 118 1
1 48 119 1
1 49 0 1
1 49 2 1
1 49 3 1
1 49 6 1
1 49 17 1
1 49 20 1
1 49 21 1
1 49 22 1
1 49 39 1
1 49 51 1
1 49 52 1
1 49 53 1
1 49 68 1
1 49 69 1
1 49 70 1
1 49 71 1
1 49 85 1
1 49 87 1
1 49 96 1
1 49 98 1
1 49 99 1
1 49 102 1
1 49 115 1
1 49 116 1
1 49 118 1
1 49 119 1
1 50 0 1
1 50 21 1
1 50 37 1
1 50 69 1
1 50 102 1
1 50 119 1
1 51 19 1
1 51 22 1
1 51 35 1
1 51 49 1
1 51 64 1
1 51 101 1
1 52 17 1
1 52 33 1
1 52 65 1
1 52 81 1
1 53 7 1
1 53 21 1
1 53 51 1
1 53 64 1
1 53 65 1
1 53 66 1
1 53 97 1
1 53 99 1
1 53 101 1
1 53 112 1
1 54 0 1
1 54 5 1
1 54 7 1
1 54 16 1
1 54 17 1
1 54 19 1
1 54 22 1
1 54 32 1
1 54 33 1
1 54 34 1
1 54 35 1
1 54 51 1
1 54 52 1
1 54 64 1
1 54 65 1
1 54 66 1
1 54 67 1
1 54 80 1
1 54 81 1
1 54 97 1
1 54 98 1
1 54 100 1
1 54 101 1
1 54 103 1
1 54 112 1
1 54 113 1
1 54 118 1
1 55 0 1
1 55 3 1
1 55 5 1
1 55 6 1
1 55 7 1
1 55 16 1
1 55 17 1
1 55 18 1
1 55 19 1
1 55 20 1
1 55 23 1
1 55 32 1
1 55 33 1
1 55 34 1
1 55 35 1
1 55 36 1
1 55 48 1
1 55 49 1
1 55 51 1
1 55 53 1
1 55 64 1
1 55 65 1
1 55 66 1
1 55 80 1
1 55 81 1
1 55 87 1
1 55 96 1
1 55 97 1
1 55 98 1
1 55 103 1
1 55 112 1
1 55 113 1
1 55 114 1
1 55 116 1
1 55 118 1
1 64 0 1
1 64 2 1
1 64 3 1
1 64 6 1
1 64 7 1
1 64 16 1
1 64 17 1
1 64 20 1
1 64 21 1
1 64 22 1
1 64 23 1
1 64 32 1
1 64 37 1
1 64 38 1
1 64 39 1
1 64 48 1
1 64 54 1
1 64 55 1
1 64 65 1
1 64 69 1
1 64 70 1
1 64 71 1
1 64 83 1
1 64 86 1
1 64 87 1
1 64 96 1
1 64 100 1
1 64 102 1
1 64 103 1
1 64 113 1
1 64 114 1
1 64 116 1
1 64 117 1
1 64 118 1
1 64 119 1
1 65 0 1
1 65 3 1
1 65 4 1
1 65 6 1
1 65 16 1
1 65 17 1
1 65 19 1
1 65 21 1
1 65 22 1
1 65 33 1
1 65 36 1
1 65 39 1
1 65 52 1
1 65 53 1
1 65 68 1
1 65 69 1
1 65 70 1
1 65 71 1
1 65 85 1
1 65 87 1
1 65 100 1
1 65 101 1
1 65 102 1
1 65 115 1
1 65 118 1
1 65 119 1
1 66 0 1
1 66 17 1
1 66 34 1
1 66 69 1
1 66 102 1
1 66 119 1
1 67 21 1
1 68 21 1
1 68 65 1
1 69 7 1
1 69 19 1
1 69 21 1
1 69 22 1
1 69 34 1
1 69 37 1
1 69 64 1
1 69 65 1
1 69 66 1
1 69 97 1
1 69 98 1
1 69 112 1
1 69 113 1
1 69 115 1
1 70 0 1
1 70 7 1
1 70 16 1
1 70 17 1
1 70 21 1
1 70 22 1
1 70 23 1
1 70 32 1
1 70 33 1
1 70 34 1
1 70 35 1
1 70 38 1
1 70 51 1
1 70 64 1
1 70 65 1
1 70 66 1
1 70 67 1
1 70 68 1
1 70 81 1
1 70 97 1
1 70 98 1
1 70 99 1
1 70 112 1
1 70 113 1
1 70 118 1
1 70 119 1
1 71 0 1
1 71 4 1
1 71 5 1
1 71 6 1
1 71 7 1
1 71 16 1
1 71 17 1
1 71 18 1
1 71 19 1
1 71 21 1
1 71 22 1
1 71 23 1
1 71 32 1
1 71 33 1
1 71 34 1
1 71 35 1
1 71 36 1
1 71 39 1
1 71 48 1
1 71 49 1
1 71 51 1
1 71 64 1
1 71 65 1
1 71 66 1
1 71 80 1
1 71 81 1
1 71 84 1
1 71 96 1
1 71 97 1
1 71 98 1
1 71 99 1
1 71 100 1
1 71 112 1
1 71 113 1
1 71 114 1
1 71 115 1
1 71 118 1
1 71 119 1
1 80 0 1
1 80 2 1
1 80 3 1
1 80 4 1
1 80 6 1
1 80 7 1
1 80 16 1
1 80 17 1
1 80 19 1
1 80 21 1
1 80 22 1
1 80 23 1
1 80 32 1
1 80 36 1
1 80 37 1
1 80 38 1
1 80 39 1
1 80 48 1
1 80 54 1
1 80 55 1
1 80 64 1
1 80 69 1
1 80 70 1
1 80 71 1
1 80 82 1
1 80 83 1
1 80 86 1
1 80 87 1
1 80 100 1
1 80 102 1
1 80 103 1
1 80 115 1
1 80 116 1
1 80 117 1
1 80 118 1
1 80 119 1
1 81 0 1
1 81 3 1
1 81 4 1
1 81 7 1
1 81 16 1
1 81 17 1
1 81 19 1
1 81 20 1
1 81 22 1
1 81 23 1
1 81 33 1
1 81 35 1
1 81 37 1
1 81 38 1
1 81 39 1
1 81 52 1
1 81 53 1
1 81 68 1
1 81 69 1
1 81 70 1
1 81 71 1
1 81 86 1
1 81 87 1
1 81 100 1
1 81 101 1
1 81 102 1
1 81 113 1
1 81 116 1
1 81 118 1
1 81 119 1
1 82 0 1
1 82 16 1
1 82 17 1
1 82 19 1
1 82 21 1
1 82 23 1
1 82 32 1
1 82 33 1
1 82 35 1
1 82 36 1
1 82 38 1
1 82 50 1
1 82 53 1
1 82 69 1
1 82 70 1
1 82 86 1
1 82 101 1
1 82 102 1
1 82 118 1
1 82 119 1
1 83 0 1
1 83 7 1
1 83 16 1
1 83 17 1
1 83 19 1
1 83 21 1
1 83 22 1
1 83 33 1
1 83 34 1
1 83 35 1
1 83 36 1
1 83 51 1
1 83 64 1
1 83 86 1
1 83 102 1
1 83 112 1
1 83 118 1
1 83 119 1
1 84 0 1
1 84 7 1
1 84 17 1
1 84 19 1
1 84 21 1
1 84 22 1
1 84 23 1
1 84 34 1
1 84 35 1
1 84 36 1
1 84 37 1
1 84 38 1
1 84 52 1
1 84 64 1
1 84 65 1
1 84 81 1
1 84 82 1
1 84 97 1
1 84 112 1
1 84 113 1
1 84 119 1
1 85 7 1
1 85 16 1
1 85 19 1
1 85 21 1
1 85 22 1
1 85 23 1
1 85 33 1
1 85 35 1
1 85 36 1
1 85 37 1
1 85 38 1
1 85 39 1
1 85 50 1
1 85 64 1
1 85 65 1
1 85 66 1
1 85 81 1
1 85 97 1
1 85 98 1
1 85 112 1
1 85 113 1
1 86 0 1
1 86 7 1
1 86 16 1
1 86 17 1
1 86 19 1
1 86 21 1
1 86 22 1
1 86 23 1
1 86 32 1
1 86 33 1
1 86 34 1
1 86 36 1
1 86 37 1
1 86 38 1
1 86 51 1
1 86 64 1
1 86 65 1
1 86 66 1
1 86 67 1
1 86 81 1
1 86 97 1
1 86 98 1
1 86 99 1
1 86 112 1
1 86 113 1
1 86 118 1
1 87 0 1
1 87 3 1
1 87 4 1
1 87 5 1
1 87 6 1
1 87 7 1
1 87 16 1
1 87 17 1
1 87 18 1
1 87 20 1
1 87 21 1
1 87 22 1
1 87 23 1
1 87 32 1
1 87 33 1
1 87 34 1
1 87 35 1
1 87 38 1
1 87 39 1
1 87 48 1
1 87 49 1
1 87 51 1
1 87 52 1
1 87 55 1
1 87 64 1
1 87 65 1
1 87 66 1
1 87 80 1
1 87 81 1
1 87 84 1
1 87 96 1
1 87 97 1
1 87 98 1
1 87 99 1
1 87 100 1
1 87 112 1
1 87 113 1
1 87 114 1
1 87 115 1
1 87 116 1
1 96 0 1
1 96 2 1
1 96 3 1
1 96 4 1
1 96 7 1
1 96 16 1
1 96 17 1
1 96 18 1
1 96 19 1
1 96 20 1
1 96 22 1
1 96 23 1
1 96 32 1
1 96 37 1
1 96 38 1
1 96 39 1
1 96 48 1
1 96 50 1
1 96 54 1
1 96 55 1
1 96 64 1
1 96 69 1
1 96 70 1
1 96 71 1
1 96 80 1
1 96 83 1
1 96 86 1
1 96 87 1
1 96 97 1
1 96 98 1
1 96 100 1
1 96 102 1
1 96 103 1
1 96 112 1
1 96 115 1
1 96 116 1
1 96 117 1
1 96 118 1
1 96 119 1
1 97 0 1
1 97 3 1
1 97 4 1
1 97 6 1
1 97 16 1
1 97 17 1
1 97 19 1
1 97 20 1
1 97 21 1
1 97 23 1
1 97 33 1
1 97 35 1
1 97 36 1
1 97 38 1
1 97 39 1
1 97 48 1
1 97 50 1
1 97 51 1
1 97 53 1
1 97 65 1
1 97 69 1
1 97 70 1
1 97 71 1
1 97 81 1
1 97 84 1
1 97 86 1
1 97 87 1
1 97 98 1
1 97 99 1
1 97 100 1
1 97 101 1
1 97 102 1
1 97 116 1
1 97 118 1
1 97 119 1
1 98 0 1
1 98 3 1
1 98 4 1
1 98 6 1
1 98 7 1
1 98 16 1
1 98 17 1
1 98 19 1
1 98 20 1
1 98 21 1
1 98 22 1
1 98 33 1
1 98 35 1
1 98 36 1
1 98 37 1
1 98 49 1
1 98 50 1
1 98 51 1
1 98 52 1
1 98 69 1
1 98 70 1
1 98 71 1
1 98 86 1
1 98 101 1
1 98 102 1
1 98 118 1
1 98 119 1
1 99 0 1
1 99 7 1
1 99 16 1
1 99 17 1
1 99 19 1
1 99 21 1
1 99 22 1
1 99 23 1
1 99 33 1
1 99 34 1
1 99 35 1
1 99 36 1
1 99 37 1
1 99 38 1
1 99 50 1
1 99 51 1
1 99 52 1
1 99 53 1
1 99 64 1
1 99 67 1
1 99 70 1
1 99 86 1
1 99 102 1
1 99 112 1
1 99 118 1
1 99 119 1
1 100 0 1
1 100 7 1
1 100 16 1
1 100 17 1
1 100 19 1
1 100 21 1
1 100 22 1
1 100 23 1
1 100 33 1
1 100 34 1
1 100 35 1
1 100 36 1
1 100 37 1
1 100 38 1
1 100 50 1
1 100 51 1
1 100 52 1
1 100 54 1
1 100 64 1
1 100 65 1
1 100 81 1
1 100 97 1
1 100 112 1
1 100 113 1
1 100 119 1
1 101 0 1
1 101 7 1
1 101 17 1
1 101 19 1
1 101 21 1
1 101 22 1
1 101 23 1
1 101 34 1
1 101 35 1
1 101 36 1
1 101 38 1
1 101 51 1
1 101 52 1
1 101 54 1
1 101 64 1
1 101 65 1
1 101 66 1
1 101 81 1
1 101 97 1
1 101 98 1
1 101 112 1
1 101 113 1
1 102 7 1
1 102 16 1
1 102 19 1
1 102 21 1
1 102 22 1
1 102 23 1
1 102 32 1
1 102 33 1
1 102 35 1
1 102 36 1
1 102 38 1
1 102 50 1
1 102 52 1
1 102 53 1
1 102 55 1
1 102 64 1
1 102 65 1
1 102 66 1
1 102 81 1
1 102 83 1
1 102 86 1
1 102 97 1
1 102 98 1
1 102 99 1
1 102 100 1
1 102 101 1
1 102 112 1
1 102 113 1
1 102 115 1
1 103 0 1
1 103 3 1
1 103 4 1
1 103 5 1
1 103 6 1
1 103 7 1
1 103 16 1
1 103 17 1
1 103 19 1
1 103 20 1
1 103 21 1
1 103 22 1
1 103 23 1
1 103 32 1
1 103 33 1
1 103 34 1
1 103 36 1
1 103 38 1
1 103 39 1
1 103 48 1
1 103 49 1
1 103 53 1
1 103 55 1
1 103 64 1
1 103 65 1
1 103 66 1
1 103 71 1
1 103 80 1
1 103 81 1
1 103 84 1
1 103 87 1
1 103 96 1
1 103 97 1
1 103 98 1
1 103 99 1
1 103 100 1
1 103 101 1
1 103 102 1
1 103 112 1
1 103 113 1
1 103 114 1
1 103 115 1
1 103 116 1
1 103 119 1
1 112 0 1
1 112 2 1
1 112 3 1
1 112 4 1
1 112 5 1
1 112 6 1
1 112 16 1
1 112 17 1
1 112 18 1
1 112 19 1
1 112 20 1
1 112 21 1
1 112 32 1
1 112 36 1
1 112 39 1
1 112 50 1
1 112 55 1
1 112 70 1
1 112 71 1
1 112 80 1
1 112 86 1
1 112 87 1
1 112 103 1
1 112 117 1
1 112 118 1
1 113 0 1
1 113 3 1
1 113 4 1
1 113 6 1
1 113 7 1
1 113 16 1
1 113 17 1
1 113 19 1
1 113 20 1
1 113 21 1
1 113 22 1
1 113 32 1
1 113 33 1
1 113 35 1
1 113 36 1
1 113 39 1
1 113 48 1
1 113 50 1
1 113 51 1
1 113 52 1
1 113 54 1
1 113 55 1
1 113 64 1
1 113 65 1
1 113 70 1
1 113 71 1
1 113 81 1
1 113 86 1
1 113 87 1
1 113 97 1
1 113 100 1
1 113 101 1
1 113 102 1
1 113 103 1
1 113 112 1
1 113 115 1
1 113 116 1
1 113 117 1
1 113 118 1
1 113 119 1
1 114 0 1
1 114 3 1
1 114 4 1
1 114 6 1
1 114 7 1
1 114 16 1
1 114 17 1
1 114 19 1
1 114 20 1
1 114 21 1
1 114 22 1
1 114 23 1
1 114 32 1
1 114 33 1
1 114 35 1
1 114 36 1
1 114 38 1
1 114 48 1
1 114 49 1
1 114 50 1
1 114 51 1
1 114 52 1
1 114 53 1
1 114 55 1
1 114 64 1
1 114 65 1
1 114 70 1
1 114 71 1
1 114 82 1
1 114 86 1
1 114 98 1
1 114 101 1
1 114 102 1
1 114 103 1
1 114 112 1
1 114 113 1
1 114 116 1
1 114 118 1
1 114 119 1
1 115 0 1
1 115 3 1
1 115 4 1
1 115 6 1
1 115 7 1
1 115 16 1
1 115 17 1
1 115 19 1
1 115 20 1
1 115 21 1
1 115 22 1
1 115 23 1
1 115 32 1
1 115 33 1
1 115 35 1
1 115 36 1
1 115 38 1
1 115 39 1
1 115 48 1
1 115 49 1
1 115 50 1
1 115 51 1
1 115 52 1
1 115 53 1
1 115 54 1
1 115 65 1
1 115 66 1
1 115 71 1
1 115 86 1
1 115 96 1
1 115 102 1
1 115 103 1
1 115 112 1
1 115 113 1
1 115 118 1
1 115 119 1
1 116 0 1
1 116 3 1
1 116 4 1
1 116 6 1
1 116 7 1
1 116 16 1
1 116 17 1
1 116 19 1
1 116 20 1
1 116 21 1
1 116 22 1
1 116 23 1
1 116 32 1
1 116 33 1
1 116 35 1
1 116 36 1
1 116 38 1
1 116 39 1
1 116 49 1
1 116 50 1
1 116 51 1
1 116 52 1
1 116 53 1
1 116 54 1
1 116 55 1
1 116 64 1
1 116 66 1
1 116 70 1
1 116 81 1
1 116 96 1
1 116 97 1
1 116 103 1
1 116 112 1
1 116 113 1
1 116 114 1
1 116 118 1
1 116 119 1
1 117 0 1
1 117 3 1
1 117 4 1
1 117 6 1
1 117 7 1
1 117 16 1
1 117 17 1
1 117 19 1
1 117 20 1
1 117 21 1
1 117 22 1
1 117 23 1
1 117 33 1
1 117 35 1
1 117 36 1
1 117 38 1
1 117 39 1
1 117 48 1
1 117 50 1
1 117 51 1
1 117 52 1
1 117 53 1
1 117 54 1
1 117 55 1
1 117 64 1
1 117 65 1
1 117 70 1
1 117 71 1
1 117 81 1
1 117 85 1
1 117 96 1
1 117 97 1
1 117 98 1
1 117 101 1
1 117 112 1
1 117 113 1
1 117 114 1
1 117 115 1
1 117 118 1
1 117 119 1
1 118 0 1
1 118 3 1
1 118 4 1
1 118 6 1
1 118 7 1
1 118 17 1
1 118 19 1
1 118 20 1
1 118 21 1
1 118 22 1
1 118 23 1
1 118 32 1
1 118 35 1
1 118 36 1
1 118 38 1
1 118 39 1
1 118 48 1
1 118 49 1
1 118 52 1
1 118 53 1
1 118 55 1
1 118 64 1
1 118 65 1
1 118 66 1
1 118 70 1
1 118 71 1
1 118 81 1
1 118 86 1
1 118 96 1
1 118 97 1
1 118 98 1
1 118 99 1
1 118 102 1
1 118 112 1
1 118 113 1
1 118 114 1
1 118 115 1
1 118 116 1
1 118 119 1
1 119 2 1
1 119 3 1
1 119 4 1
1 119 5 1
1 119 6 1
1 119 7 1
1 119 18 1
1 119 19 1
1 119 20 1
1 119 21 1
1 119 22 1
1 119 23 1
1 119 32 1
1 119 35 1
1 119 36 1
1 119 38 1
1 119 39 1
1 119 48 1
1 119 49 1
1 119 53 1
1 119 64 1
1 119 65 1
1 119 66 1
1 119 80 1
1 119 81 1
1 119 87 1
1 119 96 1
1 119 97 1
1 119 98 1
1 119 112 1
1 119 113 1
1 119 114 1
1 119 117 1
2 4 32 1
2 20 1 1
2 20 7 1
2 20 16 1
2 20 17 1
2 20 18 1
2 20 22 1
2 20 32 1
2 20 33 1
2 20 36 1
2 20 48 1
2 20 49 1
2 20 52 1
2 20 64 1
2 20 66 1
2 20 68 1
2 20 69 1
2 20 81 1
2 20 84 1
2 20 96 1
2 20 97 1
2 20 99 1
2 20 100 1
2 20 101 1
2 20 112 1
2 20 113 1
2 20 115 1
2 20 116 1
2 20 118 1
2 21 0 1
2 21 1 1
2 21 5 1
2 21 16 1
2 21 17 1
2 21 22 1
2 21 32 1
2 21 33 1
2 21 34 1
2 21 37 1
2 21 48 1
2 21 49 1
2 21 53 1
2 21 64 1
2 21 65 1
2 21 69 1
2 21 80 1
2 21 114 1
2 21 115 1
2 21 116 1
2 21 117 1
2 21 118 1
2 22 16 1
2 22 32 1
2 22 33 1
2 22 48 1
2 22 81 1
2 22 96 1
2 22 114 1
2 22 117 1
2 22 118 1
2 32 5 1
2 32 20 1
2 32 39 1
2 32 54 1
2 32 55 1
2 32 70 1
2 32 71 1
2 32 87 1
2 32 102 1
2 32 115 1
2 32 119 1
2 33 1 1
2 33 5 1
2 33 6 1
2 33 17 1
2 33 20 1
2 33 21 1
2 33 23 1
2 33 38 1
2 33 39 1
2 33 54 1
2 33 55 1
2 33 69 1
2 33 70 1
2 33 71 1
2 33 86 1
2 33 87 1
2 33 96 1
2 33 99 1
2 33 102 1
2 33 103 1
2 33 113 1
2 33 114 1
2 33 115 1
2 33 116 1
2 33 117 1
2 33 119 1
2 36 34 1
2 36 65 1
2 36 68 1
2 36 85 1
2 37 34 1
2 37 48 1
2 37 49 1
2 37 64 1
2 37 65 1
2 37 66 1
2 37 69 1
2 37 85 1
2 37 96 1
2 37 98 1
2 37 99 1
2 37 100 1
2 37 101 1
2 37 103 1
2 37 113 1
2 37 115 1
2 37 116 1
2 38 16 1
2 38 19 1
2 38 22 1
2 38 32 1
2 38 33 1
2 38 48 1
2 38 49 1
2 38 64 1
2 38 65 1
2 38 66 1
2 38 80 1
2 38 81 1
2 38 96 1
2 38 97 1
2 38 100 1
2 38 103 1
2 38 112 1
2 38 114 1
2 38 115 1
2 38 116 1
2 38 117 1
2 38 118 1
2 39 19 1
2 39 32 1
2 39 48 1
2 39 49 1
2 39 64 1
2 39 65 1
2 39 80 1
2 39 97 1
2 39 112 1
2 39 116 1
2 48 0 1
2 48 1 1
2 48 4 1
2 48 5 1
2 48 6 1
2 48 7 1
2 48 16 1
2 48 19 1
2 48 20 1
2 48 21 1
2 48 22 1
2 48 23 1
2 48 37 1
2 48 38 1
2 48 39 1
2 48 49 1
2 48 54 1
2 48 55 1
2 48 64 1
2 48 69 1
2 48 70 1
2 48 71 1
2 48 80 1
2 48 86 1
2 48 87 1
2 48 102 1
2 48 103 1
2 48 113 1
2 48 114 1
2 48 115 1
2 48 118 1
2 48 119 1
2 49 0 1
2 49 1 1
2 49 3 1
2 49 6 1
2 49 7 1
2 49 17 1
2 49 20 1
2 49 21 1
2 49 22 1
2 49 23 1
2 49 37 1
2 49 38 1
2 49 39 1
2 49 51 1
2 49 68 1
2 49 69 1
2 49 70 1
2 49 71 1
2 49 81 1
2 49 86 1
2 49 87 1
2 49 96 1
2 49 98 1
2 49 99 1
2 49 102 1
2 49 113 1
2 49 115 1
2 49 116 1
2 49 118 1
2 49 119 1
2 50 0 1
2 50 6 1
2 50 18 1
2 50 21 1
2 50 37 1
2 50 52 1
2 50 69 1
2 50 70 1
2 50 71 1
2 50 100 1
2 50 102 1
2 50 115 1
2 50 116 1
2 50 119 1
2 51 1 1
2 51 7 1
2 51 19 1
2 51 22 1
2 51 35 1
2 51 38 1
2 51 49 1
2 51 64 1
2 51 70 1
2 51 86 1
2 51 97 1
2 51 98 1
2 51 101 1
2 51 112 1
2 51 113 1
2 51 115 1
2 51 116 1
2 52 0 1
2 52 17 1
2 52 20 1
2 52 33 1
2 52 36 1
2 52 65 1
2 52 71 1
2 52 81 1
2 52 102 1
2 52 115 1
2 52 116 1
2 52 118 1
2 52 119 1
2 53 1 1
2 53 7 1
2 53 18 1
2 53 21 1
2 53 34 1
2 53 51 1
2 53 64 1
2 53 65 1
2 53 66 1
2 53 97 1
2 53 99 1
2 53 101 1
2 53 112 1
2 53 115 1
2 53 116 1
2 54 0 1
2 54 5 1
2 54 7 1
2 54 16 1
2 54 17 1
2 54 19 1
2 54 22 1
2 54 32 1
2 54 33 1
2 54 34 1
2 54 35 1
2 54 52 1
2 54 64 1
2 54 65 1
2 54 66 1
2 54 67 1
2 54 80 1
2 54 81 1
2 54 86 1
2 54 97 1
2 54 100 1
2 54 101 1
2 54 103 1
2 54 112 1
2 54 113 1
2 54 115 1
2 54 116 1
2 54 118 1
2 55 0 1
2 55 1 1
2 55 3 1
2 55 5 1
2 55 6 1
2 55 7 1
2 55 16 1
2 55 17 1
2 55 18 1
2 55 19 1
2 55 20 1
2 55 23 1
2 55 32 1
2 55 33 1
2 55 34 1
2 55 36 1
2 55 48 1
2 55 49 1
2 55 54 1
2 55 64 1
2 55 65 1
2 55 66 1
2 55 71 1
2 55 80 1
2 55 81 1
2 55 87 1
2 55 96 1
2 55 97 1
2 55 112 1
2 55 113 1
2 55 114 1
2 55 116 1
2 55 117 1
2 55 118 1
2 64 0 1
2 64 1 1
2 64 3 1
2 64 6 1
2 64 7 1
2 64 16 1
2 64 17 1
2 64 18 1
2 64 20 1
2 64 21 1
2 64 22 1
2 64 23 1
2 64 32 1
2 64 37 1
2 64 38 1
2 64 39 1
2 64 48 1
2 64 54 1
2 64 55 1
2 64 65 1
2 64 66 1
2 64 69 1
2 64 70 1
2 64 71 1
2 64 83 1
2 64 86 1
2 64 87 1
2 64 96 1
2 64 100 1
2 64 102 1
2 64 103 1
2 64 113 1
2 64 114 1
2 64 116 1
2 64 117 1
2 64 118 1
2 64 119 1
2 65 0 1
2 65 1 1
2 65 3 1
2 65 4 1
2 65 6 1
2 65 7 1
2 65 16 1
2 65 17 1
2 65 18 1
2 65 19 1
2 65 21 1
2 65 22 1
2 65 23 1
2 65 33 1
2 65 36 1
2 65 37 1
2 65 38 1
2 65 39 1
2 65 68 1
2 65 69 1
2 65 70 1
2 65 71 1
2 65 86 1
2 65 87 1
2 65 97 1
2 65 100 1
2 65 101 1
2 65 102 1
2 65 113 1
2 65 115 1
2 65 118 1
2 65 119 1
2 66 0 1
2 66 17 1
2 66 18 1
2 66 20 1
2 66 34 1
2 66 37 1
2 66 69 1
2 66 70 1
2 66 71 1
2 66 102 1
2 66 116 1
2 66 118 1
2 66 119 1
2 67 18 1
2 67 21 1
2 67 70 1
2 68 21 1
2 68 65 1
2 69 7 1
2 69 19 1
2 69 21 1
2 69 22 1
2 69 34 1
2 69 37 1
2 69 64 1
2 69 65 1
2 69 66 1
2 69 97 1
2 69 98 1
2 69 112 1
2 69 113 1
2 69 115 1
2 70 0 1
2 70 7 1
2 70 16 1
2 70 17 1
2 70 20 1
2 70 21 1
2 70 22 1
2 70 23 1
2 70 32 1
2 70 33 1
2 70 34 1
2 70 35 1
2 70 38 1
2 70 64 1
2 70 65 1
2 70 66 1
2 70 67 1
2 70 68 1
2 70 80 1
2 70 81 1
2 70 97 1
2 70 98 1
2 70 99 1
2 70 102 1
2 70 112 1
2 70 113 1
2 70 116 1
2 70 118 1
2 71 0 1
2 71 1 1
2 71 4 1
2 71 5 1
2 71 6 1
2 71 7 1
2 71 16 1
2 71 17 1
2 71 18 1
2 71 19 1
2 71 21 1
2 71 22 1
2 71 23 1
2 71 32 1
2 71 33 1
2 71 34 1
2 71 36 1
2 71 39 1
2 71 48 1
2 71 49 1
2 71 55 1
2 71 64 1
2 71 65 1
2 71 66 1
2 71 69 1
2 71 70 1
2 71 80 1
2 71 81 1
2 71 84 1
2 71 96 1
2 71 97 1
2 71 99 1
2 71 103 1
2 71 112 1
2 71 113 1
2 71 114 1
2 71 115 1
2 71 117 1
2 71 118 1
2 80 0 1
2 80 1 1
2 80 3 1
2 80 4 1
2 80 6 1
2 80 7 1
2 80 16 1
2 80 17 1
2 80 18 1
2 80 19 1
2 80 21 1
2 80 22 1
2 80 23 1
2 80 32 1
2 80 36 1
2 80 37 1
2 80 38 1
2 80 39 1
2 80 48 1
2 80 54 1
2 80 55 1
2 80 64 1
2 80 69 1
2 80 70 1
2 80 71 1
2 80 82 1
2 80 83 1
2 80 86 1
2 80 87 1
2 80 100 1
2 80 102 1
2 80 103 1
2 80 115 1
2 80 116 1
2 80 117 1
2 80 118 1
2 80 119 1
2 81 0 1
2 81 1 1
2 81 3 1
2 81 4 1
2 81 7 1
2 81 16 1
2 81 17 1
2 81 18 1
2 81 19 1
2 81 20 1
2 81 22 1
2 81 23 1
2 81 33 1
2 81 35 1
2 81 37 1
2 81 38 1
2 81 39 1
2 81 68 1
2 81 69 1
2 81 70 1
2 81 71 1
2 81 86 1
2 81 87 1
2 81 100 1
2 81 101 1
2 81 102 1
2 81 113 1
2 81 116 1
2 81 118 1
2 81 119 1
2 82 0 1
2 82 3 1
2 82 4 1
2 82 6 1
2 82 16 1
2 82 17 1
2 82 18 1
2 82 19 1
2 82 20 1
2 82 21 1
2 82 23 1
2 82 32 1
2 82 33 1
2 82 35 1
2 82 36 1
2 82 38 1
2 82 50 1
2 82 53 1
2 82 69 1
2 82 70 1
2 82 71 1
2 82 86 1
2 82 101 1
2 82 102 1
2 82 118 1
2 82 119 1
2 83 0 1
2 83 1 1
2 83 3 1
2 83 7 1
2 83 16 1
2 83 17 1
2 83 18 1
2 83 19 1
2 83 20 1
2 83 21 1
2 83 22 1
2 83 33 1
2 83 34 1
2 83 35 1
2 83 36 1
2 83 51 1
2 83 64 1
2 83 70 1
2 83 71 1
2 83 85 1
2 83 86 1
2 83 102 1
2 83 112 1
2 83 118 1
2 83 119 1
2 84 0 1
2 84 3 1
2 84 4 1
2 84 6 1
2 84 7 1
2 84 17 1
2 84 18 1
2 84 19 1
2 84 20 1
2 84 21 1
2 84 22 1
2 84 23 1
2 84 35 1
2 84 36 1
2 84 37 1
2 84 38 1
2 84 52 1
2 84 64 1
2 84 65 1
2 84 71 1
2 84 81 1
2 84 82 1
2 84 97 1
2 84 112 1
2 84 113 1
2 84 119 1
2 85 1 1
2 85 3 1
2 85 7 1
2 85 16 1
2 85 18 1
2 85 19 1
2 85 20 1
2 85 21 1
2 85 22 1
2 85 23 1
2 85 33 1
2 85 35 1
2 85 36 1
2 85 38 1
2 85 39 1
2 85 50 1
2 85 53 1
2 85 64 1
2 85 65 1
2 85 66 1
2 85 81 1
2 85 97 1
2 85 98 1
2 85 112 1
2 85 113 1
2 86 0 1
2 86 3 1
2 86 4 1
2 86 6 1
2 86 7 1
2 86 16 1
2 86 17 1
2 86 19 1
2 86 20 1
2 86 21 1
2 86 22 1
2 86 23 1
2 86 32 1
2 86 33 1
2 86 34 1
2 86 36 1
2 86 38 1
2 86 64 1
2 86 65 1
2 86 66 1
2 86 67 1
2 86 80 1
2 86 81 1
2 86 97 1
2 86 98 1
2 86 99 1
2 86 112 1
2 86 113 1
2 86 115 1
2 86 118 1
2 87 0 1
2 87 1 1
2 87 3 1
2 87 4 1
2 87 5 1
2 87 6 1
2 87 7 1
2 87 16 1
2 87 17 1
2 87 18 1
2 87 20 1
2 87 21 1
2 87 22 1
2 87 23 1
2 87 32 1
2 87 33 1
2 87 34 1
2 87 35 1
2 87 39 1
2 87 48 1
2 87 49 1
2 87 55 1
2 87 64 1
2 87 65 1
2 87 66 1
2 87 71 1
2 87 80 1
2 87 81 1
2 87 84 1
2 87 85 1
2 87 96 1
2 87 97 1
2 87 99 1
2 87 112 1
2 87 113 1
2 87 114 1
2 87 115 1
2 87 116 1
2 96 0 1
2 96 1 1
2 96 3 1
2 96 4 1
2 96 7 1
2 96 16 1
2 96 17 1
2 96 18 1
2 96 19 1
2 96 20 1
2 96 22 1
2 96 23 1
2 96 32 1
2 96 37 1
2 96 38 1
2 96 39 1
2 96 48 1
2 96 50 1
2 96 54 1
2 96 55 1
2 96 64 1
2 96 69 1
2 96 70 1
2 96 71 1
2 96 80 1
2 96 83 1
2 96 86 1
2 96 87 1
2 96 97 1
2 96 98 1
2 96 100 1
2 96 102 1
2 96 103 1
2 96 112 1
2 96 115 1
2 96 116 1
2 96 117 1
2 96 118 1
2 96 119 1
2 97 0 1
2 97 1 1
2 97 3 1
2 97 4 1
2 97 6 1
2 97 16 1
2 97 17 1
2 97 18 1
2 97 19 1
2 97 20 1
2 97 21 1
2 97 23 1
2 97 33 1
2 97 35 1
2 97 36 1
2 97 38 1
2 97 39 1
2 97 48 1
2 97 50 1
2 97 51 1
2 97 53 1
2 97 65 1
2 97 69 1
2 97 70 1
2 97 71 1
2 97 81 1
2 97 84 1
2 97 86 1
2 97 87 1
2 97 98 1
2 97 99 1
2 97 100 1
2 97 101 1
2 97 102 1
2 97 116 1
2 97 118 1
2 97 119 1
2 98 0 1
2 98 3 1
2 98 4 1
2 98 6 1
2 98 7 1
2 98 16 1
2 98 17 1
2 98 18 1
2 98 19 1
2 98 20 1
2 98 21 1
2 98 22 1
2 98 33 1
2 98 35 1
2 98 36 1
2 98 37 1
2 98 49 1
2 98 50 1
2 98 51 1
2 98 52 1
2 98 69 1
2 98 70 1
2 98 71 1
2 98 86 1
2 98 101 1
2 98 102 1
2 98 118 1
2 98 119 1
2 99 0 1
2 99 3 1
2 99 7 1
2 99 16 1
2 99 17 1
2 99 18 1
2 99 19 1
2 99 20 1
2 99 21 1
2 99 22 1
2 99 23 1
2 99 33 1
2 99 34 1
2 99 35 1
2 99 36 1
2 99 37 1
2 99 38 1
2 99 49 1
2 99 50 1
2 99 51 1
2 99 52 1
2 99 53 1
2 99 64 1
2 99 67 1
2 99 70 1
2 99 71 1
2 99 86 1
2 99 102 1
2 99 112 1
2 99 118 1
2 99 119 1
2 100 0 1
2 100 3 1
2 100 7 1
2 100 16 1
2 100 17 1
2 100 18 1
2 100 19 1
2 100 20 1
2 100 21 1
2 100 22 1
2 100 23 1
2 100 33 1
2 100 34 1
2 100 35 1
2 100 36 1
2 100 37 1
2 100 38 1
2 100 50 1
2 100 51 1
2 100 52 1
2 100 53 1
2 100 54 1
2 100 64 1
2 100 65 1
2 100 68 1
2 100 71 1
2 100 81 1
2 100 97 1
2 100 112 1
2 100 113 1
2 100 119 1
2 101 0 1
2 101 1 1
2 101 3 1
2 101 7 1
2 101 17 1
2 101 18 1
2 101 19 1
2 101 20 1
2 101 21 1
2 101 22 1
2 101 23 1
2 101 34 1
2 101 35 1
2 101 36 1
2 101 38 1
2 101 51 1
2 101 52 1
2 101 53 1
2 101 54 1
2 101 64 1
2 101 65 1
2 101 66 1
2 101 81 1
2 101 97 1
2 101 98 1
2 101 112 1
2 101 113 1
2 102 1 1
2 102 3 1
2 102 4 1
2 102 6 1
2 102 7 1
2 102 16 1
2 102 18 1
2 102 19 1
2 102 20 1
2 102 21 1
2 102 22 1
2 102 23 1
2 102 32 1
2 102 33 1
2 102 35 1
2 102 36 1
2 102 38 1
2 102 50 1
2 102 52 1
2 102 53 1
2 102 55 1
2 102 64 1
2 102 65 1
2 102 66 1
2 102 70 1
2 102 80 1
2 102 81 1
2 102 83 1
2 102 86 1
2 102 97 1
2 102 98 1
2 102 99 1
2 102 100 1
2 102 101 1
2 102 112 1
2 102 113 1
2 102 115 1
2 103 0 1
2 103 3 1
2 103 4 1
2 103 5 1
2 103 6 1
2 103 7 1
2 103 16 1
2 103 17 1
2 103 19 1
2 103 20 1
2 103 21 1
2 103 22 1
2 103 23 1
2 103 32 1
2 103 33 1
2 103 34 1
2 103 36 1
2 103 39 1
2 103 48 1
2 103 49 1
2 103 53 1
2 103 55 1
2 103 64 1
2 103 65 1
2 103 66 1
2 103 71 1
2 103 80 1
2 103 81 1
2 103 84 1
2 103 87 1
2 103 96 1
2 103 97 1
2 103 99 1
2 103 101 1
2 103 102 1
2 103 112 1
2 103 113 1
2 103 114 1
2 103 115 1
2 103 116 1
2 103 119 1
2 112 0 1
2 112 1 1
2 112 3 1
2 112 4 1
2 112 5 1
2 112 6 1
2 112 16 1
2 112 17 1
2 112 18 1
2 112 19 1
2 112 20 1
2 112 21 1
2 112 32 1
2 112 36 1
2 112 39 1
2 112 50 1
2 112 55 1
2 112 70 1
2 112 71 1
2 112 80 1
2 112 86 1
2 112 87 1
2 112 103 1
2 112 117 1
2 112 118 1
2 113 0 1
2 113 1 1
2 113 3 1
2 113 4 1
2 113 6 1
2 113 7 1
2 113 16 1
2 113 17 1
2 113 18 1
2 113 19 1
2 113 20 1
2 113 21 1
2 113 22 1
2 113 32 1
2 113 33 1
2 113 35 1
2 113 36 1
2 113 39 1
2 113 48 1
2 113 50 1
2 113 51 1
2 113 54 1
2 113 55 1
2 113 64 1
2 113 65 1
2 113 70 1
2 113 71 1
2 113 81 1
2 113 86 1
2 113 87 1
2 113 97 1
2 113 100 1
2 113 101 1
2 113 102 1
2 113 103 1
2 113 112 1
2 113 115 1
2 113 116 1
2 113 117 1
2 113 118 1
2 113 119 1
2 114 0 1
2 114 1 1
2 114 3 1
2 114 4 1
2 114 6 1
2 114 7 1
2 114 16 1
2 114 17 1
2 114 18 1
2 114 19 1
2 114 20 1
2 114 21 1
2 114 22 1
2 114 23 1
2 114 32 1
2 114 33 1
2 114 35 1
2 114 36 1
2 114 38 1
2 114 48 1
2 114 49 1
2 114 50 1
2 114 51 1
2 114 52 1
2 114 53 1
2 114 55 1
2 114 64 1
2 114 65 1
2 114 70 1
2 114 71 1
2 114 82 1
2 114 86 1
2 114 98 1
2 114 101 1
2 114 102 1
2 114 103 1
2 114 112 1
2 114 113 1
2 114 116 1
2 114 117 1
2 114 118 1
2 114 119 1
2 115 0 1
2 115 1 1
2 115 3 1
2 115 4 1
2 115 6 1
2 115 7 1
2 115 16 1
2 115 17 1
2 115 18 1
2 115 19 1
2 115 20 1
2 115 21 1
2 115 22 1
2 115 23 1
2 115 32 1
2 115 33 1
2 115 35 1
2 115 36 1
2 115 38 1
2 115 39 1
2 115 48 1
2 115 49 1
2 115 50 1
2 115 51 1
2 115 52 1
2 115 53 1
2 115 54 1
2 115 65 1
2 115 71 1
2 115 86 1
2 115 96 1
2 115 102 1
2 115 103 1
2 115 112 1
2 115 113 1
2 115 117 1
2 115 118 1
2 115 119 1
2 116 0 1
2 116 1 1
2 116 3 1
2 116 4 1
2 116 6 1
2 116 7 1
2 116 16 1
2 116 17 1
2 116 18 1
2 116 19 1
2 116 20 1
2 116 21 1
2 116 22 1
2 116 23 1
2 116 32 1
2 116 33 1
2 116 35 1
2 116 36 1
2 116 38 1
2 116 39 1
2 116 49 1
2 116 50 1
2 116 51 1
2 116 52 1
2 116 53 1
2 116 54 1
2 116 55 1
2 116 64 1
2 116 70 1
2 116 81 1
2 116 96 1
2 116 97 1
2 116 103 1
2 116 112 1
2 116 113 1
2 116 114 1
2 116 118 1
2 116 119 1
2 117 0 1
2 117 1 1
2 117 3 1
2 117 4 1
2 117 6 1
2 117 7 1
2 117 16 1
2 117 17 1
2 117 18 1
2 117 19 1
2 117 20 1
2 117 21 1
2 117 22 1
2 117 23 1
2 117 33 1
2 117 35 1
2 117 36 1
2 117 38 1
2 117 39 1
2 117 48 1
2 117 50 1
2 117 51 1
2 117 52 1
2 117 53 1
2 117 54 1
2 117 55 1
2 117 64 1
2 117 65 1
2 117 70 1
2 117 71 1
2 117 81 1
2 117 85 1
2 117 96 1
2 117 97 1
2 117 98 1
2 117 101 1
2 117 112 1
2 117 113 1
2 117 114 1
2 117 115 1
2 117 118 1
2 117 119 1
2 118 0 1
2 118 1 1
2 118 3 1
2 118 4 1
2 118 6 1
2 118 7 1
2 118 17 1
2 118 18 1
2 118 19 1
2 118 20 1
2 118 21 1
2 118 22 1
2 118 23 1
2 118 32 1
2 118 35 1
2 118 36 1
2 118 38 1
2 118 39 1
2 118 48 1
2 118 49 1
2 118 52 1
2 118 53 1
2 118 55 1
2 118 64 1
2 118 65 1
2 118 70 1
2 118 71 1
2 118 80 1
2 118 81 1
2 118 86 1
2 118 96 1
2 118 97 1
2 118 98 1
2 118 99 1
2 118 102 1
2 118 112 1
2 118 113 1
2 118 114 1
2 118 115 1
2 118 116 1
2 118 119 1
2 119 1 1
2 119 3 1
2 119 4 1
2 119 5 1
2 119 6 1
2 119 7 1
2 119 18 1
2 119 19 1
2 119 20 1
2 119 21 1
2 119 22 1
2 119 23 1
2 119 32 1
2 119 35 1
2 119 36 1
2 119 39 1
2 119 48 1
2 119 53 1
2 119 64 1
2 119 65 1
2 119 80 1
2 119 81 1
2 119 87 1
2 119 96 1
2 119 113 1
2 119 114 1
3 21 0 1
3 21 1 1
3 21 2 1
3 21 5 1
3 21 16 1
3 21 17 1
3 21 22 1
3 21 32 1
3 21 33 1
3 21 34 1
3 21 37 1
3 21 48 1
3 21 49 1
3 21 53 1
3 21 64 1
3 21 65 1
3 21 69 1
3 21 80 1
3 21 114 1
3 21 115 1
3 21 116 1
3 21 117 1
3 21 118 1
3 32 5 1
3 32 20 1
3 32 39 1
3 32 54 1
3 32 55 1
3 32 70 1
3 32 71 1
3 32 87 1
3 32 102 1
3 32 115 1
3 32 119 1
3 33 1 1
3 33 5 1
3 33 6 1
3 33 17 1
3 33 20 1
3 33 21 1
3 33 23 1
3 33 38 1
3 33 39 1
3 33 54 1
3 33 55 1
3 33 69 1
3 33 70 1
3 33 71 1
3 33 86 1
3 33 87 1
3 33 96 1
3 33 99 1
3 33 102 1
3 33 103 1
3 33 113 1
3 33 114 1
3 33 115 1
3 33 116 1
3 33 117 1
3 33 119 1
3 34 37 1
3 34 54 1
3 34 55 1
3 34 66 1
3 34 69 1
3 34 70 1
3 34 71 1
3 34 82 1
3 34 96 1
3 34 98 1
3 34 99 1
3 34 100 1
3 34 101 1
3 34 103 1
3 34 115 1
3 34 116 1
3 34 118 1
3 36 34 1
3 36 65 1
3 36 68 1
3 36 85 1
3 37 34 1
3 37 48 1
3 37 49 1
3 37 64 1
3 37 65 1
3 37 66 1
3 37 69 1
3 37 85 1
3 37 96 1
3 37 98 1
3 37 99 1
3 37 100 1
3 37 101 1
3 37 103 1
3 37 113 1
3 37 115 1
3 37 116 1
3 38 1 1
3 38 2 1
3 38 6 1
3 38 16 1
3 38 18 1
3 38 19 1
3 38 22 1
3 38 32 1
3 38 33 1
3 38 48 1
3 38 49 1
3 38 64 1
3 38 65 1
3 38 66 1
3 38 80 1
3 38 81 1
3 38 96 1
3 38 97 1
3 38 100 1
3 38 103 1
3 38 112 1
3 38 114 1
3 38 115 1
3 38 116 1
3 38 117 1
3 38 118 1
3 39 2 1
3 39 19 1
3 39 32 1
3 39 48 1
3 39 49 1
3 39 64 1
3 39 65 1
3 39 80 1
3 39 97 1
3 39 112 1
3 39 116 1
3 48 0 1
3 48 1 1
3 48 2 1
3 48 4 1
3 48 5 1
3 48 6 1
3 48 7 1
3 48 16 1
3 48 19 1
3 48 20 1
3 48 21 1
3 48 22 1
3 48 23 1
3 48 37 1
3 48 38 1
3 48 39 1
3 48 49 1
3 48 54 1
3 48 55 1
3 48 64 1
3 48 69 1
3 48 70 1
3 48 71 1
3 48 80 1
3 48 86 1
3 48 87 1
3 48 102 1
3 48 103 1
3 48 113 1
3 48 114 1
3 48 115 1
3 48 118 1
3 48 119 1
3 49 0 1
3 49 1 1
3 49 2 1
3 49 6 1
3 49 7 1
3 49 17 1
3 49 20 1
3 49 21 1
3 49 22 1
3 49 23 1
3 49 37 1
3 49 38 1
3 49 39 1
3 49 51 1
3 49 68 1
3 49 69 1
3 49 70 1
3 49 71 1
3 49 81 1
3 49 86 1
3 49 87 1
3 49 96 1
3 49 98 1
3 49 99 1
3 49 102 1
3 49 113 1
3 49 115 1
3 49 116 1
3 49 118 1
3 49 119 1
3 50 0 1
3 50 6 1
3 50 18 1
3 50 21 1
3 50 37 1
3 50 52 1
3 50 69 1
3 50 70 1
3 50 71 1
3 50 98 1
3 50 100 1
3 50 102 1
3 50 115 1
3 50 116 1
3 50 119 1
3 51 1 1
3 51 7 1
3 51 19 1
3 51 22 1
3 51 35 1
3 51 38 1
3 51 49 1
3 51 64 1
3 51 70 1
3 51 86 1
3 51 97 1
3 51 98 1
3 51 101 1
3 51 112 1
3 51 113 1
3 51 115 1
3 51 116 1
3 52 0 1
3 52 6 1
3 52 17 1
3 52 20 1
3 52 33 1
3 52 36 1
3 52 54 1
3 52 65 1
3 52 71 1
3 52 81 1
3 52 98 1
3 52 101 1
3 52 102 1
3 52 115 1
3 52 116 1
3 52 118 1
3 52 119 1
3 53 1 1
3 53 7 1
3 53 18 1
3 53 21 1
3 53 34 1
3 53 51 1
3 53 64 1
3 53 65 1
3 53 66 1
3 53 97 1
3 53 99 1
3 53 101 1
3 53 112 1
3 53 115 1
3 53 116 1
3 54 0 1
3 54 1 1
3 54 4 1
3 54 5 1
3 54 6 1
3 54 7 1
3 54 16 1
3 54 17 1
3 54 18 1
3 54 19 1
3 54 22 1
3 54 32 1
3 54 33 1
3 54 34 1
3 54 52 1
3 54 64 1
3 54 65 1
3 54 66 1
3 54 67 1
3 54 80 1
3 54 81 1
3 54 86 1
3 54 97 1
3 54 100 1
3 54 101 1
3 54 103 1
3 54 112 1
3 54 113 1
3 54 115 1
3 54 116 1
3 54 118 1
3 55 0 1
3 55 1 1
3 55 2 1
3 55 5 1
3 55 6 1
3 55 7 1
3 55 16 1
3 55 17 1
3 55 18 1
3 55 19 1
3 55 20 1
3 55 23 1
3 55 32 1
3 55 33 1
3 55 34 1
3 55 48 1
3 55 49 1
3 55 54 1
3 55 64 1
3 55 65 1
3 55 66 1
3 55 71 1
3 55 80 1
3 55 81 1
3 55 87 1
3 55 96 1
3 55 97 1
3 55 112 1
3 55 113 1
3 55 116 1
3 55 117 1
3 55 118 1
3 64 0 1
3 64 1 1
3 64 2 1
3 64 6 1
3 64 7 1
3 64 16 1
3 64 17 1
3 64 18 1
3 64 20 1
3 64 21 1
3 64 22 1
3 64 23 1
3 64 32 1
3 64 37 1
3 64 38 1
3 64 39 1
3 64 48 1
3 64 54 1
3 64 55 1
3 64 65 1
3 64 66 1
3 64 69 1
3 64 70 1
3 64 71 1
3 64 83 1
3 64 86 1
3 64 87 1
3 64 96 1
3 64 100 1
3 64 102 1
3 64 103 1
3 64 113 1
3 64 114 1
3 64 116 1
3 64 117 1
3 64 118 1
3 64 119 1
3 65 0 1
3 65 1 1
3 65 4 1
3 65 6 1
3 65 7 1
3 65 16 1
3 65 17 1
3 65 18 1
3 65 19 1
3 65 21 1
3 65 22 1
3 65 23 1
3 65 33 1
3 65 36 1
3 65 37 1
3 65 38 1
3 65 39 1
3 65 67 1
3 65 68 1
3 65 69 1
3 65 70 1
3 65 71 1
3 65 86 1
3 65 87 1
3 65 97 1
3 65 100 1
3 65 101 1
3 65 102 1
3 65 113 1
3 65 115 1
3 65 118 1
3 65 119 1
3 66 0 1
3 66 17 1
3 66 18 1
3 66 20 1
3 66 34 1
3 66 37 1
3 66 69 1
3 66 70 1
3 66 71 1
3 66 101 1
3 66 102 1
3 66 116 1
3 66 118 1
3 66 119 1
3 67 18 1
3 67 21 1
3 67 70 1
3 68 18 1
3 68 21 1
3 68 65 1
3 69 7 1
3 69 19 1
3 69 21 1
3 69 22 1
3 69 34 1
3 69 37 1
3 69 64 1
3 69 65 1
3 69 66 1
3 69 97 1
3 69 98 1
3 69 112 1
3 69 113 1
3 69 115 1
3 70 0 1
3 70 1 1
3 70 4 1
3 70 6 1
3 70 7 1
3 70 16 1
3 70 17 1
3 70 18 1
3 70 20 1
3 70 21 1
3 70 22 1
3 70 23 1
3 70 32 1
3 70 33 1
3 70 34 1
3 70 35 1
3 70 38 1
3 70 64 1
3 70 65 1
3 70 66 1
3 70 67 1
3 70 68 1
3 70 80 1
3 70 81 1
3 70 97 1
3 70 98 1
3 70 99 1
3 70 102 1
3 70 112 1
3 70 113 1
3 70 116 1
3 70 118 1
3 71 0 1
3 71 1 1
3 71 4 1
3 71 5 1
3 71 6 1
3 71 7 1
3 71 16 1
3 71 17 1
3 71 18 1
3 71 19 1
3 71 21 1
3 71 22 1
3 71 23 1
3 71 32 1
3 71 33 1
3 71 34 1
3 71 39 1
3 71 48 1
3 71 49 1
3 71 55 1
3 71 64 1
3 71 65 1
3 71 66 1
3 71 69 1
3 71 70 1
3 71 80 1
3 71 81 1
3 71 84 1
3 71 96 1
3 71 97 1
3 71 99 1
3 71 103 1
3 71 112 1
3 71 113 1
3 71 114 1
3 71 115 1
3 71 117 1
3 71 118 1
3 80 0 1
3 80 1 1
3 80 2 1
3 80 4 1
3 80 6 1
3 80 7 1
3 80 16 1
3 80 17 1
3 80 18 1
3 80 19 1
3 80 21 1
3 80 22 1
3 80 23 1
3 80 32 1
3 80 36 1
3 80 37 1
3 80 38 1
3 80 39 1
3 80 48 1
3 80 54 1
3 80 55 1
3 80 64 1
3 80 69 1
3 80 70 1
3 80 71 1
3 80 82 1
3 80 83 1
3 80 86 1
3 80 87 1
3 80 100 1
3 80 102 1
3 80 103 1
3 80 115 1
3 80 116 1
3 80 117 1
3 80 118 1
3 80 119 1
3 81 0 1
3 81 1 1
3 81 4 1
3 81 7 1
3 81 16 1
3 81 17 1
3 81 18 1
3 81 19 1
3 81 20 1
3 81 22 1
3 81 23 1
3 81 33 1
3 81 35 1
3 81 37 1
3 81 38 1
3 81 39 1
3 81 68 1
3 81 69 1
3 81 70 1
3 81 71 1
3 81 86 1
3 81 87 1
3 81 100 1
3 81 101 1
3 81 102 1
3 81 113 1
3 81 116 1
3 81 118 1
3 81 119 1
3 82 0 1
3 82 4 1
3 82 6 1
3 82 16 1
3 82 17 1
3 82 18 1
3 82 19 1
3 82 20 1
3 82 21 1
3 82 23 1
3 82 32 1
3 82 33 1
3 82 35 1
3 82 36 1
3 82 38 1
3 82 50 1
3 82 53 1
3 82 69 1
3 82 70 1
3 82 71 1
3 82 86 1
3 82 101 1
3 82 102 1
3 82 118 1
3 82 119 1
3 83 0 1
3 83 1 1
3 83 4 1
3 83 7 1
3 83 16 1
3 83 17 1
3 83 18 1
3 83 19 1
3 83 20 1
3 83 21 1
3 83 22 1
3 83 33 1
3 83 34 1
3 83 35 1
3 83 36 1
3 83 51 1
3 83 64 1
3 83 70 1
3 83 71 1
3 83 85 1
3 83 86 1
3 83 102 1
3 83 112 1
3 83 118 1
3 83 119 1
3 84 0 1
3 84 4 1
3 84 6 1
3 84 7 1
3 84 17 1
3 84 18 1
3 84 19 1
3 84 20 1
3 84 21 1
3 84 22 1
3 84 23 1
3 84 35 1
3 84 36 1
3 84 37 1
3 84 38 1
3 84 52 1
3 84 64 1
3 84 65 1
3 84 71 1
3 84 81 1
3 84 82 1
3 84 97 1
3 84 112 1
3 84 113 1
3 84 119 1
3 85 1 1
3 85 4 1
3 85 7 1
3 85 16 1
3 85 18 1
3 85 19 1
3 85 20 1
3 85 21 1
3 85 22 1
3 85 23 1
3 85 33 1
3 85 35 1
3 85 36 1
3 85 38 1
3 85 39 1
3 85 50 1
3 85 53 1
3 85 64 1
3 85 65 1
3 85 66 1
3 85 81 1
3 85 97 1
3 85 98 1
3 85 112 1
3 85 113 1
3 86 0 1
3 86 4 1
3 86 6 1
3 86 7 1
3 86 16 1
3 86 17 1
3 86 19 1
3 86 20 1
3 86 21 1
3 86 22 1
3 86 23 1
3 86 32 1
3 86 33 1
3 86 34 1
3 86 36 1
3 86 38 1
3 86 64 1
3 86 65 1
3 86 66 1
3 86 67 1
3 86 80 1
3 86 81 1
3 86 97 1
3 86 98 1
3 86 99 1
3 86 112 1
3 86 113 1
3 86 115 1
3 86 118 1
3 87 0 1
3 87 1 1
3 87 4 1
3 87 5 1
3 87 6 1
3 87 7 1
3 87 16 1
3 87 17 1
3 87 18 1
3 87 20 1
3 87 21 1
3 87 22 1
3 87 23 1
3 87 32 1
3 87 33 1
3 87 34 1
3 87 35 1
3 87 39 1
3 87 48 1
3 87 49 1
3 87 55 1
3 87 64 1
3 87 65 1
3 87 66 1
3 87 71 1
3 87 80 1
3 87 81 1
3 87 84 1
3 87 85 1
3 87 96 1
3 87 97 1
3 87 99 1
3 87 112 1
3 87 113 1
3 87 114 1
3 87 115 1
3 87 116 1
3 96 0 1
3 96 1 1
3 96 2 1
3 96 4 1
3 96 7 1
3 96 16 1
3 96 17 1
3 96 18 1
3 96 19 1
3 96 20 1
3 96 22 1
3 96 23 1
3 96 32 1
3 96 37 1
3 96 38 1
3 96 39 1
3 96 48 1
3 96 50 1
3 96 54 1
3 96 55 1
3 96 64 1
3 96 69 1
3 96 70 1
3 96 71 1
3 96 80 1
3 96 83 1
3 96 86 1
3 96 87 1
3 96 97 1
3 96 98 1
3 96 100 1
3 96 102 1
3 96 103 1
3 96 112 1
3 96 115 1
3 96 116 1
3 96 117 1
3 96 118 1
3 96 119 1
3 97 0 1
3 97 1 1
3 97 4 1
3 97 6 1
3 97 16 1
3 97 17 1
3 97 18 1
3 97 19 1
3 97 20 1
3 97 21 1
3 97 23 1
3 97 33 1
3 97 35 1
3 97 36 1
3 97 38 1
3 97 39 1
3 97 48 1
3 97 50 1
3 97 51 1
3 97 53 1
3 97 65 1
3 97 69 1
3 97 70 1
3 97 71 1
3 97 81 1
3 97 84 1
3 97 86 1
3 97 87 1
3 97 98 1
3 97 99 1
3 97 100 1
3 97 101 1
3 97 102 1
3 97 116 1
3 97 118 1
3 97 119 1
3 98 0 1
3 98 4 1
3 98 6 1
3 98 7 1
3 98 16 1
3 98 17 1
3 98 18 1
3 98 19 1
3 98 20 1
3 98 21 1
3 98 22 1
3 98 33 1
3 98 35 1
3 98 36 1
3 98 37 1
3 98 49 1
3 98 50 1
3 98 51 1
3 98 52 1
3 98 69 1
3 98 70 1
3 98 71 1
3 98 86 1
3 98 101 1
3 98 102 1
3 98 118 1
3 98 119 1
3 99 0 1
3 99 4 1
3 99 7 1
3 99 16 1
3 99 17 1
3 99 18 1
3 99 19 1
3 99 20 1
3 99 21 1
3 99 22 1
3 99 23 1
3 99 33 1
3 99 34 1
3 99 35 1
3 99 36 1
3 99 37 1
3 99 38 1
3 99 49 1
3 99 50 1
3 99 51 1
3 99 52 1
3 99 53 1
3 99 64 1
3 99 67 1
3 99 70 1
3 99 71 1
3 99 86 1
3 99 102 1
3 99 112 1
3 99 118 1
3 99 119 1
3 100 0 1
3 100 4 1
3 100 7 1
3 100 16 1
3 100 17 1
3 100 18 1
3 100 19 1
3 100 20 1
3 100 21 1
3 100 22 1
3 100 23 1
3 100 33 1
3 100 34 1
3 100 35 1
3 100 36 1
3 100 37 1
3 100 38 1
3 100 50 1
3 100 51 1
3 100 52 1
3 100 53 1
3 100 54 1
3 100 64 1
3 100 65 1
3 100 68 1
3 100 71 1
3 100 81 1
3 100 97 1
3 100 112 1
3 100 113 1
3 100 119 1
3 101 0 1
3 101 1 1
3 101 4 1
3 101 7 1
3 101 17 1
3 101 18 1
3 101 19 1
3 101 20 1
3 101 21 1
3 101 22 1
3 101 23 1
3 101 34 1
3 101 35 1
3 101 36 1
3 101 38 1
3 101 51 1
3 101 52 1
3 101 53 1
3 101 54 1
3 101 64 1
3 101 65 1
3 101 66 1
3 101 81 1
3 101 97 1
3 101 98 1
3 101 112 1
3 101 113 1
3 102 1 1
3 102 4 1
3 102 6 1
3 102 7 1
3 102 16 1
3 102 18 1
3 102 19 1
3 102 20 1
3 102 21 1
3 102 22 1
3 102 23 1
3 102 32 1
3 102 33 1
3 102 35 1
3 102 36 1
3 102 38 1
3 102 50 1
3 102 52 1
3 102 53 1
3 102 55 1
3 102 64 1
3 102 65 1
3 102 66 1
3 102 70 1
3 102 80 1
3 102 81 1
3 102 83 1
3 102 86 1
3 102 97 1
3 102 98 1
3 102 99 1
3 102 100 1
3 102 101 1
3 102 112 1
3 102 113 1
3 102 115 1
3 103 0 1
3 103 4 1
3 103 5 1
3 103 6 1
3 103 7 1
3 103 16 1
3 103 17 1
3 103 19 1
3 103 20 1
3 103 21 1
3 103 22 1
3 103 23 1
3 103 32 1
3 103 33 1
3 103 34 1
3 103 39 1
3 103 48 1
3 103 49 1
3 103 53 1
3 103 55 1
3 103 64 1
3 103 65 1
3 103 66 1
3 103 71 1
3 103 80 1
3 103 81 1
3 103 84 1
3 103 87 1
3 103 96 1
3 103 97 1
3 103 99 1
3 103 101 1
3 103 102 1
3 103 112 1
3 103 113 1
3 103 114 1
3 103 115 1
3 103 116 1
3 103 119 1
3 112 0 1
3 112 1 1
3 112 2 1
3 112 4 1
3 112 5 1
3 112 6 1
3 112 16 1
3 112 17 1
3 112 18 1
3 112 19 1
3 112 20 1
3 112 21 1
3 112 32 1
3 112 36 1
3 112 39 1
3 112 50 1
3 112 55 1
3 112 70 1
3 112 71 1
3 112 80 1
3 112 86 1
3 112 87 1
3 112 103 1
3 112 117 1
3 112 118 1
3 113 0 1
3 113 1 1
3 113 4 1
3 113 6 1
3 113 7 1
3 113 16 1
3 113 17 1
3 113 18 1
3 113 19 1
3 113 20 1
3 113 21 1
3 113 22 1
3 113 32 1
3 113 33 1
3 113 35 1
3 113 36 1
3 113 39 1
3 113 48 1
3 113 50 1
3 113 51 1
3 113 54 1
3 113 55 1
3 113 64 1
3 113 65 1
3 113 70 1
3 113 71 1
3 113 81 1
3 113 86 1
3 113 87 1
3 113 97 1
3 113 100 1
3 113 101 1
3 113 102 1
3 113 103 1
3 113 112 1
3 113 115 1
3 113 116 1
3 113 117 1
3 113 118 1
3 113 119 1
3 114 0 1
3 114 1 1
3 114 4 1
3 114 6 1
3 114 7 1
3 114 16 1
3 114 17 1
3 114 18 1
3 114 19 1
3 114 20 1
3 114 21 1
3 114 22 1
3 114 23 1
3 114 32 1
3 114 33 1
3 114 35 1
3 114 36 1
3 114 38 1
3 114 48 1
3 114 49 1
3 114 50 1
3 114 51 1
3 114 52 1
3 114 53 1
3 114 55 1
3 114 64 1
3 114 65 1
3 114 70 1
3 114 71 1
3 114 82 1
3 114 86 1
3 114 98 1
3 114 101 1
3 114 102 1
3 114 103 1
3 114 112 1
3 114 113 1
3 114 116 1
3 114 117 1
3 114 118 1
3 114 119 1
3 115 0 1
3 115 1 1
3 115 4 1
3 115 6 1
3 115 7 1
3 115 16 1
3 115 17 1
3 115 18 1
3 115 19 1
3 115 20 1
3 115 21 1
3 115 22 1
3 115 23 1
3 115 32 1
3 115 33 1
3 115 35 1
3 115 36 1
3 115 38 1
3 115 39 1
3 115 48 1
3 115 49 1
3 115 50 1
3 115 51 1
3 115 52 1
3 115 53 1
3 115 54 1
3 115 65 1
3 115 71 1
3 115 86 1
3 115 96 1
3 115 102 1
3 115 103 1
3 115 112 1
3 115 113 1
3 115 117 1
3 115 118 1
3 115 119 1
3 116 0 1
3 116 1 1
3 116 4 1
3 116 6 1
3 116 7 1
3 116 16 1
3 116 17 1
3 116 18 1
3 116 19 1
3 116 20 1
3 116 21 1
3 116 22 1
3 116 23 1
3 116 32 1
3 116 33 1
3 116 35 1
3 116 36 1
3 116 38 1
3 116 39 1
3 116 49 1
3 116 50 1
3 116 51 1
3 116 52 1
3 116 53 1
3 116 54 1
3 116 55 1
3 116 64 1
3 116 70 1
3 116 81 1
3 116 96 1
3 116 97 1
3 116 103 1
3 116 112 1
3 116 113 1
3 116 114 1
3 116 118 1
3 116 119 1
3 117 0 1
3 117 1 1
3 117 4 1
3 117 6 1
3 117 7 1
3 117 16 1
3 117 17 1
3 117 18 1
3 117 19 1
3 117 20 1
3 117 21 1
3 117 22 1
3 117 23 1
3 117 33 1
3 117 35 1
3 117 36 1
3 117 38 1
3 117 39 1
3 117 48 1
3 117 50 1
3 117 51 1
3 117 52 1
3 117 53 1
3 117 54 1
3 117 55 1
3 117 64 1
3 117 65 1
3 117 70 1
3 117 71 1
3 117 81 1
3 117 85 1
3 117 96 1
3 117 97 1
3 117 98 1
3 117 101 1
3 117 112 1
3 117 113 1
3 117 114 1
3 117 115 1
3 117 118 1
3 117 119 1
3 118 0 1
3 118 1 1
3 118 4 1
3 118 6 1
3 118 7 1
3 118 17 1
3 118 18 1
3 118 19 1
3 118 20 1
3 118 21 1
3 118 22 1
3 118 23 1
3 118 32 1
3 118 35 1
3 118 36 1
3 118 38 1
3 118 39 1
3 118 48 1
3 118 49 1
3 118 52 1
3 118 53 1
3 118 55 1
3 118 64 1
3 118 65 1
3 118 70 1
3 118 71 1
3 118 80 1
3 118 81 1
3 118 86 1
3 118 96 1
3 118 97 1
3 118 98 1
3 118 99 1
3 118 102 1
3 118 112 1
3 118 113 1
3 118 114 1
3 118 115 1
3 118 116 1
3 118 119 1
3 119 1 1
3 119 2 1
3 119 4 1
3 119 5 1
3 119 6 1
3 119 7 1
3 119 18 1
3 119 19 1
3 119 20 1
3 119 21 1
3 119 22 1
3 119 23 1
3 119 32 1
3 119 35 1
3 119 39 1
3 119 48 1
3 119 53 1
3 119 64 1
3 119 65 1
3 119 80 1
3 119 81 1
3 119 87 1
3 119 96 1
3 119 113 1
3 119 114 1
17 19 6 1
17 19 21 1
17 19 82 1
17 19 85 1
17 19 96 1
17 19 97 1
17 19 115 1
17 19 116 1
17 19 117 1
17 19 119 1
17 20 4 1
17 20 21 1
17 20 36 1
17 21 5 1
17 21 20 1
17 21 22 1
17 21 37 1
17 21 53 1
17 22 6 1
17 22 23 1
17 35 0 1
17 35 81 1
17 35 82 1
17 35 84 1
17 35 102 1
17 35 119 1
17 36 0 1
17 36 4 1
17 36 23 1
17 36 34 1
17 36 38 1
17 36 48 1
17 36 49 1
17 36 71 1
17 36 98 1
17 36 99 1
17 36 100 1
17 36 102 1
17 36 113 1
17 36 115 1
17 36 116 1
17 36 119 1
17 37 0 1
17 37 36 1
17 37 38 1
17 37 48 1
17 37 87 1
17 37 96 1
17 37 98 1
17 37 99 1
17 37 100 1
17 37 102 1
17 37 113 1
17 37 114 1
17 37 115 1
17 37 116 1
17 37 117 1
17 37 119 1
17 38 0 1
17 38 22 1
17 38 37 1
17 38 39 1
17 38 54 1
17 39 0 1
17 49 55 1
17 49 71 1
17 49 85 1
17 49 119 1
17 50 0 1
17 50 21 1
17 50 37 1
17 50 69 1
17 50 102 1
17 50 119 1
17 51 4 1
17 51 19 1
17 51 22 1
17 51 35 1
17 51 49 1
17 51 50 1
17 51 52 1
17 51 54 1
17 51 55 1
17 51 64 1
17 51 67 1
17 51 70 1
17 51 71 1
17 51 86 1
17 51 97 1
17 51 99 1
17 51 100 1
17 51 101 1
17 51 103 1
17 51 115 1
17 51 116 1
17 51 118 1
17 52 0 1
17 52 2 1
17 52 3 1
17 52 4 1
17 52 5 1
17 52 6 1
17 52 16 1
17 52 20 1
17 52 23 1
17 52 33 1
17 52 49 1
17 52 55 1
17 52 64 1
17 52 65 1
17 52 71 1
17 52 80 1
17 52 81 1
17 52 84 1
17 52 87 1
17 52 96 1
17 52 100 1
17 52 102 1
17 52 113 1
17 52 115 1
17 52 116 1
17 52 118 1
17 52 119 1
17 53 0 1
17 53 1 1
17 53 4 1
17 53 5 1
17 53 6 1
17 53 16 1
17 53 18 1
17 53 21 1
17 53 32 1
17 53 33 1
17 53 34 1
17 53 66 1
17 53 69 1
17 53 80 1
17 53 81 1
17 53 85 1
17 53 102 1
17 53 103 1
17 53 114 1
17 53 117 1
17 53 118 1
17 53 119 1
17 54 0 1
17 54 2 1
17 54 5 1
17 54 32 1
17 54 34 1
17 54 38 1
17 54 53 1
17 54 70 1
17 54 80 1
17 54 81 1
17 54 117 1
17 55 0 1
17 65 0 1
17 65 1 1
17 65 16 1
17 65 18 1
17 65 64 1
17 65 66 1
17 65 102 1
17 65 103 1
17 65 119 1
17 66 0 1
17 66 1 1
17 66 2 1
17 66 3 1
17 66 4 1
17 66 5 1
17 66 18 1
17 66 19 1
17 66 20 1
17 66 23 1
17 66 34 1
17 66 38 1
17 66 54 1
17 66 55 1
17 66 64 1
17 66 68 1
17 66 69 1
17 66 70 1
17 66 71 1
17 66 86 1
17 66 87 1
17 66 98 1
17 66 102 1
17 66 103 1
17 66 113 1
17 66 115 1
17 66 116 1
17 66 119 1
17 67 0 1
17 67 1 1
17 67 2 1
17 67 4 1
17 67 5 1
17 67 6 1
17 67 18 1
17 67 19 1
17 67 20 1
17 67 21 1
17 67 23 1
17 67 48 1
17 67 64 1
17 67 65 1
17 67 69 1
17 67 70 1
17 67 71 1
17 67 80 1
17 67 87 1
17 67 96 1
17 67 102 1
17 67 103 1
17 67 113 1
17 67 115 1
17 67 116 1
17 67 119 1
17 68 0 1
17 68 1 1
17 68 2 1
17 68 4 1
17 68 5 1
17 68 6 1
17 68 18 1
17 68 19 1
17 68 20 1
17 68 21 1
17 68 32 1
17 68 36 1
17 68 49 1
17 68 64 1
17 68 65 1
17 68 66 1
17 68 70 1
17 68 71 1
17 68 80 1
17 68 81 1
17 68 87 1
17 68 96 1
17 68 103 1
17 68 115 1
17 68 116 1
17 69 0 1
17 69 2 1
17 69 3 1
17 69 4 1
17 69 5 1
17 69 6 1
17 69 7 1
17 69 16 1
17 69 19 1
17 69 20 1
17 69 21 1
17 69 22 1
17 69 23 1
17 69 32 1
17 69 33 1
17 69 34 1
17 69 37 1
17 69 48 1
17 69 49 1
17 69 53 1
17 69 64 1
17 69 65 1
17 69 66 1
17 69 68 1
17 69 70 1
17 69 71 1
17 69 80 1
17 69 81 1
17 69 85 1
17 69 96 1
17 69 97 1
17 69 98 1
17 69 112 1
17 69 113 1
17 69 115 1
17 69 116 1
17 69 118 1
17 69 119 1
17 70 0 1
17 70 5 1
17 70 32 1
17 70 34 1
17 70 54 1
17 70 69 1
17 70 80 1
17 70 81 1
17 70 86 1
17 70 114 1
17 70 117 1
17 71 0 1
17 71 2 1
17 71 114 1
17 80 64 1
17 81 0 1
17 81 1 1
17 81 5 1
17 81 16 1
17 81 18 1
17 81 65 1
17 81 80 1
17 81 82 1
17 81 83 1
17 81 97 1
17 81 102 1
17 81 103 1
17 81 116 1
17 81 119 1
17 82 0 1
17 82 1 1
17 82 2 1
17 82 3 1
17 82 4 1
17 82 5 1
17 82 6 1
17 82 16 1
17 82 18 1
17 82 19 1
17 82 20 1
17 82 21 1
17 82 23 1
17 82 32 1
17 82 36 1
17 82 38 1
17 82 39 1
17 82 54 1
17 82 55 1
17 82 66 1
17 82 69 1
17 82 70 1
17 82 71 1
17 82 80 1
17 82 81 1
17 82 83 1
17 82 84 1
17 82 86 1
17 82 87 1
17 82 98 1
17 82 102 1
17 82 103 1
17 82 117 1
17 82 119 1
17 83 0 1
17 83 1 1
17 83 2 1
17 83 5 1
17 83 16 1
17 83 18 1
17 83 21 1
17 83 33 1
17 83 34 1
17 83 36 1
17 83 39 1
17 83 48 1
17 83 64 1
17 83 80 1
17 83 81 1
17 83 84 1
17 83 85 1
17 83 86 1
17 83 87 1
17 83 96 1
17 83 102 1
17 83 103 1
17 83 115 1
17 83 118 1
17 83 119 1
17 84 0 1
17 84 1 1
17 84 2 1
17 84 3 1
17 84 4 1
17 84 5 1
17 84 6 1
17 84 7 1
17 84 18 1
17 84 19 1
17 84 20 1
17 84 21 1
17 84 22 1
17 84 23 1
17 84 32 1
17 84 34 1
17 84 36 1
17 84 38 1
17 84 48 1
17 84 49 1
17 84 55 1
17 84 64 1
17 84 65 1
17 84 68 1
17 84 71 1
17 84 80 1
17 84 81 1
17 84 82 1
17 84 83 1
17 84 85 1
17 84 86 1
17 84 87 1
17 84 96 1
17 84 97 1
17 84 100 1
17 84 103 1
17 84 112 1
17 84 113 1
17 84 116 1
17 84 119 1
17 85 0 1
17 85 1 1
17 85 2 1
17 85 3 1
17 85 4 1
17 85 5 1
17 85 6 1
17 85 7 1
17 85 16 1
17 85 18 1
17 85 19 1
17 85 20 1
17 85 21 1
17 85 22 1
17 85 32 1
17 85 33 1
17 85 36 1
17 85 39 1
17 85 48 1
17 85 49 1
17 85 53 1
17 85 64 1
17 85 65 1
17 85 66 1
17 85 69 1
17 85 80 1
17 85 81 1
17 85 83 1
17 85 84 1
17 85 86 1
17 85 87 1
17 85 96 1
17 85 97 1
17 85 101 1
17 85 112 1
17 85 114 1
17 86 0 1
17 86 2 1
17 86 5 1
17 86 32 1
17 86 34 1
17 86 36 1
17 86 70 1
17 86 80 1
17 86 81 1
17 86 85 1
17 86 102 1
17 86 114 1
17 87 0 1
17 87 103 1
17 87 114 1
17 97 0 1
17 97 1 1
17 97 18 1
17 97 96 1
17 97 103 1
17 97 113 1
17 98 0 1
17 98 1 1
17 98 2 1
17 98 5 1
17 98 18 1
17 98 36 1
17 98 82 1
17 98 87 1
17 98 97 1
17 98 99 1
17 98 103 1
17 99 0 1
17 99 1 1
17 99 2 1
17 99 5 1
17 99 18 1
17 99 34 1
17 99 36 1
17 99 64 1
17 99 80 1
17 99 83 1
17 99 87 1
17 99 98 1
17 99 100 1
17 99 103 1
17 100 0 1
17 100 1 1
17 100 2 1
17 100 5 1
17 100 18 1
17 100 34 1
17 100 36 1
17 100 64 1
17 100 80 1
17 100 81 1
17 100 84 1
17 100 87 1
17 100 99 1
17 100 101 1
17 100 103 1
17 101 0 1
17 101 1 1
17 101 2 1
17 101 5 1
17 101 18 1
17 101 34 1
17 101 64 1
17 101 69 1
17 101 80 1
17 101 85 1
17 101 100 1
17 101 102 1
17 101 103 1
17 101 114 1
17 102 0 1
17 102 2 1
17 102 5 1
17 102 32 1
17 102 36 1
17 102 80 1
17 102 103 1
17 102 114 1
17 102 118 1
17 103 0 1
17 103 2 1
17 103 87 1
17 103 114 1
17 114 0 1
17 114 2 1
17 114 5 1
17 114 64 1
17 115 0 1
17 115 1 1
17 115 2 1
17 115 5 1
17 115 18 1
17 115 80 1
17 115 87 1
17 115 103 1
17 115 114 1
17 115 116 1
17 115 117 1
17 116 0 1
17 116 1 1
17 116 2 1
17 116 5 1
17 116 18 1
17 116 32 1
17 116 80 1
17 116 87 1
17 116 103 1
17 116 117 1
17 117 0 1
17 117 1 1
17 117 2 1
17 117 5 1
17 117 18 1
17 117 36 1
17 117 80 1
17 117 114 1
17 117 118 1
17 118 0 1
17 118 2 1
17 118 5 1
17 118 32 1
17 118 36 1
17 118 80 1
17 119 2 1
18 36 0 1
18 36 4 1
18 36 20 1
18 36 23 1
18 36 34 1
18 36 38 1
18 36 39 1
18 36 55 1
18 36 71 1
18 36 98 1
18 36 102 1
18 36 114 1
18 36 117 1
18 36 119 1
18 37 38 1
18 50 7 1
18 50 23 1
18 50 37 1
18 50 38 1
18 50 82 1
18 50 86 1
18 50 97 1
18 50 112 1
18 51 1 1
18 51 2 1
18 51 3 1
18 51 4 1
18 51 5 1
18 51 7 1
18 51 16 1
18 51 19 1
18 51 22 1
18 51 32 1
18 51 35 1
18 51 38 1
18 51 39 1
18 51 49 1
18 51 50 1
18 51 52 1
18 51 53 1
18 51 54 1
18 51 55 1
18 51 64 1
18 51 67 1
18 51 70 1
18 51 71 1
18 51 80 1
18 51 83 1
18 51 86 1
18 51 87 1
18 51 97 1
18 51 98 1
18 51 99 1
18 51 100 1
18 51 101 1
18 51 103 1
18 51 112 1
18 51 113 1
18 51 115 1
18 51 116 1
18 51 117 1
18 51 118 1
18 52 0 1
18 52 1 1
18 52 2 1
18 52 3 1
18 52 4 1
18 52 5 1
18 52 6 1
18 52 16 1
18 52 17 1
18 52 20 1
18 52 23 1
18 52 32 1
18 52 33 1
18 52 36 1
18 52 39 1
18 52 54 1
18 52 55 1
18 52 71 1
18 52 80 1
18 52 81 1
18 52 84 1
18 52 87 1
18 52 102 1
18 52 114 1
18 52 118 1
18 52 119 1
18 53 1 1
18 53 3 1
18 53 4 1
18 53 6 1
18 53 54 1
18 53 55 1
18 54 2 1
18 54 55 1
18 65 64 1
18 65 66 1
18 65 81 1
18 66 5 1
18 66 54 1
18 66 55 1
18 66 65 1
18 66 67 1
18 66 103 1
18 66 114 1
18 67 1 1
18 67 2 1
18 67 3 1
18 67 4 1
18 67 5 1
18 67 6 1
18 67 20 1
18 67 39 1
18 67 48 1
18 67 55 1
18 67 66 1
18 67 68 1
18 67 71 1
18 67 80 1
18 67 87 1
18 67 96 1
18 67 99 1
18 67 114 1
18 67 115 1
18 67 116 1
18 67 117 1
18 68 2 1
18 68 5 1
18 68 32 1
18 68 55 1
18 68 67 1
18 68 70 1
18 68 80 1
18 68 87 1
18 68 100 1
18 68 103 1
18 68 114 1
18 68 117 1
18 69 1 1
18 69 2 1
18 69 3 1
18 69 4 1
18 69 6 1
18 69 48 1
18 69 49 1
18 69 53 1
18 69 70 1
18 69 71 1
18 69 85 1
18 69 96 1
18 69 115 1
18 69 116 1
18 69 117 1
18 70 54 1
18 70 69 1
18 70 71 1
18 70 86 1
18 70 117 1
18 81 5 1
18 82 2 1
18 82 5 1
18 82 32 1
18 82 54 1
18 82 55 1
18 82 66 1
18 82 80 1
18 82 81 1
18 82 83 1
18 82 84 1
18 82 98 1
18 82 103 1
18 82 114 1
18 82 117 1
18 83 1 1
18 83 2 1
18 83 5 1
18 83 39 1
18 83 48 1
18 83 80 1
18 83 84 1
18 83 85 1
18 83 87 1
18 83 96 1
18 83 99 1
18 83 103 1
18 83 115 1
18 84 1 1
18 84 2 1
18 84 3 1
18 84 4 1
18 84 5 1
18 84 6 1
18 84 20 1
18 84 32 1
18 84 48 1
18 84 49 1
18 84 55 1
18 84 68 1
18 84 71 1
18 84 80 1
18 84 82 1
18 84 83 1
18 84 85 1
18 84 87 1
18 84 96 1
18 84 100 1
18 84 103 1
18 84 116 1
18 85 1 1
18 85 2 1
18 85 3 1
18 85 4 1
18 85 5 1
18 85 6 1
18 85 20 1
18 85 39 1
18 85 48 1
18 85 49 1
18 85 53 1
18 85 69 1
18 85 80 1
18 85 83 1
18 85 84 1
18 85 86 1
18 85 87 1
18 85 96 1
18 85 101 1
18 85 114 1
18 85 117 1
18 86 2 1
18 86 70 1
18 86 85 1
18 86 87 1
18 86 102 1
18 87 103 1
18 97 96 1
18 98 2 1
18 98 5 1
18 98 97 1
18 98 114 1
18 99 2 1
18 99 5 1
18 99 80 1
18 99 83 1
18 99 87 1
18 99 98 1
18 99 100 1
18 99 115 1
18 100 2 1
18 100 5 1
18 100 80 1
18 100 84 1
18 100 87 1
18 100 99 1
18 100 101 1
18 100 116 1
18 101 2 1
18 101 5 1
18 101 80 1
18 101 102 1
18 101 117 1
18 102 103 1
18 114 2 1
18 114 5 1
18 115 2 1
18 115 5 1
18 115 80 1
18 115 117 1
18 116 2 1
18 116 5 1
18 116 80 1
18 116 117 1
18 117 2 1
18 117 5 1
18 117 80 1
19 49 48 1
19 50 2 1
19 50 4 1
19 51 1 1
19 51 2 1
19 51 3 1
19 51 4 1
19 51 5 1
19 51 7 1
19 51 16 1
19 51 22 1
19 51 23 1
19 51 32 1
19 51 35 1
19 51 38 1
19 51 39 1
19 51 48 1
19 51 49 1
19 51 50 1
19 51 53 1
19 51 64 1
19 51 80 1
19 51 83 1
19 51 86 1
19 51 87 1
19 51 97 1
19 51 98 1
19 51 101 1
19 51 112 1
19 51 113 1
19 51 114 1
19 51 117 1
19 52 0 1
19 52 2 1
19 52 3 1
19 52 4 1
19 52 5 1
19 52 6 1
19 52 16 1
19 52 17 1
19 52 20 1
19 52 23 1
19 52 32 1
19 52 33 1
19 52 36 1
19 52 39 1
19 52 53 1
19 52 54 1
19 52 55 1
19 52 71 1
19 52 80 1
19 52 81 1
19 52 84 1
19 52 87 1
19 52 102 1
19 52 114 1
19 52 117 1
19 52 118 1
19 52 119 1
19 53 1 1
19 53 2 1
19 53 3 1
19 53 4 1
19 53 6 1
19 53 18 1
19 53 54 1
19 53 55 1
19 54 2 1
19 54 55 1
19 65 64 1
19 66 5 1
19 66 54 1
19 66 55 1
19 66 65 1
19 66 67 1
19 66 82 1
19 66 103 1
19 66 114 1
19 67 2 1
19 67 5 1
19 67 39 1
19 67 48 1
19 67 66 1
19 67 68 1
19 67 80 1
19 67 87 1
19 67 96 1
19 67 99 1
19 67 114 1
19 67 117 1
19 68 2 1
19 68 5 1
19 68 32 1
19 68 55 1
19 68 67 1
19 68 80 1
19 68 87 1
19 68 100 1
19 68 103 1
19 68 114 1
19 68 117 1
19 69 2 1
19 69 48 1
19 69 49 1
19 69 70 1
19 69 85 1
19 69 96 1
19 69 117 1
19 70 2 1
19 70 54 1
19 70 71 1
19 81 5 1
19 82 2 1
19 82 5 1
19 82 32 1
19 82 54 1
19 82 55 1
19 82 66 1
19 82 80 1
19 82 81 1
19 82 83 1
19 82 84 1
19 82 98 1
19 82 103 1
19 82 114 1
19 82 117 1
19 83 1 1
19 83 2 1
19 83 5 1
19 83 39 1
19 83 48 1
19 83 80 1
19 83 84 1
19 83 85 1
19 83 87 1
19 83 96 1
19 83 99 1
19 83 103 1
19 83 115 1
19 84 2 1
19 84 4 1
19 84 5 1
19 84 6 1
19 84 32 1
19 84 55 1
19 84 80 1
19 84 82 1
19 84 83 1
19 84 87 1
19 84 96 1
19 84 100 1
19 84 103 1
19 84 116 1
19 85 2 1
19 85 5 1
19 85 39 1
19 85 48 1
19 85 49 1
19 85 69 1
19 85 83 1
19 85 84 1
19 85 86 1
19 85 87 1
19 85 96 1
19 85 101 1
19 85 114 1
19 85 117 1
19 86 2 1
19 86 87 1
19 97 96 1
19 98 2 1
19 98 5 1
19 98 97 1
19 98 114 1
19 99 2 1
19 99 5 1
19 99 80 1
19 99 83 1
19 99 87 1
19 99 98 1
19 99 100 1
19 99 115 1
19 100 2 1
19 100 5 1
19 100 80 1
19 100 84 1
19 100 87 1
19 100 99 1
19 100 101 1
19 100 116 1
19 101 2 1
19 101 5 1
19 101 102 1
19 101 117 1
19 102 103 1
19 114 2 1
19 114 5 1
19 115 2 1
19 115 5 1
19 116 2 1
19 116 5 1
19 117 2 1
19 117 5 1
34 52 3 1
34 52 39 1
34 52 54 1
34 52 55 1
34 52 114 1
34 52 117 1
34 53 54 1
34 67 39 1
34 67 48 1
34 67 99 1
34 67 114 1
34 68 32 1
34 68 117 1
34 83 99 1
34 84 100 1
