0 6 18 0
0 6 36 0
0 7 18 0
0 7 36 0
0 7 52 0
0 23 52 0
0 96 66 0
0 102 68 0
0 103 68 0
0 103 82 0
0 112 66 0
0 112 67 0
0 113 67 0
0 118 37 0
0 118 68 0
0 119 37 0
0 119 68 0
0 119 82 0
1 3 70 0
1 4 50 0
1 4 70 0
1 4 87 0
1 5 19 0
1 5 50 0
1 5 67 0
1 5 70 0
1 5 82 0
1 5 85 0
1 5 87 0
1 5 103 0
1 6 18 0
1 6 19 0
1 6 50 0
1 6 52 0
1 6 55 0
1 6 67 0
1 6 70 0
1 6 82 0
1 6 85 0
1 6 87 0
1 6 103 0
1 7 4 0
1 7 5 0
1 7 18 0
1 7 19 0
1 7 50 0
1 7 55 0
1 7 70 0
1 7 85 0
1 7 87 0
1 7 97 0
1 7 99 0
1 7 100 0
1 7 101 0
1 7 102 0
1 7 103 0
1 7 112 0
1 7 119 0
1 20 50 0
1 21 50 0
1 21 67 0
1 21 82 0
1 22 50 0
1 22 52 0
1 22 67 0
1 22 82 0
1 23 5 0
1 23 20 0
1 23 36 0
1 23 50 0
1 23 67 0
1 23 71 0
1 23 82 0
1 23 83 0
1 23 86 0
1 23 87 0
1 23 98 0
1 23 99 0
1 23 101 0
1 23 102 0
1 23 113 0
1 23 119 0
1 32 34 0
1 32 36 0
1 32 82 0
1 32 84 0
1 32 100 0
1 32 101 0
1 37 82 0
1 38 50 0
1 38 82 0
1 39 50 0
1 39 82 0
1 39 83 0
1 39 84 0
1 39 99 0
1 39 102 0
1 39 119 0
1 48 34 0
1 48 82 0
1 54 50 0
1 55 50 0
1 55 82 0
1 64 34 0
1 71 50 0
1 71 82 0
1 80 34 0
1 87 82 0
1 96 34 0
1 96 49 0
1 96 66 0
1 96 67 0
1 96 85 0
1 97 34 0
1 97 67 0
1 102 68 0
1 103 68 0
1 103 69 0
1 103 82 0
1 112 34 0
1 112 49 0
1 112 66 0
1 112 67 0
1 112 68 0
1 112 85 0
1 113 34 0
1 113 67 0
1 113 68 0
1 114 68 0
1 117 67 0
1 118 37 0
1 118 67 0
1 118 68 0
1 119 37 0
1 119 51 0
1 119 54 0
1 119 67 0
1 119 68 0
1 119 69 0
1 119 82 0
2 4 19 0
2 4 50 0
2 4 82 0
2 4 83 0
2 4 85 0
2 4 86 0
2 4 103 0
2 5 19 0
2 5 50 0
2 5 67 0
2 5 70 0
2 5 82 0
2 5 83 0
2 5 85 0
2 5 86 0
2 5 103 0
2 6 18 0
2 6 19 0
2 6 50 0
2 6 85 0
2 6 99 0
2 6 100 0
2 6 101 0
2 6 102 0
2 6 103 0
2 6 119 0
2 7 49 0
2 7 64 0
2 7 100 0
2 7 115 0
2 16 7 0
2 16 22 0
2 16 34 0
2 16 36 0
2 16 37 0
2 16 49 0
2 16 52 0
2 16 53 0
2 16 65 0
2 16 68 0
2 16 81 0
2 16 82 0
2 16 85 0
2 16 97 0
2 16 98 0
2 16 100 0
2 16 101 0
2 16 112 0
2 16 118 0
2 20 50 0
2 21 50 0
2 21 51 0
2 21 54 0
2 21 67 0
2 21 70 0
2 21 82 0
2 22 35 0
2 22 50 0
2 22 51 0
2 22 54 0
2 22 67 0
2 22 70 0
2 22 82 0
2 22 83 0
2 22 86 0
2 23 0 0
2 23 17 0
2 23 34 0
2 23 35 0
2 23 36 0
2 23 37 0
2 23 50 0
2 23 51 0
2 23 54 0
2 23 67 0
2 23 70 0
2 23 82 0
2 23 85 0
2 23 86 0
2 23 87 0
2 23 98 0
2 23 99 0
2 23 101 0
2 23 102 0
2 23 113 0
2 23 119 0
2 32 34 0
2 32 35 0
2 32 36 0
2 32 52 0
2 32 53 0
2 32 82 0
2 32 84 0
2 32 85 0
2 32 97 0
2 32 100 0
2 32 101 0
2 32 112 0
2 33 85 0
2 37 82 0
2 38 50 0
2 38 82 0
2 38 83 0
2 39 37 0
2 39 50 0
2 39 51 0
2 39 82 0
2 39 83 0
2 39 85 0
2 39 98 0
2 39 99 0
2 39 102 0
2 39 119 0
2 48 34 0
2 48 35 0
2 48 52 0
2 48 53 0
2 48 82 0
2 48 85 0
2 48 112 0
2 54 50 0
2 55 37 0
2 55 50 0
2 55 51 0
2 55 82 0
2 55 85 0
2 55 119 0
2 64 34 0
2 64 52 0
2 64 53 0
2 64 85 0
2 64 112 0
2 71 37 0
2 71 50 0
2 71 51 0
2 71 82 0
2 71 119 0
2 80 34 0
2 80 52 0
2 80 85 0
2 87 37 0
2 87 51 0
2 87 82 0
2 96 34 0
2 96 49 0
2 96 52 0
2 96 66 0
2 96 67 0
2 96 85 0
2 97 34 0
2 97 67 0
2 102 37 0
2 102 68 0
2 103 37 0
2 103 51 0
2 103 68 0
2 103 69 0
2 103 82 0
2 112 34 0
2 112 49 0
2 112 52 0
2 112 66 0
2 112 67 0
2 112 68 0
2 112 85 0
2 113 34 0
2 113 67 0
2 113 68 0
2 114 68 0
2 117 67 0
2 118 37 0
2 118 67 0
2 118 68 0
2 119 37 0
2 119 51 0
2 119 54 0
2 119 67 0
2 119 68 0
2 119 69 0
2 119 82 0
3 0 71 0
3 1 71 0
3 5 18 0
3 5 19 0
3 5 50 0
3 5 85 0
3 5 99 0
3 5 100 0
3 5 101 0
3 5 102 0
3 5 103 0
3 5 119 0
3 6 18 0
3 6 19 0
3 6 50 0
3 6 85 0
3 6 99 0
3 6 100 0
3 6 101 0
3 6 102 0
3 6 103 0
3 6 119 0
3 16 7 0
3 16 22 0
3 16 34 0
3 16 36 0
3 16 37 0
3 16 49 0
3 16 52 0
3 16 53 0
3 16 65 0
3 16 68 0
3 16 81 0
3 16 82 0
3 16 85 0
3 16 97 0
3 16 98 0
3 16 100 0
3 16 101 0
3 16 112 0
3 16 118 0
3 17 36 0
3 17 49 0
3 17 52 0
3 17 53 0
3 17 65 0
3 17 68 0
3 17 81 0
3 17 84 0
3 17 85 0
3 21 50 0
3 21 51 0
3 21 54 0
3 21 67 0
3 21 70 0
3 21 82 0
3 22 35 0
3 22 50 0
3 22 51 0
3 22 54 0
3 22 67 0
3 22 70 0
3 22 82 0
3 22 83 0
3 22 86 0
3 23 0 0
3 23 17 0
3 23 34 0
3 23 35 0
3 23 37 0
3 23 50 0
3 23 51 0
3 23 54 0
3 23 67 0
3 23 70 0
3 23 82 0
3 23 85 0
3 23 86 0
3 23 98 0
3 23 99 0
3 23 101 0
3 23 102 0
3 23 113 0
3 23 119 0
3 32 34 0
3 32 35 0
3 32 36 0
3 32 52 0
3 32 53 0
3 32 82 0
3 32 84 0
3 32 85 0
3 32 97 0
3 32 100 0
3 32 101 0
3 32 112 0
3 33 36 0
3 33 53 0
3 33 84 0
3 33 85 0
3 37 82 0
3 38 35 0
3 38 50 0
3 38 82 0
3 38 83 0
3 39 35 0
3 39 36 0
3 39 37 0
3 39 50 0
3 39 51 0
3 39 82 0
3 39 83 0
3 39 85 0
3 39 98 0
3 39 99 0
3 39 102 0
3 39 119 0
3 48 34 0
3 48 35 0
3 48 52 0
3 48 53 0
3 48 82 0
3 48 85 0
3 48 112 0
3 49 53 0
3 54 50 0
3 55 36 0
3 55 37 0
3 55 50 0
3 55 51 0
3 55 82 0
3 55 85 0
3 55 119 0
3 64 34 0
3 64 52 0
3 64 53 0
3 64 85 0
3 64 112 0
3 71 37 0
3 71 50 0
3 71 51 0
3 71 82 0
3 71 119 0
3 80 34 0
3 80 52 0
3 80 85 0
3 87 37 0
3 87 51 0
3 87 82 0
3 96 34 0
3 96 49 0
3 96 52 0
3 96 66 0
3 96 67 0
3 96 85 0
3 97 34 0
3 97 67 0
3 102 37 0
3 102 68 0
3 103 37 0
3 103 51 0
3 103 54 0
3 103 68 0
3 103 69 0
3 103 82 0
3 112 34 0
3 112 49 0
3 112 52 0
3 112 66 0
3 112 67 0
3 112 68 0
3 112 85 0
3 113 34 0
3 113 67 0
3 113 68 0
3 114 68 0
3 117 67 0
3 118 37 0
3 118 67 0
3 118 68 0
3 119 37 0
3 119 51 0
3 119 54 0
3 119 67 0
3 119 68 0
3 119 69 0
3 119 82 0
17 3 0 0
17 3 1 0
17 3 5 0
17 3 16 0
17 3 18 0
17 3 22 0
17 3 23 0
17 3 32 0
17 3 33 0
17 3 39 0
17 3 48 0
17 3 49 0
17 3 51 0
17 3 52 0
17 3 54 0
17 3 55 0
17 3 64 0
17 3 65 0
17 3 66 0
17 3 68 0
17 3 69 0
17 3 80 0
17 3 81 0
17 3 83 0
17 3 84 0
17 3 86 0
17 3 98 0
17 3 99 0
17 3 100 0
17 3 101 0
17 3 102 0
17 3 103 0
17 3 113 0
17 3 114 0
17 3 118 0
17 4 0 0
17 4 1 0
17 4 2 0
17 4 16 0
17 4 18 0
17 4 23 0
17 4 32 0
17 4 33 0
17 4 34 0
17 4 39 0
17 4 48 0
17 4 49 0
17 4 51 0
17 4 52 0
17 4 54 0
17 4 55 0
17 4 64 0
17 4 65 0
17 4 66 0
17 4 68 0
17 4 69 0
17 4 70 0
17 4 71 0
17 4 80 0
17 4 81 0
17 4 83 0
17 4 84 0
17 4 86 0
17 4 98 0
17 4 99 0
17 4 100 0
17 4 101 0
17 4 102 0
17 4 103 0
17 4 113 0
17 4 114 0
17 4 118 0
17 5 0 0
17 5 1 0
17 5 2 0
17 5 3 0
17 5 7 0
17 5 16 0
17 5 19 0
17 5 32 0
17 5 33 0
17 5 34 0
17 5 38 0
17 5 39 0
17 5 48 0
17 5 49 0
17 5 52 0
17 5 55 0
17 5 64 0
17 5 65 0
17 5 66 0
17 5 68 0
17 5 70 0
17 5 71 0
17 5 80 0
17 5 81 0
17 5 82 0
17 5 83 0
17 5 84 0
17 5 85 0
17 5 86 0
17 5 96 0
17 5 97 0
17 5 98 0
17 5 99 0
17 5 100 0
17 5 101 0
17 5 102 0
17 5 103 0
17 5 112 0
17 5 113 0
17 5 114 0
17 5 115 0
17 5 116 0
17 5 117 0
17 5 118 0
17 5 119 0
17 6 0 0
17 6 1 0
17 6 2 0
17 6 3 0
17 6 4 0
17 6 16 0
17 6 19 0
17 6 32 0
17 6 33 0
17 6 34 0
17 6 38 0
17 6 48 0
17 6 49 0
17 6 64 0
17 6 65 0
17 6 66 0
17 6 68 0
17 6 70 0
17 6 71 0
17 6 80 0
17 6 81 0
17 6 82 0
17 6 83 0
17 6 84 0
17 6 85 0
17 6 86 0
17 6 96 0
17 6 97 0
17 6 98 0
17 6 99 0
17 6 100 0
17 6 101 0
17 6 102 0
17 6 103 0
17 6 112 0
17 6 113 0
17 6 114 0
17 6 115 0
17 6 116 0
17 6 117 0
17 6 118 0
17 6 119 0
17 7 0 0
17 7 1 0
17 7 2 0
17 7 3 0
17 7 5 0
17 7 16 0
17 7 19 0
17 7 21 0
17 7 32 0
17 7 33 0
17 7 34 0
17 7 38 0
17 7 48 0
17 7 49 0
17 7 64 0
17 7 65 0
17 7 66 0
17 7 70 0
17 7 80 0
17 7 81 0
17 7 96 0
17 7 100 0
17 7 114 0
17 7 115 0
17 7 116 0
17 7 117 0
17 7 118 0
17 19 1 0
17 19 5 0
17 19 65 0
17 19 66 0
17 19 68 0
17 19 80 0
17 19 85 0
17 19 86 0
17 19 103 0
17 20 1 0
17 20 2 0
17 20 18 0
17 20 50 0
17 20 65 0
17 20 66 0
17 20 68 0
17 20 69 0
17 20 80 0
17 20 86 0
17 20 103 0
17 21 1 0
17 21 2 0
17 21 3 0
17 21 7 0
17 21 16 0
17 21 19 0
17 21 32 0
17 21 33 0
17 21 35 0
17 21 50 0
17 21 51 0
17 21 53 0
17 21 64 0
17 21 65 0
17 21 66 0
17 21 67 0
17 21 68 0
17 21 69 0
17 21 70 0
17 21 80 0
17 21 81 0
17 21 82 0
17 21 83 0
17 21 84 0
17 21 85 0
17 21 86 0
17 21 97 0
17 21 101 0
17 21 103 0
17 21 112 0
17 21 118 0
17 22 1 0
17 22 2 0
17 22 3 0
17 22 4 0
17 22 16 0
17 22 19 0
17 22 32 0
17 22 33 0
17 22 34 0
17 22 35 0
17 22 49 0
17 22 50 0
17 22 51 0
17 22 55 0
17 22 64 0
17 22 65 0
17 22 66 0
17 22 67 0
17 22 68 0
17 22 69 0
17 22 70 0
17 22 71 0
17 22 80 0
17 22 81 0
17 22 82 0
17 22 83 0
17 22 84 0
17 22 85 0
17 22 86 0
17 22 97 0
17 22 101 0
17 22 103 0
17 22 112 0
17 22 118 0
17 23 1 0
17 23 2 0
17 23 3 0
17 23 4 0
17 23 5 0
17 23 16 0
17 23 19 0
17 23 20 0
17 23 21 0
17 23 32 0
17 23 33 0
17 23 34 0
17 23 48 0
17 23 49 0
17 23 51 0
17 23 55 0
17 23 64 0
17 23 65 0
17 23 66 0
17 23 67 0
17 23 70 0
17 23 80 0
17 23 81 0
17 23 87 0
17 23 96 0
17 23 97 0
17 23 100 0
17 23 112 0
17 23 114 0
17 23 115 0
17 23 116 0
17 23 117 0
17 23 118 0
17 37 7 0
17 37 19 0
17 37 50 0
17 37 51 0
17 37 67 0
17 37 82 0
17 37 83 0
17 37 86 0
17 37 97 0
17 37 101 0
17 37 112 0
17 38 7 0
17 38 19 0
17 38 35 0
17 38 49 0
17 38 50 0
17 38 51 0
17 38 52 0
17 38 64 0
17 38 65 0
17 38 67 0
17 38 68 0
17 38 71 0
17 38 82 0
17 38 83 0
17 38 84 0
17 38 86 0
17 38 97 0
17 38 101 0
17 38 112 0
17 39 1 0
17 39 3 0
17 39 4 0
17 39 7 0
17 39 16 0
17 39 18 0
17 39 19 0
17 39 20 0
17 39 21 0
17 39 33 0
17 39 48 0
17 39 49 0
17 39 51 0
17 39 64 0
17 39 65 0
17 39 66 0
17 39 67 0
17 39 71 0
17 39 87 0
17 39 96 0
17 39 97 0
17 39 100 0
17 39 112 0
17 39 114 0
17 39 115 0
17 39 116 0
17 39 118 0
17 48 2 0
17 48 3 0
17 48 4 0
17 48 5 0
17 48 6 0
17 48 19 0
17 48 20 0
17 48 21 0
17 48 22 0
17 48 23 0
17 48 33 0
17 48 36 0
17 48 38 0
17 48 39 0
17 48 51 0
17 48 53 0
17 48 54 0
17 48 67 0
17 48 68 0
17 48 69 0
17 48 70 0
17 48 80 0
17 48 84 0
17 48 86 0
17 48 87 0
17 48 96 0
17 48 97 0
17 48 99 0
17 48 101 0
17 48 113 0
17 48 114 0
17 48 115 0
17 48 118 0
17 49 80 0
17 49 85 0
17 49 101 0
17 49 118 0
17 51 85 0
17 53 35 0
17 53 50 0
17 53 51 0
17 53 83 0
17 53 101 0
17 54 35 0
17 54 50 0
17 54 51 0
17 54 52 0
17 54 67 0
17 54 82 0
17 54 83 0
17 54 84 0
17 54 101 0
17 55 1 0
17 55 3 0
17 55 4 0
17 55 6 0
17 55 7 0
17 55 16 0
17 55 18 0
17 55 19 0
17 55 20 0
17 55 21 0
17 55 23 0
17 55 33 0
17 55 35 0
17 55 36 0
17 55 48 0
17 55 49 0
17 55 51 0
17 55 64 0
17 55 65 0
17 55 66 0
17 55 67 0
17 55 83 0
17 55 87 0
17 55 96 0
17 55 97 0
17 55 98 0
17 55 100 0
17 55 103 0
17 55 112 0
17 55 113 0
17 55 115 0
17 55 116 0
17 55 118 0
17 64 2 0
17 64 3 0
17 64 4 0
17 64 6 0
17 64 19 0
17 64 20 0
17 64 21 0
17 64 22 0
17 64 23 0
17 64 32 0
17 64 33 0
17 64 34 0
17 64 36 0
17 64 38 0
17 64 39 0
17 64 51 0
17 64 53 0
17 64 54 0
17 64 67 0
17 64 68 0
17 64 69 0
17 64 70 0
17 64 84 0
17 64 86 0
17 64 87 0
17 64 96 0
17 64 99 0
17 64 100 0
17 64 101 0
17 64 113 0
17 64 114 0
17 64 115 0
17 64 117 0
17 64 118 0
17 65 33 0
17 65 35 0
17 65 101 0
17 65 118 0
17 69 35 0
17 69 37 0
17 69 50 0
17 69 51 0
17 69 98 0
17 70 35 0
17 70 50 0
17 70 51 0
17 70 52 0
17 70 67 0
17 70 82 0
17 70 99 0
17 70 100 0
17 71 1 0
17 71 3 0
17 71 4 0
17 71 6 0
17 71 7 0
17 71 16 0
17 71 18 0
17 71 19 0
17 71 20 0
17 71 21 0
17 71 22 0
17 71 23 0
17 71 33 0
17 71 35 0
17 71 39 0
17 71 48 0
17 71 49 0
17 71 51 0
17 71 64 0
17 71 65 0
17 71 66 0
17 71 67 0
17 71 83 0
17 71 84 0
17 71 96 0
17 71 97 0
17 71 98 0
17 71 99 0
17 71 100 0
17 71 112 0
17 71 113 0
17 71 115 0
17 71 116 0
17 71 118 0
17 71 119 0
17 80 2 0
17 80 3 0
17 80 4 0
17 80 6 0
17 80 7 0
17 80 19 0
17 80 20 0
17 80 21 0
17 80 22 0
17 80 23 0
17 80 32 0
17 80 33 0
17 80 34 0
17 80 36 0
17 80 37 0
17 80 38 0
17 80 39 0
17 80 48 0
17 80 49 0
17 80 50 0
17 80 53 0
17 80 54 0
17 80 55 0
17 80 67 0
17 80 68 0
17 80 69 0
17 80 70 0
17 80 71 0
17 80 85 0
17 80 86 0
17 80 87 0
17 80 98 0
17 80 100 0
17 80 101 0
17 80 112 0
17 80 114 0
17 80 115 0
17 80 117 0
17 80 118 0
17 81 7 0
17 81 22 0
17 81 33 0
17 81 35 0
17 81 37 0
17 81 48 0
17 81 49 0
17 81 50 0
17 81 51 0
17 81 52 0
17 81 53 0
17 81 85 0
17 81 100 0
17 81 101 0
17 81 112 0
17 81 118 0
17 82 7 0
17 82 22 0
17 82 35 0
17 82 37 0
17 82 49 0
17 82 50 0
17 82 51 0
17 82 52 0
17 82 53 0
17 82 101 0
17 82 112 0
17 83 33 0
17 83 35 0
17 83 50 0
17 83 51 0
17 83 53 0
17 83 118 0
17 84 35 0
17 84 38 0
17 84 50 0
17 84 51 0
17 84 82 0
17 85 35 0
17 85 50 0
17 85 51 0
17 86 35 0
17 86 38 0
17 86 50 0
17 86 51 0
17 86 52 0
17 86 55 0
17 86 67 0
17 86 99 0
17 87 1 0
17 87 3 0
17 87 4 0
17 87 6 0
17 87 7 0
17 87 16 0
17 87 18 0
17 87 19 0
17 87 20 0
17 87 21 0
17 87 22 0
17 87 23 0
17 87 33 0
17 87 35 0
17 87 38 0
17 87 39 0
17 87 48 0
17 87 49 0
17 87 51 0
17 87 52 0
17 87 53 0
17 87 55 0
17 87 64 0
17 87 65 0
17 87 66 0
17 87 67 0
17 87 83 0
17 87 84 0
17 87 96 0
17 87 97 0
17 87 98 0
17 87 99 0
17 87 100 0
17 87 101 0
17 87 112 0
17 87 113 0
17 87 115 0
17 87 116 0
17 96 2 0
17 96 3 0
17 96 4 0
17 96 6 0
17 96 7 0
17 96 19 0
17 96 20 0
17 96 21 0
17 96 22 0
17 96 23 0
17 96 32 0
17 96 33 0
17 96 34 0
17 96 36 0
17 96 37 0
17 96 38 0
17 96 39 0
17 96 48 0
17 96 49 0
17 96 50 0
17 96 53 0
17 96 54 0
17 96 55 0
17 96 68 0
17 96 69 0
17 96 70 0
17 96 71 0
17 96 85 0
17 96 86 0
17 96 87 0
17 96 98 0
17 96 100 0
17 96 101 0
17 96 115 0
17 96 117 0
17 96 118 0
17 97 7 0
17 97 22 0
17 97 33 0
17 97 34 0
17 97 35 0
17 97 37 0
17 97 48 0
17 97 49 0
17 97 50 0
17 97 51 0
17 97 52 0
17 97 53 0
17 97 68 0
17 97 85 0
17 97 100 0
17 97 101 0
17 97 115 0
17 97 118 0
17 98 7 0
17 98 22 0
17 98 35 0
17 98 37 0
17 98 49 0
17 98 50 0
17 98 51 0
17 98 52 0
17 98 53 0
17 98 67 0
17 98 68 0
17 98 101 0
17 98 112 0
17 99 35 0
17 99 37 0
17 99 50 0
17 99 51 0
17 99 52 0
17 99 53 0
17 99 67 0
17 100 35 0
17 100 37 0
17 100 50 0
17 100 51 0
17 100 52 0
17 100 54 0
17 100 67 0
17 100 70 0
17 101 35 0
17 101 50 0
17 101 51 0
17 101 52 0
17 101 54 0
17 101 67 0
17 101 98 0
17 101 115 0
17 102 23 0
17 102 35 0
17 102 38 0
17 102 50 0
17 102 51 0
17 102 52 0
17 102 54 0
17 102 55 0
17 102 67 0
17 102 71 0
17 102 98 0
17 102 99 0
17 102 113 0
17 102 115 0
17 102 116 0
17 103 1 0
17 103 3 0
17 103 4 0
17 103 6 0
17 103 7 0
17 103 16 0
17 103 18 0
17 103 19 0
17 103 20 0
17 103 21 0
17 103 22 0
17 103 23 0
17 103 33 0
17 103 35 0
17 103 38 0
17 103 39 0
17 103 48 0
17 103 49 0
17 103 51 0
17 103 52 0
17 103 53 0
17 103 54 0
17 103 55 0
17 103 64 0
17 103 65 0
17 103 66 0
17 103 67 0
17 103 69 0
17 103 71 0
17 103 83 0
17 103 84 0
17 103 96 0
17 103 97 0
17 103 98 0
17 103 99 0
17 103 100 0
17 103 101 0
17 103 112 0
17 103 113 0
17 103 115 0
17 103 116 0
17 103 117 0
17 112 2 0
17 112 3 0
17 112 4 0
17 112 5 0
17 112 6 0
17 112 7 0
17 112 16 0
17 112 19 0
17 112 20 0
17 112 21 0
17 112 22 0
17 112 32 0
17 112 33 0
17 112 34 0
17 112 36 0
17 112 39 0
17 112 48 0
17 112 50 0
17 112 55 0
17 112 70 0
17 112 71 0
17 112 80 0
17 112 81 0
17 112 86 0
17 112 87 0
17 112 98 0
17 112 100 0
17 112 115 0
17 112 117 0
17 112 118 0
17 113 3 0
17 113 4 0
17 113 6 0
17 113 7 0
17 113 16 0
17 113 19 0
17 113 20 0
17 113 21 0
17 113 22 0
17 113 23 0
17 113 32 0
17 113 33 0
17 113 34 0
17 113 35 0
17 113 39 0
17 113 48 0
17 113 49 0
17 113 50 0
17 113 51 0
17 113 52 0
17 113 53 0
17 113 54 0
17 113 55 0
17 113 65 0
17 113 70 0
17 113 71 0
17 113 80 0
17 113 81 0
17 113 85 0
17 113 86 0
17 113 100 0
17 113 101 0
17 113 102 0
17 113 115 0
17 113 116 0
17 113 117 0
17 113 118 0
17 113 119 0
17 114 3 0
17 114 4 0
17 114 6 0
17 114 7 0
17 114 16 0
17 114 19 0
17 114 20 0
17 114 21 0
17 114 22 0
17 114 23 0
17 114 32 0
17 114 33 0
17 114 35 0
17 114 38 0
17 114 39 0
17 114 48 0
17 114 49 0
17 114 50 0
17 114 51 0
17 114 52 0
17 114 53 0
17 114 54 0
17 114 55 0
17 114 65 0
17 114 70 0
17 114 71 0
17 114 81 0
17 114 85 0
17 114 86 0
17 114 101 0
17 114 102 0
17 114 112 0
17 114 118 0
17 114 119 0
17 115 3 0
17 115 4 0
17 115 6 0
17 115 7 0
17 115 16 0
17 115 19 0
17 115 20 0
17 115 21 0
17 115 22 0
17 115 23 0
17 115 33 0
17 115 35 0
17 115 38 0
17 115 39 0
17 115 48 0
17 115 49 0
17 115 50 0
17 115 51 0
17 115 52 0
17 115 53 0
17 115 54 0
17 115 55 0
17 115 65 0
17 115 66 0
17 115 69 0
17 115 70 0
17 115 71 0
17 115 85 0
17 115 86 0
17 115 96 0
17 115 102 0
17 115 112 0
17 115 113 0
17 115 118 0
17 115 119 0
17 116 3 0
17 116 4 0
17 116 6 0
17 116 7 0
17 116 16 0
17 116 19 0
17 116 20 0
17 116 21 0
17 116 22 0
17 116 23 0
17 116 32 0
17 116 33 0
17 116 35 0
17 116 38 0
17 116 39 0
17 116 48 0
17 116 49 0
17 116 50 0
17 116 51 0
17 116 52 0
17 116 53 0
17 116 54 0
17 116 55 0
17 116 65 0
17 116 66 0
17 116 70 0
17 116 71 0
17 116 86 0
17 116 96 0
17 116 97 0
17 116 112 0
17 116 113 0
17 116 119 0
17 117 3 0
17 117 4 0
17 117 6 0
17 117 7 0
17 117 16 0
17 117 19 0
17 117 20 0
17 117 21 0
17 117 22 0
17 117 23 0
17 117 33 0
17 117 35 0
17 117 38 0
17 117 39 0
17 117 48 0
17 117 49 0
17 117 50 0
17 117 51 0
17 117 52 0
17 117 53 0
17 117 54 0
17 117 55 0
17 117 65 0
17 117 66 0
17 117 67 0
17 117 70 0
17 117 71 0
17 117 83 0
17 117 86 0
17 117 96 0
17 117 97 0
17 117 98 0
17 117 112 0
17 117 113 0
17 117 115 0
17 117 119 0
17 118 3 0
17 118 4 0
17 118 6 0
17 118 7 0
17 118 16 0
17 118 19 0
17 118 20 0
17 118 21 0
17 118 22 0
17 118 23 0
17 118 33 0
17 118 35 0
17 118 38 0
17 118 39 0
17 118 48 0
17 118 49 0
17 118 50 0
17 118 51 0
17 118 52 0
17 118 53 0
17 118 54 0
17 118 55 0
17 118 65 0
17 118 66 0
17 118 67 0
17 118 70 0
17 118 71 0
17 118 81 0
17 118 83 0
17 118 86 0
17 118 96 0
17 118 97 0
17 118 98 0
17 118 99 0
17 118 112 0
17 118 113 0
17 118 115 0
17 118 116 0
17 119 1 0
17 119 3 0
17 119 4 0
17 119 6 0
17 119 7 0
17 119 16 0
17 119 18 0
17 119 19 0
17 119 20 0
17 119 21 0
17 119 22 0
17 119 23 0
17 119 33 0
17 119 34 0
17 119 35 0
17 119 38 0
17 119 39 0
17 119 48 0
17 119 49 0
17 119 51 0
17 119 52 0
17 119 53 0
17 119 54 0
17 119 55 0
17 119 64 0
17 119 65 0
17 119 66 0
17 119 67 0
17 119 69 0
17 119 70 0
17 119 71 0
17 119 81 0
17 119 83 0
17 119 86 0
17 119 96 0
17 119 97 0
17 119 98 0
17 119 99 0
17 119 100 0
17 119 101 0
17 119 112 0
17 119 113 0
17 119 115 0
17 119 116 0
17 119 117 0
18 4 22 0
18 4 32 0
18 4 48 0
18 4 83 0
18 4 86 0
18 4 113 0
18 4 116 0
18 5 32 0
18 5 48 0
18 5 83 0
18 5 86 0
18 5 113 0
18 5 116 0
18 6 48 0
18 20 1 0
18 20 2 0
18 20 7 0
18 20 16 0
18 20 17 0
18 20 22 0
18 20 32 0
18 20 33 0
18 20 35 0
18 20 48 0
18 20 49 0
18 20 52 0
18 20 53 0
18 20 64 0
18 20 65 0
18 20 66 0
18 20 68 0
18 20 69 0
18 20 80 0
18 20 81 0
18 20 84 0
18 20 96 0
18 20 97 0
18 20 99 0
18 20 100 0
18 20 101 0
18 20 112 0
18 20 113 0
18 20 115 0
18 20 116 0
18 20 118 0
18 21 1 0
18 21 2 0
18 21 3 0
18 21 7 0
18 21 16 0
18 21 17 0
18 21 32 0
18 21 33 0
18 21 35 0
18 21 48 0
18 21 49 0
18 21 52 0
18 21 53 0
18 21 64 0
18 21 65 0
18 21 66 0
18 21 68 0
18 21 69 0
18 21 80 0
18 21 81 0
18 21 83 0
18 21 84 0
18 21 86 0
18 21 96 0
18 21 97 0
18 21 99 0
18 21 100 0
18 21 101 0
18 21 112 0
18 21 113 0
18 21 115 0
18 21 116 0
18 21 118 0
18 22 0 0
18 22 1 0
18 22 2 0
18 22 3 0
18 22 16 0
18 22 17 0
18 22 32 0
18 22 33 0
18 22 34 0
18 22 35 0
18 22 48 0
18 22 49 0
18 22 53 0
18 22 64 0
18 22 65 0
18 22 66 0
18 22 69 0
18 22 80 0
18 22 81 0
18 22 96 0
18 22 97 0
18 22 112 0
18 22 114 0
18 22 115 0
18 22 116 0
18 22 117 0
18 22 118 0
18 23 1 0
18 23 2 0
18 23 3 0
18 23 32 0
18 23 48 0
18 23 49 0
18 23 64 0
18 23 65 0
18 23 80 0
18 23 81 0
18 23 96 0
18 23 97 0
18 23 112 0
18 23 116 0
18 32 0 0
18 32 1 0
18 32 2 0
18 32 3 0
18 32 5 0
18 32 7 0
18 32 17 0
18 32 20 0
18 32 22 0
18 32 33 0
18 32 37 0
18 32 39 0
18 32 54 0
18 32 55 0
18 32 70 0
18 32 71 0
18 32 86 0
18 32 87 0
18 32 102 0
18 32 103 0
18 32 115 0
18 32 119 0
18 36 34 0
18 36 65 0
18 36 66 0
18 36 68 0
18 36 69 0
18 36 85 0
18 36 96 0
18 37 7 0
18 37 19 0
18 37 48 0
18 37 49 0
18 37 51 0
18 37 64 0
18 37 65 0
18 37 66 0
18 37 68 0
18 37 69 0
18 37 70 0
18 37 83 0
18 37 85 0
18 37 86 0
18 37 96 0
18 37 97 0
18 37 99 0
18 37 100 0
18 37 101 0
18 37 103 0
18 37 112 0
18 37 113 0
18 37 115 0
18 37 116 0
18 38 0 0
18 38 5 0
18 38 7 0
18 38 16 0
18 38 17 0
18 38 19 0
18 38 32 0
18 38 33 0
18 38 34 0
18 38 35 0
18 38 48 0
18 38 49 0
18 38 51 0
18 38 52 0
18 38 64 0
18 38 65 0
18 38 66 0
18 38 69 0
18 38 70 0
18 38 80 0
18 38 81 0
18 38 85 0
18 38 96 0
18 38 97 0
18 38 100 0
18 38 103 0
18 38 112 0
18 38 114 0
18 38 115 0
18 38 116 0
18 38 117 0
18 38 118 0
18 39 0 0
18 39 1 0
18 39 3 0
18 39 4 0
18 39 5 0
18 39 6 0
18 39 7 0
18 39 16 0
18 39 17 0
18 39 19 0
18 39 32 0
18 39 33 0
18 39 34 0
18 39 48 0
18 39 49 0
18 39 51 0
18 39 53 0
18 39 64 0
18 39 65 0
18 39 66 0
18 39 70 0
18 39 80 0
18 39 81 0
18 39 96 0
18 39 97 0
18 39 112 0
18 39 114 0
18 39 115 0
18 39 116 0
18 39 117 0
18 39 118 0
18 48 0 0
18 48 1 0
18 48 2 0
18 48 3 0
18 48 4 0
18 48 5 0
18 48 6 0
18 48 7 0
18 48 16 0
18 48 17 0
18 48 19 0
18 48 20 0
18 48 21 0
18 48 22 0
18 48 23 0
18 48 33 0
18 48 37 0
18 48 38 0
18 48 39 0
18 48 54 0
18 48 55 0
18 48 69 0
18 48 70 0
18 48 71 0
18 48 80 0
18 48 86 0
18 48 87 0
18 48 102 0
18 48 103 0
18 48 113 0
18 48 114 0
18 48 115 0
18 48 118 0
18 48 119 0
18 49 0 0
18 49 1 0
18 49 2 0
18 49 3 0
18 49 4 0
18 49 6 0
18 49 16 0
18 49 17 0
18 49 19 0
18 49 20 0
18 49 21 0
18 49 22 0
18 49 34 0
18 49 39 0
18 49 51 0
18 49 52 0
18 49 53 0
18 49 68 0
18 49 69 0
18 49 70 0
18 49 71 0
18 49 80 0
18 49 85 0
18 49 87 0
18 49 96 0
18 49 98 0
18 49 99 0
18 49 100 0
18 49 102 0
18 49 115 0
18 49 116 0
18 49 117 0
18 49 118 0
18 49 119 0
18 50 0 0
18 50 17 0
18 50 21 0
18 50 33 0
18 50 37 0
18 50 69 0
18 50 102 0
18 50 119 0
18 51 19 0
18 51 21 0
18 51 22 0
18 51 35 0
18 51 49 0
18 51 64 0
18 51 85 0
18 51 101 0
18 52 17 0
18 52 21 0
18 52 33 0
18 52 65 0
18 52 81 0
18 53 7 0
18 53 19 0
18 53 21 0
18 53 22 0
18 53 35 0
18 53 51 0
18 53 64 0
18 53 65 0
18 53 66 0
18 53 97 0
18 53 99 0
18 53 101 0
18 53 112 0
18 53 113 0
18 54 0 0
18 54 5 0
18 54 7 0
18 54 16 0
18 54 17 0
18 54 19 0
18 54 20 0
18 54 21 0
18 54 22 0
18 54 23 0
18 54 32 0
18 54 33 0
18 54 34 0
18 54 35 0
18 54 36 0
18 54 51 0
18 54 52 0
18 54 64 0
18 54 65 0
18 54 66 0
18 54 67 0
18 54 68 0
18 54 80 0
18 54 81 0
18 54 87 0
18 54 97 0
18 54 98 0
18 54 100 0
18 54 101 0
18 54 103 0
18 54 112 0
18 54 113 0
18 54 114 0
18 54 118 0
18 55 0 0
18 55 1 0
18 55 3 0
18 55 4 0
18 55 5 0
18 55 6 0
18 55 7 0
18 55 16 0
18 55 17 0
18 55 19 0
18 55 20 0
18 55 21 0
18 55 22 0
18 55 23 0
18 55 32 0
18 55 33 0
18 55 34 0
18 55 35 0
18 55 36 0
18 55 48 0
18 55 49 0
18 55 51 0
18 55 53 0
18 55 64 0
18 55 65 0
18 55 66 0
18 55 80 0
18 55 81 0
18 55 87 0
18 55 96 0
18 55 97 0
18 55 98 0
18 55 103 0
18 55 112 0
18 55 113 0
18 55 114 0
18 55 115 0
18 55 116 0
18 55 118 0
18 64 0 0
18 64 1 0
18 64 2 0
18 64 3 0
18 64 4 0
18 64 6 0
18 64 7 0
18 64 16 0
18 64 17 0
18 64 19 0
18 64 20 0
18 64 21 0
18 64 22 0
18 64 23 0
18 64 32 0
18 64 33 0
18 64 37 0
18 64 38 0
18 64 39 0
18 64 54 0
18 64 55 0
18 64 69 0
18 64 70 0
18 64 71 0
18 64 82 0
18 64 83 0
18 64 86 0
18 64 87 0
18 64 96 0
18 64 97 0
18 64 100 0
18 64 102 0
18 64 103 0
18 64 113 0
18 64 114 0
18 64 115 0
18 64 116 0
18 64 117 0
18 64 118 0
18 64 119 0
18 65 0 0
18 65 1 0
18 65 3 0
18 65 4 0
18 65 6 0
18 65 16 0
18 65 17 0
18 65 19 0
18 65 20 0
18 65 21 0
18 65 22 0
18 65 33 0
18 65 34 0
18 65 35 0
18 65 36 0
18 65 39 0
18 65 51 0
18 65 52 0
18 65 53 0
18 65 68 0
18 65 69 0
18 65 70 0
18 65 71 0
18 65 85 0
18 65 87 0
18 65 96 0
18 65 99 0
18 65 100 0
18 65 101 0
18 65 102 0
18 65 115 0
18 65 116 0
18 65 118 0
18 65 119 0
18 66 0 0
18 66 17 0
18 66 21 0
18 66 33 0
18 66 34 0
18 66 36 0
18 66 69 0
18 66 102 0
18 66 119 0
18 67 21 0
18 67 34 0
18 68 21 0
18 68 34 0
18 68 37 0
18 68 65 0
18 69 7 0
18 69 19 0
18 69 21 0
18 69 22 0
18 69 34 0
18 69 35 0
18 69 37 0
18 69 38 0
18 69 51 0
18 69 64 0
18 69 65 0
18 69 66 0
18 69 97 0
18 69 98 0
18 69 99 0
18 69 112 0
18 69 113 0
18 69 115 0
18 70 0 0
18 70 7 0
18 70 16 0
18 70 17 0
18 70 19 0
18 70 21 0
18 70 22 0
18 70 23 0
18 70 32 0
18 70 33 0
18 70 34 0
18 70 35 0
18 70 36 0
18 70 37 0
18 70 38 0
18 70 51 0
18 70 52 0
18 70 64 0
18 70 65 0
18 70 66 0
18 70 67 0
18 70 68 0
18 70 81 0
18 70 97 0
18 70 98 0
18 70 99 0
18 70 100 0
18 70 112 0
18 70 113 0
18 70 118 0
18 70 119 0
18 71 0 0
18 71 1 0
18 71 3 0
18 71 4 0
18 71 5 0
18 71 6 0
18 71 7 0
18 71 16 0
18 71 17 0
18 71 19 0
18 71 20 0
18 71 21 0
18 71 22 0
18 71 23 0
18 71 32 0
18 71 33 0
18 71 34 0
18 71 35 0
18 71 36 0
18 71 38 0
18 71 39 0
18 71 48 0
18 71 49 0
18 71 51 0
18 71 53 0
18 71 64 0
18 71 65 0
18 71 66 0
18 71 80 0
18 71 81 0
18 71 84 0
18 71 96 0
18 71 97 0
18 71 98 0
18 71 99 0
18 71 100 0
18 71 112 0
18 71 113 0
18 71 114 0
18 71 115 0
18 71 116 0
18 71 118 0
18 71 119 0
18 80 0 0
18 80 1 0
18 80 2 0
18 80 3 0
18 80 4 0
18 80 6 0
18 80 7 0
18 80 16 0
18 80 17 0
18 80 19 0
18 80 20 0
18 80 21 0
18 80 22 0
18 80 23 0
18 80 32 0
18 80 36 0
18 80 37 0
18 80 38 0
18 80 39 0
18 80 48 0
18 80 50 0
18 80 54 0
18 80 55 0
18 80 69 0
18 80 70 0
18 80 71 0
18 80 82 0
18 80 83 0
18 80 86 0
18 80 87 0
18 80 98 0
18 80 100 0
18 80 102 0
18 80 103 0
18 80 113 0
18 80 114 0
18 80 115 0
18 80 116 0
18 80 117 0
18 80 118 0
18 80 119 0
18 81 0 0
18 81 1 0
18 81 3 0
18 81 4 0
18 81 6 0
18 81 7 0
18 81 16 0
18 81 17 0
18 81 19 0
18 81 20 0
18 81 21 0
18 81 22 0
18 81 23 0
18 81 33 0
18 81 35 0
18 81 36 0
18 81 37 0
18 81 38 0
18 81 39 0
18 81 48 0
18 81 50 0
18 81 51 0
18 81 52 0
18 81 53 0
18 81 68 0
18 81 69 0
18 81 70 0
18 81 71 0
18 81 86 0
18 81 87 0
18 81 99 0
18 81 100 0
18 81 101 0
18 81 102 0
18 81 113 0
18 81 115 0
18 81 116 0
18 81 118 0
18 81 119 0
18 82 0 0
18 82 7 0
18 82 16 0
18 82 17 0
18 82 19 0
18 82 21 0
18 82 22 0
18 82 23 0
18 82 32 0
18 82 33 0
18 82 35 0
18 82 36 0
18 82 37 0
18 82 38 0
18 82 49 0
18 82 50 0
18 82 51 0
18 82 52 0
18 82 53 0
18 82 69 0
18 82 70 0
18 82 86 0
18 82 101 0
18 82 102 0
18 82 112 0
18 82 113 0
18 82 118 0
18 82 119 0
18 83 0 0
18 83 7 0
18 83 16 0
18 83 17 0
18 83 19 0
18 83 21 0
18 83 22 0
18 83 23 0
18 83 33 0
18 83 34 0
18 83 35 0
18 83 36 0
18 83 38 0
18 83 50 0
18 83 51 0
18 83 52 0
18 83 53 0
18 83 64 0
18 83 86 0
18 83 102 0
18 83 112 0
18 83 113 0
18 83 118 0
18 83 119 0
18 84 0 0
18 84 7 0
18 84 16 0
18 84 17 0
18 84 19 0
18 84 21 0
18 84 22 0
18 84 23 0
18 84 33 0
18 84 34 0
18 84 35 0
18 84 36 0
18 84 37 0
18 84 38 0
18 84 50 0
18 84 51 0
18 84 52 0
18 84 54 0
18 84 64 0
18 84 65 0
18 84 81 0
18 84 82 0
18 84 97 0
18 84 112 0
18 84 113 0
18 84 118 0
18 84 119 0
18 85 0 0
18 85 7 0
18 85 16 0
18 85 17 0
18 85 19 0
18 85 21 0
18 85 22 0
18 85 23 0
18 85 33 0
18 85 34 0
18 85 35 0
18 85 36 0
18 85 37 0
18 85 38 0
18 85 39 0
18 85 50 0
18 85 51 0
18 85 52 0
18 85 64 0
18 85 65 0
18 85 66 0
18 85 81 0
18 85 97 0
18 85 98 0
18 85 112 0
18 85 113 0
18 85 118 0
18 85 119 0
18 86 0 0
18 86 7 0
18 86 16 0
18 86 17 0
18 86 19 0
18 86 21 0
18 86 22 0
18 86 23 0
18 86 32 0
18 86 33 0
18 86 34 0
18 86 35 0
18 86 36 0
18 86 37 0
18 86 38 0
18 86 51 0
18 86 52 0
18 86 55 0
18 86 64 0
18 86 65 0
18 86 66 0
18 86 67 0
18 86 68 0
18 86 81 0
18 86 97 0
18 86 98 0
18 86 99 0
18 86 100 0
18 86 112 0
18 86 113 0
18 86 118 0
18 86 119 0
18 87 0 0
18 87 1 0
18 87 3 0
18 87 4 0
18 87 5 0
18 87 6 0
18 87 7 0
18 87 16 0
18 87 17 0
18 87 19 0
18 87 20 0
18 87 21 0
18 87 22 0
18 87 23 0
18 87 32 0
18 87 33 0
18 87 34 0
18 87 35 0
18 87 36 0
18 87 38 0
18 87 39 0
18 87 48 0
18 87 49 0
18 87 51 0
18 87 52 0
18 87 53 0
18 87 55 0
18 87 64 0
18 87 65 0
18 87 66 0
18 87 80 0
18 87 81 0
18 87 84 0
18 87 96 0
18 87 97 0
18 87 98 0
18 87 99 0
18 87 100 0
18 87 101 0
18 87 112 0
18 87 113 0
18 87 114 0
18 87 115 0
18 87 116 0
18 87 118 0
18 96 0 0
18 96 1 0
18 96 2 0
18 96 3 0
18 96 4 0
18 96 6 0
18 96 7 0
18 96 16 0
18 96 17 0
18 96 19 0
18 96 20 0
18 96 21 0
18 96 22 0
18 96 23 0
18 96 32 0
18 96 36 0
18 96 37 0
18 96 38 0
18 96 39 0
18 96 48 0
18 96 50 0
18 96 54 0
18 96 55 0
18 96 64 0
18 96 65 0
18 96 69 0
18 96 70 0
18 96 71 0
18 96 82 0
18 96 83 0
18 96 86 0
18 96 87 0
18 96 98 0
18 96 100 0
18 96 102 0
18 96 103 0
18 96 115 0
18 96 116 0
18 96 117 0
18 96 118 0
18 96 119 0
18 97 0 0
18 97 1 0
18 97 3 0
18 97 4 0
18 97 6 0
18 97 7 0
18 97 16 0
18 97 17 0
18 97 19 0
18 97 20 0
18 97 21 0
18 97 22 0
18 97 23 0
18 97 33 0
18 97 35 0
18 97 36 0
18 97 37 0
18 97 38 0
18 97 39 0
18 97 48 0
18 97 50 0
18 97 51 0
18 97 52 0
18 97 53 0
18 97 64 0
18 97 65 0
18 97 69 0
18 97 70 0
18 97 71 0
18 97 86 0
18 97 87 0
18 97 99 0
18 97 100 0
18 97 101 0
18 97 102 0
18 97 115 0
18 97 116 0
18 97 118 0
18 97 119 0
18 98 0 0
18 98 3 0
18 98 4 0
18 98 6 0
18 98 7 0
18 98 16 0
18 98 17 0
18 98 19 0
18 98 20 0
18 98 21 0
18 98 22 0
18 98 23 0
18 98 33 0
18 98 35 0
18 98 36 0
18 98 37 0
18 98 38 0
18 98 49 0
18 98 50 0
18 98 51 0
18 98 52 0
18 98 53 0
18 98 64 0
18 98 65 0
18 98 67 0
18 98 69 0
18 98 70 0
18 98 71 0
18 98 86 0
18 98 101 0
18 98 102 0
18 98 112 0
18 98 116 0
18 98 118 0
18 98 119 0
18 99 0 0
18 99 7 0
18 99 16 0
18 99 17 0
18 99 19 0
18 99 21 0
18 99 22 0
18 99 23 0
18 99 33 0
18 99 34 0
18 99 35 0
18 99 36 0
18 99 37 0
18 99 38 0
18 99 50 0
18 99 51 0
18 99 52 0
18 99 53 0
18 99 64 0
18 99 65 0
18 99 67 0
18 99 69 0
18 99 70 0
18 99 86 0
18 99 102 0
18 99 112 0
18 99 113 0
18 99 118 0
18 99 119 0
18 100 0 0
18 100 7 0
18 100 16 0
18 100 17 0
18 100 19 0
18 100 21 0
18 100 22 0
18 100 23 0
18 100 33 0
18 100 34 0
18 100 35 0
18 100 36 0
18 100 37 0
18 100 38 0
18 100 50 0
18 100 51 0
18 100 52 0
18 100 54 0
18 100 64 0
18 100 65 0
18 100 66 0
18 100 67 0
18 100 70 0
18 100 81 0
18 100 97 0
18 100 112 0
18 100 113 0
18 100 118 0
18 100 119 0
18 101 0 0
18 101 7 0
18 101 16 0
18 101 17 0
18 101 19 0
18 101 21 0
18 101 22 0
18 101 23 0
18 101 33 0
18 101 34 0
18 101 35 0
18 101 36 0
18 101 38 0
18 101 50 0
18 101 51 0
18 101 52 0
18 101 54 0
18 101 64 0
18 101 65 0
18 101 66 0
18 101 81 0
18 101 97 0
18 101 98 0
18 101 112 0
18 101 113 0
18 101 115 0
18 101 119 0
18 102 0 0
18 102 7 0
18 102 16 0
18 102 17 0
18 102 19 0
18 102 21 0
18 102 22 0
18 102 23 0
18 102 32 0
18 102 33 0
18 102 34 0
18 102 35 0
18 102 36 0
18 102 38 0
18 102 50 0
18 102 52 0
18 102 55 0
18 102 64 0
18 102 65 0
18 102 66 0
18 102 71 0
18 102 81 0
18 102 97 0
18 102 98 0
18 102 99 0
18 102 100 0
18 102 112 0
18 102 113 0
18 102 115 0
18 102 116 0
18 103 0 0
18 103 1 0
18 103 3 0
18 103 4 0
18 103 5 0
18 103 6 0
18 103 7 0
18 103 16 0
18 103 17 0
18 103 19 0
18 103 20 0
18 103 21 0
18 103 22 0
18 103 23 0
18 103 32 0
18 103 33 0
18 103 34 0
18 103 35 0
18 103 36 0
18 103 38 0
18 103 39 0
18 103 48 0
18 103 49 0
18 103 52 0
18 103 53 0
18 103 55 0
18 103 64 0
18 103 65 0
18 103 66 0
18 103 71 0
18 103 80 0
18 103 81 0
18 103 84 0
18 103 96 0
18 103 97 0
18 103 98 0
18 103 99 0
18 103 100 0
18 103 101 0
18 103 112 0
18 103 113 0
18 103 114 0
18 103 115 0
18 103 116 0
18 103 117 0
18 112 0 0
18 112 1 0
18 112 2 0
18 112 3 0
18 112 4 0
18 112 5 0
18 112 6 0
18 112 7 0
18 112 16 0
18 112 17 0
18 112 19 0
18 112 20 0
18 112 21 0
18 112 22 0
18 112 32 0
18 112 36 0
18 112 39 0
18 112 48 0
18 112 50 0
18 112 55 0
18 112 70 0
18 112 71 0
18 112 80 0
18 112 81 0
18 112 86 0
18 112 87 0
18 112 98 0
18 112 100 0
18 112 103 0
18 112 115 0
18 112 117 0
18 112 118 0
18 113 0 0
18 113 1 0
18 113 3 0
18 113 4 0
18 113 6 0
18 113 7 0
18 113 16 0
18 113 17 0
18 113 19 0
18 113 20 0
18 113 21 0
18 113 22 0
18 113 23 0
18 113 32 0
18 113 33 0
18 113 35 0
18 113 36 0
18 113 39 0
18 113 48 0
18 113 50 0
18 113 51 0
18 113 52 0
18 113 53 0
18 113 54 0
18 113 55 0
18 113 64 0
18 113 65 0
18 113 70 0
18 113 71 0
18 113 80 0
18 113 81 0
18 113 82 0
18 113 86 0
18 113 87 0
18 113 99 0
18 113 100 0
18 113 101 0
18 113 102 0
18 113 103 0
18 113 115 0
18 113 116 0
18 113 117 0
18 113 118 0
18 113 119 0
18 114 0 0
18 114 1 0
18 114 3 0
18 114 4 0
18 114 6 0
18 114 7 0
18 114 16 0
18 114 17 0
18 114 19 0
18 114 20 0
18 114 21 0
18 114 22 0
18 114 23 0
18 114 32 0
18 114 33 0
18 114 35 0
18 114 36 0
18 114 38 0
18 114 39 0
18 114 48 0
18 114 49 0
18 114 50 0
18 114 51 0
18 114 52 0
18 114 53 0
18 114 54 0
18 114 55 0
18 114 64 0
18 114 65 0
18 114 70 0
18 114 71 0
18 114 81 0
18 114 82 0
18 114 86 0
18 114 101 0
18 114 102 0
18 114 103 0
18 114 112 0
18 114 116 0
18 114 118 0
18 114 119 0
18 115 0 0
18 115 1 0
18 115 3 0
18 115 4 0
18 115 6 0
18 115 7 0
18 115 16 0
18 115 17 0
18 115 19 0
18 115 20 0
18 115 21 0
18 115 22 0
18 115 23 0
18 115 32 0
18 115 33 0
18 115 35 0
18 115 36 0
18 115 38 0
18 115 39 0
18 115 48 0
18 115 49 0
18 115 50 0
18 115 51 0
18 115 52 0
18 115 53 0
18 115 54 0
18 115 55 0
18 115 64 0
18 115 65 0
18 115 66 0
18 115 70 0
18 115 71 0
18 115 81 0
18 115 82 0
18 115 86 0
18 115 96 0
18 115 102 0
18 115 103 0
18 115 112 0
18 115 113 0
18 115 118 0
18 115 119 0
18 116 0 0
18 116 1 0
18 116 3 0
18 116 4 0
18 116 6 0
18 116 7 0
18 116 16 0
18 116 17 0
18 116 19 0
18 116 20 0
18 116 21 0
18 116 22 0
18 116 23 0
18 116 32 0
18 116 33 0
18 116 35 0
18 116 36 0
18 116 38 0
18 116 39 0
18 116 48 0
18 116 49 0
18 116 50 0
18 116 51 0
18 116 52 0
18 116 53 0
18 116 54 0
18 116 55 0
18 116 64 0
18 116 65 0
18 116 66 0
18 116 70 0
18 116 71 0
18 116 81 0
18 116 85 0
18 116 86 0
18 116 96 0
18 116 97 0
18 116 103 0
18 116 112 0
18 116 113 0
18 116 114 0
18 116 118 0
18 116 119 0
18 117 0 0
18 117 1 0
18 117 3 0
18 117 4 0
18 117 6 0
18 117 7 0
18 117 16 0
18 117 17 0
18 117 19 0
18 117 20 0
18 117 21 0
18 117 22 0
18 117 23 0
18 117 32 0
18 117 33 0
18 117 35 0
18 117 36 0
18 117 38 0
18 117 39 0
18 117 48 0
18 117 49 0
18 117 50 0
18 117 51 0
18 117 52 0
18 117 53 0
18 117 54 0
18 117 55 0
18 117 64 0
18 117 65 0
18 117 66 0
18 117 70 0
18 117 71 0
18 117 81 0
18 117 85 0
18 117 86 0
18 117 96 0
18 117 97 0
18 117 98 0
18 117 112 0
18 117 113 0
18 117 114 0
18 117 115 0
18 117 119 0
18 118 0 0
18 118 1 0
18 118 3 0
18 118 4 0
18 118 6 0
18 118 7 0
18 118 16 0
18 118 17 0
18 118 19 0
18 118 20 0
18 118 21 0
18 118 22 0
18 118 23 0
18 118 32 0
18 118 35 0
18 118 36 0
18 118 38 0
18 118 39 0
18 118 48 0
18 118 49 0
18 118 50 0
18 118 52 0
18 118 53 0
18 118 55 0
18 118 64 0
18 118 65 0
18 118 66 0
18 118 70 0
18 118 71 0
18 118 81 0
18 118 85 0
18 118 86 0
18 118 87 0
18 118 96 0
18 118 97 0
18 118 98 0
18 118 99 0
18 118 100 0
18 118 112 0
18 118 113 0
18 118 114 0
18 118 115 0
18 118 116 0
18 119 0 0
18 119 1 0
18 119 2 0
18 119 3 0
18 119 4 0
18 119 5 0
18 119 6 0
18 119 7 0
18 119 17 0
18 119 19 0
18 119 20 0
18 119 21 0
18 119 22 0
18 119 23 0
18 119 32 0
18 119 35 0
18 119 36 0
18 119 38 0
18 119 39 0
18 119 48 0
18 119 49 0
18 119 52 0
18 119 53 0
18 119 55 0
18 119 64 0
18 119 65 0
18 119 66 0
18 119 70 0
18 119 80 0
18 119 81 0
18 119 86 0
18 119 87 0
18 119 96 0
18 119 97 0
18 119 98 0
18 119 99 0
18 119 100 0
18 119 101 0
18 119 112 0
18 119 113 0
18 119 114 0
18 119 116 0
18 119 117 0
19 16 87 0
19 17 87 0
19 21 0 0
19 21 1 0
19 21 2 0
19 21 16 0
19 21 17 0
19 21 32 0
19 21 33 0
19 21 34 0
19 21 35 0
19 21 48 0
19 21 49 0
19 21 53 0
19 21 64 0
19 21 65 0
19 21 66 0
19 21 69 0
19 21 80 0
19 21 81 0
19 21 96 0
19 21 114 0
19 21 115 0
19 21 116 0
19 21 117 0
19 21 118 0
19 22 0 0
19 22 1 0
19 22 2 0
19 22 16 0
19 22 17 0
19 22 32 0
19 22 33 0
19 22 34 0
19 22 35 0
19 22 48 0
19 22 49 0
19 22 53 0
19 22 64 0
19 22 65 0
19 22 66 0
19 22 69 0
19 22 80 0
19 22 81 0
19 22 96 0
19 22 114 0
19 22 115 0
19 22 116 0
19 22 117 0
19 22 118 0
19 23 96 0
19 32 0 0
19 32 1 0
19 32 2 0
19 32 3 0
19 32 4 0
19 32 5 0
19 32 7 0
19 32 20 0
19 32 22 0
19 32 37 0
19 32 39 0
19 32 54 0
19 32 55 0
19 32 70 0
19 32 71 0
19 32 86 0
19 32 87 0
19 32 102 0
19 32 103 0
19 32 115 0
19 32 119 0
19 33 0 0
19 33 1 0
19 33 3 0
19 33 5 0
19 33 6 0
19 33 7 0
19 33 18 0
19 33 20 0
19 33 21 0
19 33 22 0
19 33 23 0
19 33 34 0
19 33 37 0
19 33 38 0
19 33 39 0
19 33 51 0
19 33 54 0
19 33 55 0
19 33 66 0
19 33 69 0
19 33 70 0
19 33 71 0
19 33 82 0
19 33 86 0
19 33 87 0
19 33 96 0
19 33 99 0
19 33 102 0
19 33 103 0
19 33 113 0
19 33 114 0
19 33 115 0
19 33 116 0
19 33 117 0
19 33 119 0
19 37 7 0
19 37 34 0
19 37 48 0
19 37 49 0
19 37 51 0
19 37 64 0
19 37 65 0
19 37 66 0
19 37 68 0
19 37 69 0
19 37 85 0
19 37 96 0
19 37 97 0
19 37 98 0
19 37 99 0
19 37 100 0
19 37 101 0
19 37 103 0
19 37 112 0
19 37 113 0
19 37 115 0
19 37 116 0
19 38 0 0
19 38 5 0
19 38 7 0
19 38 16 0
19 38 17 0
19 38 32 0
19 38 33 0
19 38 34 0
19 38 35 0
19 38 48 0
19 38 49 0
19 38 52 0
19 38 64 0
19 38 65 0
19 38 66 0
19 38 69 0
19 38 80 0
19 38 81 0
19 38 85 0
19 38 96 0
19 38 97 0
19 38 100 0
19 38 103 0
19 38 112 0
19 38 114 0
19 38 115 0
19 38 116 0
19 38 117 0
19 38 118 0
19 39 0 0
19 39 4 0
19 39 5 0
19 39 6 0
19 39 7 0
19 39 17 0
19 39 32 0
19 39 34 0
19 39 48 0
19 39 49 0
19 39 64 0
19 39 65 0
19 39 80 0
19 39 81 0
19 39 96 0
19 39 97 0
19 39 112 0
19 39 116 0
19 48 0 0
19 48 1 0
19 48 2 0
19 48 3 0
19 48 4 0
19 48 5 0
19 48 6 0
19 48 7 0
19 48 16 0
19 48 17 0
19 48 18 0
19 48 20 0
19 48 21 0
19 48 22 0
19 48 23 0
19 48 37 0
19 48 38 0
19 48 39 0
19 48 54 0
19 48 55 0
19 48 66 0
19 48 69 0
19 48 70 0
19 48 71 0
19 48 80 0
19 48 81 0
19 48 86 0
19 48 87 0
19 48 102 0
19 48 103 0
19 48 113 0
19 48 114 0
19 48 115 0
19 48 118 0
19 48 119 0
19 49 0 0
19 49 1 0
19 49 3 0
19 49 6 0
19 49 7 0
19 49 16 0
19 49 17 0
19 49 18 0
19 49 20 0
19 49 21 0
19 49 22 0
19 49 23 0
19 49 34 0
19 49 37 0
19 49 38 0
19 49 39 0
19 49 51 0
19 49 68 0
19 49 69 0
19 49 70 0
19 49 71 0
19 49 80 0
19 49 81 0
19 49 86 0
19 49 87 0
19 49 96 0
19 49 98 0
19 49 99 0
19 49 102 0
19 49 113 0
19 49 115 0
19 49 116 0
19 49 117 0
19 49 118 0
19 49 119 0
19 50 0 0
19 50 6 0
19 50 17 0
19 50 18 0
19 50 20 0
19 50 21 0
19 50 37 0
19 50 52 0
19 50 69 0
19 50 70 0
19 50 71 0
19 50 81 0
19 50 100 0
19 50 102 0
19 50 115 0
19 50 116 0
19 50 118 0
19 50 119 0
19 51 1 0
19 51 7 0
19 51 18 0
19 51 21 0
19 51 22 0
19 51 34 0
19 51 35 0
19 51 37 0
19 51 38 0
19 51 49 0
19 51 64 0
19 51 70 0
19 51 86 0
19 51 97 0
19 51 98 0
19 51 101 0
19 51 112 0
19 51 113 0
19 51 115 0
19 51 116 0
19 52 0 0
19 52 17 0
19 52 20 0
19 52 21 0
19 52 33 0
19 52 34 0
19 52 36 0
19 52 65 0
19 52 71 0
19 52 81 0
19 52 102 0
19 52 115 0
19 52 116 0
19 52 118 0
19 52 119 0
19 53 1 0
19 53 7 0
19 53 18 0
19 53 21 0
19 53 22 0
19 53 34 0
19 53 35 0
19 53 51 0
19 53 64 0
19 53 65 0
19 53 66 0
19 53 86 0
19 53 97 0
19 53 98 0
19 53 99 0
19 53 101 0
19 53 112 0
19 53 113 0
19 53 115 0
19 53 116 0
19 54 0 0
19 54 5 0
19 54 7 0
19 54 16 0
19 54 17 0
19 54 20 0
19 54 21 0
19 54 22 0
19 54 23 0
19 54 32 0
19 54 33 0
19 54 34 0
19 54 35 0
19 54 36 0
19 54 52 0
19 54 64 0
19 54 65 0
19 54 66 0
19 54 67 0
19 54 68 0
19 54 80 0
19 54 81 0
19 54 86 0
19 54 87 0
19 54 97 0
19 54 100 0
19 54 101 0
19 54 103 0
19 54 112 0
19 54 113 0
19 54 114 0
19 54 115 0
19 54 116 0
19 54 118 0
19 55 0 0
19 55 1 0
19 55 3 0
19 55 4 0
19 55 5 0
19 55 6 0
19 55 7 0
19 55 16 0
19 55 17 0
19 55 18 0
19 55 20 0
19 55 21 0
19 55 22 0
19 55 23 0
19 55 32 0
19 55 33 0
19 55 34 0
19 55 36 0
19 55 48 0
19 55 49 0
19 55 64 0
19 55 65 0
19 55 66 0
19 55 69 0
19 55 80 0
19 55 81 0
19 55 86 0
19 55 87 0
19 55 96 0
19 55 97 0
19 55 112 0
19 55 113 0
19 55 114 0
19 55 116 0
19 55 117 0
19 55 118 0
19 64 0 0
19 64 1 0
19 64 2 0
19 64 3 0
19 64 4 0
19 64 6 0
19 64 7 0
19 64 16 0
19 64 17 0
19 64 18 0
19 64 20 0
19 64 21 0
19 64 22 0
19 64 23 0
19 64 32 0
19 64 33 0
19 64 37 0
19 64 38 0
19 64 39 0
19 64 54 0
19 64 55 0
19 64 66 0
19 64 69 0
19 64 70 0
19 64 71 0
19 64 82 0
19 64 83 0
19 64 86 0
19 64 87 0
19 64 96 0
19 64 97 0
19 64 100 0
19 64 102 0
19 64 103 0
19 64 113 0
19 64 114 0
19 64 115 0
19 64 116 0
19 64 117 0
19 64 118 0
19 64 119 0
19 65 0 0
19 65 1 0
19 65 3 0
19 65 6 0
19 65 7 0
19 65 16 0
19 65 17 0
19 65 18 0
19 65 20 0
19 65 21 0
19 65 22 0
19 65 23 0
19 65 33 0
19 65 34 0
19 65 35 0
19 65 36 0
19 65 37 0
19 65 38 0
19 65 39 0
19 65 51 0
19 65 68 0
19 65 69 0
19 65 70 0
19 65 71 0
19 65 86 0
19 65 87 0
19 65 96 0
19 65 97 0
19 65 99 0
19 65 100 0
19 65 101 0
19 65 102 0
19 65 113 0
19 65 115 0
19 65 116 0
19 65 118 0
19 65 119 0
19 66 0 0
19 66 6 0
19 66 17 0
19 66 18 0
19 66 20 0
19 66 21 0
19 66 33 0
19 66 34 0
19 66 36 0
19 66 37 0
19 66 52 0
19 66 69 0
19 66 70 0
19 66 71 0
19 66 100 0
19 66 102 0
19 66 116 0
19 66 118 0
19 66 119 0
19 67 18 0
19 67 21 0
19 67 34 0
19 67 37 0
19 67 70 0
19 68 21 0
19 68 34 0
19 68 37 0
19 68 65 0
19 69 7 0
19 69 21 0
19 69 22 0
19 69 34 0
19 69 35 0
19 69 37 0
19 69 38 0
19 69 51 0
19 69 64 0
19 69 65 0
19 69 66 0
19 69 97 0
19 69 98 0
19 69 99 0
19 69 112 0
19 69 113 0
19 69 115 0
19 70 0 0
19 70 7 0
19 70 16 0
19 70 17 0
19 70 20 0
19 70 21 0
19 70 22 0
19 70 23 0
19 70 32 0
19 70 33 0
19 70 34 0
19 70 35 0
19 70 36 0
19 70 37 0
19 70 38 0
19 70 52 0
19 70 64 0
19 70 65 0
19 70 66 0
19 70 67 0
19 70 68 0
19 70 80 0
19 70 81 0
19 70 97 0
19 70 98 0
19 70 99 0
19 70 100 0
19 70 102 0
19 70 103 0
19 70 112 0
19 70 113 0
19 70 115 0
19 70 116 0
19 70 118 0
19 71 0 0
19 71 1 0
19 71 3 0
19 71 4 0
19 71 5 0
19 71 6 0
19 71 7 0
19 71 16 0
19 71 17 0
19 71 18 0
19 71 20 0
19 71 21 0
19 71 22 0
19 71 23 0
19 71 32 0
19 71 33 0
19 71 34 0
19 71 36 0
19 71 38 0
19 71 39 0
19 71 48 0
19 71 49 0
19 71 64 0
19 71 65 0
19 71 66 0
19 71 69 0
19 71 80 0
19 71 81 0
19 71 84 0
19 71 85 0
19 71 96 0
19 71 97 0
19 71 99 0
19 71 102 0
19 71 103 0
19 71 112 0
19 71 113 0
19 71 114 0
19 71 115 0
19 71 116 0
19 71 117 0
19 71 118 0
19 80 0 0
19 80 1 0
19 80 2 0
19 80 3 0
19 80 4 0
19 80 6 0
19 80 7 0
19 80 16 0
19 80 17 0
19 80 18 0
19 80 20 0
19 80 21 0
19 80 22 0
19 80 23 0
19 80 32 0
19 80 36 0
19 80 37 0
19 80 38 0
19 80 39 0
19 80 48 0
19 80 50 0
19 80 54 0
19 80 55 0
19 80 66 0
19 80 69 0
19 80 70 0
19 80 71 0
19 80 82 0
19 80 83 0
19 80 86 0
19 80 87 0
19 80 98 0
19 80 100 0
19 80 102 0
19 80 103 0
19 80 113 0
19 80 114 0
19 80 115 0
19 80 116 0
19 80 117 0
19 80 118 0
19 80 119 0
19 81 0 0
19 81 1 0
19 81 3 0
19 81 4 0
19 81 6 0
19 81 7 0
19 81 16 0
19 81 17 0
19 81 18 0
19 81 20 0
19 81 21 0
19 81 22 0
19 81 23 0
19 81 33 0
19 81 35 0
19 81 36 0
19 81 37 0
19 81 38 0
19 81 39 0
19 81 48 0
19 81 50 0
19 81 51 0
19 81 68 0
19 81 69 0
19 81 70 0
19 81 71 0
19 81 86 0
19 81 87 0
19 81 99 0
19 81 100 0
19 81 101 0
19 81 102 0
19 81 113 0
19 81 115 0
19 81 116 0
19 81 118 0
19 81 119 0
19 82 0 0
19 82 3 0
19 82 4 0
19 82 6 0
19 82 7 0
19 82 16 0
19 82 17 0
19 82 18 0
19 82 20 0
19 82 21 0
19 82 22 0
19 82 23 0
19 82 32 0
19 82 33 0
19 82 35 0
19 82 36 0
19 82 37 0
19 82 38 0
19 82 49 0
19 82 50 0
19 82 51 0
19 82 52 0
19 82 53 0
19 82 69 0
19 82 70 0
19 82 71 0
19 82 86 0
19 82 101 0
19 82 102 0
19 82 112 0
19 82 113 0
19 82 116 0
19 82 118 0
19 82 119 0
19 83 0 0
19 83 1 0
19 83 3 0
19 83 7 0
19 83 16 0
19 83 17 0
19 83 18 0
19 83 20 0
19 83 21 0
19 83 22 0
19 83 23 0
19 83 33 0
19 83 34 0
19 83 35 0
19 83 36 0
19 83 38 0
19 83 49 0
19 83 50 0
19 83 51 0
19 83 52 0
19 83 53 0
19 83 64 0
19 83 70 0
19 83 71 0
19 83 85 0
19 83 86 0
19 83 102 0
19 83 112 0
19 83 113 0
19 83 118 0
19 83 119 0
19 84 0 0
19 84 3 0
19 84 4 0
19 84 6 0
19 84 7 0
19 84 16 0
19 84 17 0
19 84 18 0
19 84 20 0
19 84 21 0
19 84 22 0
19 84 23 0
19 84 33 0
19 84 35 0
19 84 36 0
19 84 37 0
19 84 38 0
19 84 50 0
19 84 51 0
19 84 52 0
19 84 53 0
19 84 54 0
19 84 64 0
19 84 65 0
19 84 71 0
19 84 81 0
19 84 82 0
19 84 97 0
19 84 112 0
19 84 113 0
19 84 118 0
19 84 119 0
19 85 0 0
19 85 1 0
19 85 3 0
19 85 7 0
19 85 16 0
19 85 17 0
19 85 18 0
19 85 20 0
19 85 21 0
19 85 22 0
19 85 23 0
19 85 33 0
19 85 34 0
19 85 35 0
19 85 36 0
19 85 38 0
19 85 39 0
19 85 50 0
19 85 51 0
19 85 52 0
19 85 53 0
19 85 64 0
19 85 65 0
19 85 66 0
19 85 81 0
19 85 97 0
19 85 98 0
19 85 112 0
19 85 113 0
19 85 115 0
19 85 118 0
19 85 119 0
19 86 0 0
19 86 1 0
19 86 3 0
19 86 4 0
19 86 6 0
19 86 7 0
19 86 16 0
19 86 17 0
19 86 18 0
19 86 20 0
19 86 21 0
19 86 22 0
19 86 23 0
19 86 32 0
19 86 33 0
19 86 34 0
19 86 35 0
19 86 36 0
19 86 38 0
19 86 52 0
19 86 53 0
19 86 55 0
19 86 64 0
19 86 65 0
19 86 66 0
19 86 67 0
19 86 68 0
19 86 80 0
19 86 81 0
19 86 97 0
19 86 98 0
19 86 99 0
19 86 100 0
19 86 112 0
19 86 113 0
19 86 115 0
19 86 116 0
19 86 118 0
19 87 0 0
19 87 1 0
19 87 3 0
19 87 4 0
19 87 5 0
19 87 6 0
19 87 7 0
19 87 16 0
19 87 17 0
19 87 18 0
19 87 20 0
19 87 21 0
19 87 22 0
19 87 23 0
19 87 32 0
19 87 33 0
19 87 34 0
19 87 35 0
19 87 36 0
19 87 39 0
19 87 48 0
19 87 49 0
19 87 53 0
19 87 55 0
19 87 64 0
19 87 65 0
19 87 66 0
19 87 69 0
19 87 80 0
19 87 81 0
19 87 84 0
19 87 85 0
19 87 96 0
19 87 97 0
19 87 99 0
19 87 101 0
19 87 112 0
19 87 113 0
19 87 114 0
19 87 115 0
19 87 116 0
19 87 117 0
19 87 118 0
19 96 0 0
19 96 1 0
19 96 2 0
19 96 3 0
19 96 4 0
19 96 6 0
19 96 7 0
19 96 16 0
19 96 17 0
19 96 18 0
19 96 20 0
19 96 21 0
19 96 22 0
19 96 23 0
19 96 32 0
19 96 36 0
19 96 37 0
19 96 38 0
19 96 39 0
19 96 48 0
19 96 50 0
19 96 54 0
19 96 55 0
19 96 64 0
19 96 65 0
19 96 69 0
19 96 70 0
19 96 71 0
19 96 82 0
19 96 83 0
19 96 86 0
19 96 87 0
19 96 98 0
19 96 100 0
19 96 102 0
19 96 103 0
19 96 115 0
19 96 116 0
19 96 117 0
19 96 118 0
19 96 119 0
19 97 0 0
19 97 1 0
19 97 3 0
19 97 4 0
19 97 6 0
19 97 7 0
19 97 16 0
19 97 17 0
19 97 18 0
19 97 20 0
19 97 21 0
19 97 22 0
19 97 23 0
19 97 33 0
19 97 35 0
19 97 36 0
19 97 37 0
19 97 38 0
19 97 39 0
19 97 48 0
19 97 50 0
19 97 51 0
19 97 53 0
19 97 64 0
19 97 65 0
19 97 69 0
19 97 70 0
19 97 71 0
19 97 86 0
19 97 87 0
19 97 99 0
19 97 100 0
19 97 101 0
19 97 102 0
19 97 115 0
19 97 116 0
19 97 118 0
19 97 119 0
19 98 0 0
19 98 3 0
19 98 4 0
19 98 6 0
19 98 7 0
19 98 16 0
19 98 17 0
19 98 18 0
19 98 20 0
19 98 21 0
19 98 22 0
19 98 23 0
19 98 33 0
19 98 35 0
19 98 36 0
19 98 37 0
19 98 38 0
19 98 49 0
19 98 50 0
19 98 51 0
19 98 52 0
19 98 53 0
19 98 64 0
19 98 65 0
19 98 67 0
19 98 69 0
19 98 70 0
19 98 71 0
19 98 86 0
19 98 101 0
19 98 102 0
19 98 112 0
19 98 116 0
19 98 118 0
19 98 119 0
19 99 0 0
19 99 3 0
19 99 7 0
19 99 16 0
19 99 17 0
19 99 18 0
19 99 20 0
19 99 21 0
19 99 22 0
19 99 23 0
19 99 33 0
19 99 34 0
19 99 35 0
19 99 36 0
19 99 37 0
19 99 38 0
19 99 49 0
19 99 50 0
19 99 51 0
19 99 52 0
19 99 53 0
19 99 64 0
19 99 65 0
19 99 67 0
19 99 68 0
19 99 69 0
19 99 70 0
19 99 71 0
19 99 86 0
19 99 102 0
19 99 112 0
19 99 113 0
19 99 118 0
19 99 119 0
19 100 0 0
19 100 3 0
19 100 7 0
19 100 16 0
19 100 17 0
19 100 18 0
19 100 20 0
19 100 21 0
19 100 22 0
19 100 23 0
19 100 33 0
19 100 34 0
19 100 35 0
19 100 36 0
19 100 37 0
19 100 38 0
19 100 50 0
19 100 51 0
19 100 52 0
19 100 53 0
19 100 54 0
19 100 64 0
19 100 65 0
19 100 66 0
19 100 67 0
19 100 68 0
19 100 70 0
19 100 71 0
19 100 81 0
19 100 97 0
19 100 112 0
19 100 113 0
19 100 118 0
19 100 119 0
19 101 0 0
19 101 1 0
19 101 3 0
19 101 7 0
19 101 16 0
19 101 17 0
19 101 18 0
19 101 20 0
19 101 21 0
19 101 22 0
19 101 23 0
19 101 33 0
19 101 34 0
19 101 35 0
19 101 36 0
19 101 38 0
19 101 50 0
19 101 51 0
19 101 52 0
19 101 53 0
19 101 54 0
19 101 64 0
19 101 65 0
19 101 66 0
19 101 68 0
19 101 70 0
19 101 71 0
19 101 81 0
19 101 97 0
19 101 98 0
19 101 112 0
19 101 113 0
19 101 115 0
19 101 119 0
19 102 0 0
19 102 1 0
19 102 3 0
19 102 4 0
19 102 6 0
19 102 7 0
19 102 16 0
19 102 17 0
19 102 18 0
19 102 20 0
19 102 21 0
19 102 22 0
19 102 23 0
19 102 32 0
19 102 33 0
19 102 34 0
19 102 35 0
19 102 36 0
19 102 38 0
19 102 50 0
19 102 52 0
19 102 53 0
19 102 55 0
19 102 64 0
19 102 65 0
19 102 66 0
19 102 70 0
19 102 71 0
19 102 80 0
19 102 81 0
19 102 97 0
19 102 98 0
19 102 99 0
19 102 100 0
19 102 112 0
19 102 113 0
19 102 115 0
19 102 116 0
19 103 0 0
19 103 1 0
19 103 3 0
19 103 4 0
19 103 5 0
19 103 6 0
19 103 7 0
19 103 16 0
19 103 17 0
19 103 18 0
19 103 20 0
19 103 21 0
19 103 22 0
19 103 23 0
19 103 32 0
19 103 33 0
19 103 34 0
19 103 35 0
19 103 36 0
19 103 39 0
19 103 48 0
19 103 49 0
19 103 53 0
19 103 55 0
19 103 64 0
19 103 65 0
19 103 66 0
19 103 70 0
19 103 71 0
19 103 80 0
19 103 81 0
19 103 84 0
19 103 85 0
19 103 96 0
19 103 97 0
19 103 99 0
19 103 101 0
19 103 112 0
19 103 113 0
19 103 114 0
19 103 115 0
19 103 116 0
19 112 0 0
19 112 1 0
19 112 2 0
19 112 3 0
19 112 4 0
19 112 5 0
19 112 6 0
19 112 7 0
19 112 16 0
19 112 17 0
19 112 18 0
19 112 20 0
19 112 21 0
19 112 22 0
19 112 32 0
19 112 36 0
19 112 39 0
19 112 48 0
19 112 50 0
19 112 55 0
19 112 70 0
19 112 71 0
19 112 80 0
19 112 81 0
19 112 86 0
19 112 87 0
19 112 98 0
19 112 100 0
19 112 103 0
19 112 115 0
19 112 117 0
19 112 118 0
19 113 0 0
19 113 1 0
19 113 3 0
19 113 4 0
19 113 6 0
19 113 7 0
19 113 16 0
19 113 17 0
19 113 18 0
19 113 20 0
19 113 21 0
19 113 22 0
19 113 23 0
19 113 32 0
19 113 33 0
19 113 35 0
19 113 36 0
19 113 39 0
19 113 48 0
19 113 50 0
19 113 51 0
19 113 53 0
19 113 54 0
19 113 55 0
19 113 64 0
19 113 65 0
19 113 70 0
19 113 71 0
19 113 80 0
19 113 81 0
19 113 82 0
19 113 86 0
19 113 87 0
19 113 99 0
19 113 100 0
19 113 101 0
19 113 102 0
19 113 103 0
19 113 115 0
19 113 116 0
19 113 117 0
19 113 118 0
19 113 119 0
19 114 0 0
19 114 1 0
19 114 3 0
19 114 4 0
19 114 6 0
19 114 7 0
19 114 16 0
19 114 17 0
19 114 18 0
19 114 20 0
19 114 21 0
19 114 22 0
19 114 23 0
19 114 32 0
19 114 33 0
19 114 35 0
19 114 36 0
19 114 38 0
19 114 39 0
19 114 48 0
19 114 49 0
19 114 50 0
19 114 51 0
19 114 52 0
19 114 53 0
19 114 54 0
19 114 55 0
19 114 64 0
19 114 65 0
19 114 70 0
19 114 71 0
19 114 81 0
19 114 82 0
19 114 86 0
19 114 101 0
19 114 102 0
19 114 103 0
19 114 112 0
19 114 116 0
19 114 117 0
19 114 118 0
19 114 119 0
19 115 0 0
19 115 1 0
19 115 3 0
19 115 4 0
19 115 6 0
19 115 7 0
19 115 16 0
19 115 17 0
19 115 18 0
19 115 20 0
19 115 21 0
19 115 22 0
19 115 23 0
19 115 32 0
19 115 33 0
19 115 35 0
19 115 36 0
19 115 38 0
19 115 39 0
19 115 48 0
19 115 49 0
19 115 50 0
19 115 51 0
19 115 52 0
19 115 53 0
19 115 54 0
19 115 55 0
19 115 64 0
19 115 65 0
19 115 70 0
19 115 71 0
19 115 81 0
19 115 82 0
19 115 86 0
19 115 96 0
19 115 102 0
19 115 103 0
19 115 112 0
19 115 113 0
19 115 117 0
19 115 118 0
19 115 119 0
19 116 0 0
19 116 1 0
19 116 3 0
19 116 4 0
19 116 6 0
19 116 7 0
19 116 16 0
19 116 17 0
19 116 18 0
19 116 20 0
19 116 21 0
19 116 22 0
19 116 23 0
19 116 32 0
19 116 33 0
19 116 35 0
19 116 36 0
19 116 38 0
19 116 39 0
19 116 48 0
19 116 49 0
19 116 50 0
19 116 51 0
19 116 52 0
19 116 53 0
19 116 54 0
19 116 55 0
19 116 64 0
19 116 65 0
19 116 70 0
19 116 71 0
19 116 81 0
19 116 85 0
19 116 86 0
19 116 96 0
19 116 97 0
19 116 103 0
19 116 112 0
19 116 113 0
19 116 114 0
19 116 118 0
19 116 119 0
19 117 0 0
19 117 1 0
19 117 3 0
19 117 4 0
19 117 6 0
19 117 7 0
19 117 16 0
19 117 17 0
19 117 18 0
19 117 20 0
19 117 21 0
19 117 22 0
19 117 23 0
19 117 32 0
19 117 33 0
19 117 35 0
19 117 36 0
19 117 38 0
19 117 39 0
19 117 48 0
19 117 49 0
19 117 50 0
19 117 51 0
19 117 52 0
19 117 53 0
19 117 54 0
19 117 55 0
19 117 64 0
19 117 65 0
19 117 70 0
19 117 71 0
19 117 81 0
19 117 85 0
19 117 86 0
19 117 96 0
19 117 97 0
19 117 98 0
19 117 112 0
19 117 113 0
19 117 114 0
19 117 115 0
19 117 119 0
19 118 0 0
19 118 1 0
19 118 3 0
19 118 4 0
19 118 6 0
19 118 7 0
19 118 16 0
19 118 17 0
19 118 18 0
19 118 20 0
19 118 21 0
19 118 22 0
19 118 23 0
19 118 32 0
19 118 35 0
19 118 36 0
19 118 38 0
19 118 39 0
19 118 48 0
19 118 49 0
19 118 50 0
19 118 52 0
19 118 53 0
19 118 55 0
19 118 64 0
19 118 65 0
19 118 70 0
19 118 71 0
19 118 80 0
19 118 81 0
19 118 85 0
19 118 86 0
19 118 87 0
19 118 96 0
19 118 97 0
19 118 98 0
19 118 99 0
19 118 100 0
19 118 112 0
19 118 113 0
19 118 114 0
19 118 115 0
19 118 116 0
19 119 0 0
19 119 1 0
19 119 2 0
19 119 3 0
19 119 4 0
19 119 5 0
19 119 6 0
19 119 7 0
19 119 17 0
19 119 18 0
19 119 20 0
19 119 21 0
19 119 22 0
19 119 23 0
19 119 32 0
19 119 35 0
19 119 36 0
19 119 39 0
19 119 48 0
19 119 53 0
19 119 55 0
19 119 64 0
19 119 65 0
19 119 80 0
19 119 81 0
19 119 86 0
19 119 87 0
19 119 96 0
19 119 99 0
19 119 101 0
19 119 113 0
19 119 114 0
19 119 116 0
34 20 38 0
34 20 53 0
34 21 53 0
34 22 53 0
34 36 0 0
34 36 2 0
34 36 4 0
34 36 6 0
34 36 23 0
34 36 38 0
34 36 48 0
34 36 49 0
34 36 50 0
34 36 69 0
34 36 71 0
34 36 87 0
34 36 96 0
34 36 98 0
34 36 99 0
34 36 100 0
34 36 102 0
34 36 113 0
34 36 115 0
34 36 116 0
34 36 119 0
34 37 0 0
34 37 2 0
34 37 4 0
34 37 6 0
34 37 23 0
34 37 48 0
34 37 49 0
34 37 50 0
34 37 69 0
34 37 71 0
34 37 87 0
34 37 96 0
34 37 98 0
34 37 99 0
34 37 100 0
34 37 102 0
34 37 113 0
34 37 115 0
34 37 116 0
34 37 119 0
34 38 0 0
34 38 69 0
34 39 0 0
34 52 0 0
34 52 1 0
34 52 2 0
34 52 3 0
34 52 4 0
34 52 5 0
34 52 6 0
34 52 7 0
34 52 16 0
34 52 17 0
34 52 18 0
34 52 19 0
34 52 20 0
34 52 21 0
34 52 22 0
34 52 23 0
34 52 33 0
34 52 35 0
34 52 38 0
34 52 49 0
34 52 55 0
34 52 64 0
34 52 65 0
34 52 66 0
34 52 70 0
34 52 71 0
34 52 80 0
34 52 81 0
34 52 83 0
34 52 84 0
34 52 85 0
34 52 86 0
34 52 87 0
34 52 96 0
34 52 97 0
34 52 100 0
34 52 102 0
34 52 103 0
34 52 112 0
34 52 113 0
34 52 115 0
34 52 116 0
34 52 118 0
34 52 119 0
34 53 0 0
34 53 1 0
34 53 2 0
34 53 4 0
34 53 5 0
34 53 6 0
34 53 7 0
34 53 16 0
34 53 17 0
34 53 18 0
34 53 19 0
34 53 20 0
34 53 21 0
34 53 22 0
34 53 23 0
34 53 33 0
34 53 48 0
34 53 49 0
34 53 50 0
34 53 64 0
34 53 65 0
34 53 66 0
34 53 71 0
34 53 80 0
34 53 81 0
34 53 84 0
34 53 85 0
34 53 87 0
34 53 96 0
34 53 97 0
34 53 98 0
34 53 99 0
34 53 100 0
34 53 102 0
34 53 103 0
34 53 112 0
34 53 113 0
34 53 115 0
34 53 116 0
34 53 118 0
34 53 119 0
34 54 0 0
34 54 2 0
34 54 5 0
34 54 17 0
34 54 21 0
34 54 32 0
34 54 80 0
34 54 81 0
34 54 85 0
34 54 117 0
34 55 0 0
34 65 0 0
34 65 1 0
34 65 5 0
34 65 16 0
34 65 17 0
34 65 18 0
34 65 50 0
34 65 83 0
34 65 98 0
34 65 102 0
34 65 103 0
34 65 116 0
34 65 119 0
34 66 0 0
34 66 1 0
34 66 2 0
34 66 3 0
34 66 4 0
34 66 5 0
34 66 6 0
34 66 17 0
34 66 18 0
34 66 19 0
34 66 20 0
34 66 21 0
34 66 23 0
34 66 32 0
34 66 35 0
34 66 36 0
34 66 38 0
34 66 54 0
34 66 55 0
34 66 64 0
34 66 68 0
34 66 69 0
34 66 70 0
34 66 71 0
34 66 80 0
34 66 84 0
34 66 86 0
34 66 87 0
34 66 96 0
34 66 98 0
34 66 102 0
34 66 103 0
34 66 113 0
34 66 115 0
34 66 116 0
34 66 117 0
34 66 119 0
34 67 0 0
34 67 1 0
34 67 2 0
34 67 4 0
34 67 5 0
34 67 6 0
34 67 7 0
34 67 16 0
34 67 17 0
34 67 18 0
34 67 19 0
34 67 20 0
34 67 21 0
34 67 22 0
34 67 23 0
34 67 33 0
34 67 36 0
34 67 48 0
34 67 49 0
34 67 50 0
34 67 53 0
34 67 64 0
34 67 65 0
34 67 69 0
34 67 70 0
34 67 71 0
34 67 80 0
34 67 81 0
34 67 85 0
34 67 87 0
34 67 96 0
34 67 97 0
34 67 98 0
34 67 102 0
34 67 103 0
34 67 112 0
34 67 113 0
34 67 115 0
34 67 116 0
34 67 118 0
34 67 119 0
34 68 0 0
34 68 1 0
34 68 2 0
34 68 4 0
34 68 5 0
34 68 6 0
34 68 17 0
34 68 18 0
34 68 19 0
34 68 20 0
34 68 21 0
34 68 23 0
34 68 32 0
34 68 35 0
34 68 36 0
34 68 37 0
34 68 38 0
34 68 49 0
34 68 50 0
34 68 64 0
34 68 65 0
34 68 66 0
34 68 70 0
34 68 71 0
34 68 80 0
34 68 81 0
34 68 82 0
34 68 86 0
34 68 87 0
34 68 96 0
34 68 98 0
34 68 102 0
34 68 103 0
34 68 113 0
34 68 115 0
34 68 116 0
34 68 119 0
34 69 0 0
34 69 1 0
34 69 2 0
34 69 4 0
34 69 5 0
34 69 6 0
34 69 7 0
34 69 16 0
34 69 17 0
34 69 18 0
34 69 19 0
34 69 20 0
34 69 21 0
34 69 22 0
34 69 23 0
34 69 33 0
34 69 36 0
34 69 37 0
34 69 48 0
34 69 49 0
34 69 50 0
34 69 64 0
34 69 65 0
34 69 66 0
34 69 71 0
34 69 80 0
34 69 81 0
34 69 83 0
34 69 87 0
34 69 96 0
34 69 97 0
34 69 98 0
34 69 99 0
34 69 102 0
34 69 103 0
34 69 112 0
34 69 113 0
34 69 115 0
34 69 116 0
34 69 118 0
34 69 119 0
34 70 0 0
34 70 2 0
34 70 5 0
34 70 17 0
34 70 32 0
34 70 37 0
34 70 80 0
34 70 81 0
34 70 114 0
34 70 117 0
34 71 0 0
34 71 2 0
34 71 114 0
34 81 0 0
34 81 1 0
34 81 5 0
34 81 16 0
34 81 17 0
34 81 18 0
34 81 50 0
34 81 83 0
34 81 102 0
34 81 103 0
34 81 116 0
34 81 119 0
34 82 0 0
34 82 1 0
34 82 2 0
34 82 3 0
34 82 4 0
34 82 5 0
34 82 6 0
34 82 16 0
34 82 17 0
34 82 18 0
34 82 19 0
34 82 20 0
34 82 21 0
34 82 23 0
34 82 32 0
34 82 35 0
34 82 36 0
34 82 38 0
34 82 50 0
34 82 54 0
34 82 55 0
34 82 64 0
34 82 68 0
34 82 69 0
34 82 70 0
34 82 71 0
34 82 80 0
34 82 84 0
34 82 86 0
34 82 87 0
34 82 96 0
34 82 102 0
34 82 103 0
34 82 113 0
34 82 115 0
34 82 116 0
34 82 117 0
34 82 119 0
34 83 0 0
34 83 1 0
34 83 2 0
34 83 3 0
34 83 4 0
34 83 5 0
34 83 6 0
34 83 7 0
34 83 16 0
34 83 17 0
34 83 18 0
34 83 19 0
34 83 20 0
34 83 21 0
34 83 22 0
34 83 23 0
34 83 33 0
34 83 35 0
34 83 36 0
34 83 38 0
34 83 49 0
34 83 50 0
34 83 54 0
34 83 55 0
34 83 64 0
34 83 65 0
34 83 69 0
34 83 70 0
34 83 71 0
34 83 80 0
34 83 81 0
34 83 85 0
34 83 86 0
34 83 87 0
34 83 96 0
34 83 97 0
34 83 102 0
34 83 103 0
34 83 112 0
34 83 113 0
34 83 115 0
34 83 116 0
34 83 118 0
34 83 119 0
34 84 0 0
34 84 1 0
34 84 2 0
34 84 3 0
34 84 4 0
34 84 5 0
34 84 6 0
34 84 7 0
34 84 16 0
34 84 17 0
34 84 18 0
34 84 19 0
34 84 20 0
34 84 21 0
34 84 22 0
34 84 23 0
34 84 33 0
34 84 35 0
34 84 36 0
34 84 38 0
34 84 49 0
34 84 53 0
34 84 54 0
34 84 55 0
34 84 64 0
34 84 65 0
34 84 66 0
34 84 70 0
34 84 71 0
34 84 80 0
34 84 81 0
34 84 82 0
34 84 86 0
34 84 87 0
34 84 96 0
34 84 97 0
34 84 102 0
34 84 103 0
34 84 112 0
34 84 113 0
34 84 115 0
34 84 116 0
34 84 118 0
34 84 119 0
34 85 0 0
34 85 1 0
34 85 2 0
34 85 3 0
34 85 4 0
34 85 5 0
34 85 6 0
34 85 7 0
34 85 16 0
34 85 17 0
34 85 18 0
34 85 19 0
34 85 20 0
34 85 21 0
34 85 22 0
34 85 33 0
34 85 36 0
34 85 39 0
34 85 48 0
34 85 49 0
34 85 53 0
34 85 55 0
34 85 64 0
34 85 65 0
34 85 66 0
34 85 71 0
34 85 80 0
34 85 81 0
34 85 83 0
34 85 87 0
34 85 96 0
34 85 97 0
34 85 103 0
34 85 112 0
34 85 114 0
34 85 115 0
34 85 116 0
34 85 118 0
34 86 0 0
34 86 2 0
34 86 5 0
34 86 17 0
34 86 32 0
34 86 36 0
34 86 53 0
34 86 80 0
34 86 81 0
34 86 114 0
34 86 117 0
34 87 0 0
34 87 2 0
34 87 114 0
34 97 0 0
34 97 1 0
34 97 17 0
34 97 18 0
34 97 83 0
34 97 103 0
34 98 0 0
34 98 1 0
34 98 2 0
34 98 5 0
34 98 17 0
34 98 18 0
34 98 36 0
34 98 64 0
34 98 80 0
34 98 84 0
34 98 87 0
34 98 103 0
34 99 0 0
34 99 1 0
34 99 2 0
34 99 5 0
34 99 17 0
34 99 18 0
34 99 36 0
34 99 64 0
34 99 80 0
34 99 81 0
34 99 85 0
34 99 87 0
34 99 103 0
34 99 117 0
34 100 0 0
34 100 1 0
34 100 2 0
34 100 5 0
34 100 17 0
34 100 18 0
34 100 32 0
34 100 36 0
34 100 64 0
34 100 69 0
34 100 80 0
34 100 81 0
34 100 82 0
34 100 87 0
34 100 103 0
34 101 0 0
34 101 1 0
34 101 2 0
34 101 5 0
34 101 17 0
34 101 18 0
34 101 64 0
34 101 69 0
34 101 80 0
34 101 83 0
34 101 87 0
34 101 103 0
34 101 114 0
34 102 0 0
34 102 2 0
34 102 5 0
34 102 17 0
34 102 32 0
34 102 36 0
34 102 69 0
34 102 80 0
34 102 114 0
34 103 0 0
34 103 2 0
34 103 114 0
34 113 0 0
34 113 17 0
34 114 0 0
34 114 2 0
34 114 5 0
34 114 17 0
34 114 64 0
34 115 0 0
34 115 1 0
34 115 2 0
34 115 5 0
34 115 17 0
34 115 18 0
34 115 64 0
34 115 80 0
34 115 87 0
34 115 103 0
34 115 117 0
34 116 0 0
34 116 1 0
34 116 2 0
34 116 5 0
34 116 17 0
34 116 18 0
34 116 32 0
34 116 36 0
34 116 64 0
34 116 80 0
34 116 87 0
34 116 103 0
34 117 0 0
34 117 1 0
34 117 2 0
34 117 5 0
34 117 17 0
34 117 18 0
34 117 32 0
34 117 36 0
34 117 64 0
34 117 80 0
34 117 87 0
34 117 103 0
34 117 114 0
34 118 0 0
34 118 2 0
34 118 5 0
34 118 17 0
34 118 32 0
34 118 36 0
34 118 80 0
34 118 114 0
34 119 2 0
34 119 114 0
35 49 5 0
35 53 1 0
35 53 2 0
35 53 3 0
35 53 4 0
35 53 5 0
35 53 6 0
35 53 18 0
35 53 20 0
35 53 39 0
35 53 48 0
35 53 49 0
35 53 55 0
35 53 71 0
35 53 87 0
35 53 96 0
35 53 100 0
35 53 114 0
35 53 115 0
35 53 116 0
35 53 117 0
35 54 2 0
35 54 5 0
35 65 5 0
35 66 5 0
35 66 32 0
35 66 54 0
35 66 55 0
35 66 80 0
35 66 84 0
35 66 99 0
35 66 103 0
35 66 114 0
35 66 117 0
35 67 1 0
35 67 2 0
35 67 3 0
35 67 4 0
35 67 5 0
35 67 6 0
35 67 18 0
35 67 20 0
35 67 39 0
35 67 48 0
35 67 49 0
35 67 55 0
35 67 71 0
35 67 80 0
35 67 85 0
35 67 87 0
35 67 96 0
35 67 99 0
35 67 100 0
35 67 114 0
35 67 115 0
35 67 116 0
35 67 117 0
35 68 2 0
35 68 5 0
35 68 32 0
35 68 54 0
35 68 55 0
35 68 70 0
35 68 80 0
35 68 82 0
35 68 87 0
35 68 99 0
35 68 100 0
35 68 103 0
35 68 114 0
35 68 117 0
35 69 1 0
35 69 2 0
35 69 3 0
35 69 4 0
35 69 5 0
35 69 6 0
35 69 18 0
35 69 20 0
35 69 39 0
35 69 48 0
35 69 49 0
35 69 55 0
35 69 71 0
35 69 83 0
35 69 87 0
35 69 96 0
35 69 100 0
35 69 114 0
35 69 115 0
35 69 116 0
35 69 117 0
35 70 2 0
35 70 5 0
35 70 117 0
35 81 5 0
35 82 2 0
35 82 5 0
35 82 32 0
35 82 54 0
35 82 55 0
35 82 80 0
35 82 84 0
35 82 103 0
35 82 114 0
35 82 117 0
35 83 1 0
35 83 2 0
35 83 3 0
35 83 4 0
35 83 5 0
35 83 6 0
35 83 18 0
35 83 20 0
35 83 32 0
35 83 39 0
35 83 48 0
35 83 49 0
35 83 54 0
35 83 55 0
35 83 71 0
35 83 80 0
35 83 85 0
35 83 87 0
35 83 96 0
35 83 103 0
35 83 114 0
35 83 115 0
35 83 116 0
35 83 117 0
35 84 1 0
35 84 2 0
35 84 3 0
35 84 4 0
35 84 5 0
35 84 6 0
35 84 18 0
35 84 20 0
35 84 32 0
35 84 39 0
35 84 48 0
35 84 49 0
35 84 53 0
35 84 54 0
35 84 55 0
35 84 70 0
35 84 71 0
35 84 80 0
35 84 82 0
35 84 87 0
35 84 96 0
35 84 103 0
35 84 114 0
35 84 115 0
35 84 116 0
35 84 117 0
35 85 1 0
35 85 2 0
35 85 3 0
35 85 4 0
35 85 5 0
35 85 6 0
35 85 18 0
35 85 20 0
35 85 39 0
35 85 48 0
35 85 49 0
35 85 53 0
35 85 55 0
35 85 71 0
35 85 80 0
35 85 83 0
35 85 87 0
35 85 96 0
35 85 114 0
35 85 115 0
35 85 116 0
35 85 117 0
35 86 2 0
35 86 5 0
35 86 53 0
35 86 117 0
35 98 2 0
35 98 5 0
35 98 80 0
35 98 84 0
35 99 2 0
35 99 5 0
35 99 80 0
35 99 85 0
35 99 87 0
35 99 117 0
35 100 2 0
35 100 5 0
35 100 80 0
35 100 82 0
35 100 87 0
35 101 2 0
35 101 5 0
35 101 80 0
35 101 83 0
35 101 87 0
35 114 2 0
35 114 5 0
35 115 2 0
35 115 5 0
35 115 80 0
35 115 117 0
35 116 2 0
35 116 5 0
35 116 80 0
35 117 2 0
35 117 5 0
35 117 80 0
