2 0 23 0
2 16 64 0
2 16 67 0
3 0 6 0
3 0 18 0
3 0 20 0
3 0 21 0
3 0 33 0
3 0 36 0
3 0 37 0
3 0 65 0
3 0 69 0
3 0 81 0
3 0 82 0
3 0 85 0
3 0 96 0
3 0 99 0
3 0 102 0
3 0 116 0
3 0 119 0
3 1 6 0
3 1 18 0
3 1 20 0
3 1 21 0
3 1 33 0
3 1 36 0
3 1 37 0
3 1 65 0
3 1 69 0
3 1 81 0
3 1 82 0
3 1 85 0
3 1 96 0
3 1 99 0
3 1 102 0
3 1 116 0
3 1 119 0
3 5 4 0
3 5 7 0
3 6 36 0
3 6 39 0
3 6 55 0
3 7 4 0
3 7 21 0
3 7 36 0
3 7 39 0
3 7 55 0
3 7 67 0
3 7 68 0
3 7 71 0
3 16 18 0
3 16 64 0
3 16 67 0
3 17 64 0
3 17 67 0
3 22 52 0
3 22 55 0
3 23 21 0
3 23 52 0
3 23 55 0
3 23 83 0
3 32 18 0
3 39 21 0
18 16 4 0
18 16 19 0
18 16 34 0
18 16 55 0
18 16 69 0
18 16 70 0
18 16 85 0
18 16 86 0
18 16 98 0
18 16 101 0
18 16 114 0
18 16 118 0
18 48 34 0
19 0 4 0
19 0 71 0
19 0 86 0
19 0 103 0
19 1 4 0
19 1 71 0
19 1 86 0
19 1 103 0
19 5 1 0
19 5 4 0
19 5 7 0
19 5 18 0
19 5 35 0
19 5 37 0
19 5 51 0
19 5 67 0
19 5 69 0
19 5 82 0
19 5 83 0
19 5 86 0
19 5 97 0
19 5 100 0
19 5 112 0
19 6 1 0
19 6 18 0
19 6 35 0
19 6 36 0
19 6 37 0
19 6 39 0
19 6 51 0
19 6 55 0
19 6 67 0
19 6 69 0
19 6 83 0
19 6 86 0
19 6 100 0
19 7 1 0
19 7 4 0
19 7 18 0
19 7 21 0
19 7 35 0
19 7 36 0
19 7 39 0
19 7 51 0
19 7 55 0
19 7 67 0
19 7 68 0
19 7 71 0
19 7 84 0
19 7 86 0
19 7 100 0
19 7 102 0
19 16 48 0
19 16 82 0
19 17 48 0
19 17 82 0
19 21 4 0
19 21 7 0
19 21 68 0
19 21 71 0
19 22 52 0
19 22 55 0
19 23 21 0
19 23 52 0
19 23 55 0
19 23 68 0
19 23 83 0
19 32 82 0
19 39 21 0
19 48 82 0
34 2 16 0
34 2 66 0
34 32 1 0
34 32 36 0
35 0 4 0
35 0 5 0
35 0 19 0
35 0 23 0
35 0 38 0
35 0 39 0
35 0 54 0
35 0 55 0
35 0 70 0
35 0 71 0
35 0 80 0
35 0 83 0
35 0 86 0
35 0 87 0
35 0 99 0
35 0 103 0
35 0 113 0
35 0 114 0
35 0 115 0
35 0 116 0
35 0 117 0
35 1 4 0
35 1 5 0
35 1 19 0
35 1 23 0
35 1 38 0
35 1 39 0
35 1 49 0
35 1 50 0
35 1 54 0
35 1 55 0
35 1 64 0
35 1 70 0
35 1 71 0
35 1 80 0
35 1 83 0
35 1 84 0
35 1 85 0
35 1 86 0
35 1 87 0
35 1 96 0
35 1 99 0
35 1 100 0
35 1 101 0
35 1 102 0
35 1 103 0
35 1 113 0
35 1 114 0
35 1 115 0
35 1 116 0
35 1 117 0
35 1 118 0
35 1 119 0
35 2 4 0
35 2 5 0
35 2 16 0
35 2 19 0
35 2 23 0
35 2 38 0
35 2 39 0
35 2 54 0
35 2 55 0
35 2 70 0
35 2 71 0
35 2 80 0
35 2 83 0
35 2 86 0
35 2 87 0
35 2 99 0
35 2 103 0
35 2 113 0
35 2 114 0
35 2 115 0
35 2 116 0
35 2 117 0
35 2 118 0
35 3 0 0
35 3 6 0
35 3 32 0
35 3 33 0
35 3 36 0
35 3 38 0
35 3 49 0
35 3 50 0
35 3 54 0
35 3 64 0
35 3 70 0
35 3 80 0
35 3 81 0
35 3 82 0
35 3 84 0
35 3 85 0
35 3 86 0
35 3 96 0
35 3 97 0
35 3 99 0
35 3 100 0
35 3 101 0
35 3 103 0
35 3 112 0
35 3 114 0
35 3 115 0
35 3 117 0
35 3 118 0
35 4 19 0
35 4 22 0
35 4 34 0
35 4 37 0
35 4 51 0
35 4 54 0
35 4 67 0
35 4 69 0
35 4 70 0
35 4 82 0
35 4 83 0
35 4 85 0
35 4 86 0
35 4 97 0
35 4 100 0
35 4 103 0
35 4 112 0
35 4 115 0
35 5 7 0
35 5 36 0
35 5 37 0
35 5 51 0
35 5 67 0
35 5 69 0
35 5 82 0
35 5 83 0
35 5 86 0
35 5 97 0
35 5 100 0
35 5 112 0
35 6 36 0
35 6 37 0
35 6 39 0
35 6 51 0
35 6 55 0
35 6 67 0
35 6 69 0
35 6 83 0
35 6 86 0
35 7 1 0
35 7 4 0
35 7 18 0
35 7 21 0
35 7 36 0
35 7 39 0
35 7 51 0
35 7 55 0
35 7 67 0
35 7 68 0
35 7 69 0
35 7 71 0
35 7 84 0
35 7 86 0
35 7 102 0
35 16 4 0
35 16 7 0
35 16 19 0
35 16 22 0
35 16 34 0
35 16 37 0
35 16 53 0
35 16 65 0
35 16 68 0
35 16 80 0
35 16 82 0
35 16 83 0
35 16 85 0
35 16 98 0
35 16 99 0
35 16 101 0
35 16 112 0
35 16 113 0
35 16 115 0
35 16 116 0
35 16 117 0
35 16 118 0
35 17 4 0
35 17 7 0
35 17 19 0
35 17 22 0
35 17 34 0
35 17 37 0
35 17 49 0
35 17 50 0
35 17 53 0
35 17 64 0
35 17 65 0
35 17 68 0
35 17 80 0
35 17 82 0
35 17 84 0
35 17 85 0
35 17 96 0
35 17 98 0
35 17 100 0
35 17 101 0
35 17 112 0
35 17 113 0
35 17 115 0
35 17 116 0
35 17 117 0
35 17 118 0
35 21 7 0
35 21 68 0
35 21 71 0
35 22 52 0
35 22 55 0
35 23 21 0
35 23 52 0
35 23 55 0
35 23 68 0
35 23 69 0
35 23 83 0
35 32 34 0
35 32 80 0
35 32 82 0
35 32 83 0
35 33 34 0
35 33 80 0
35 33 83 0
35 39 21 0
35 48 34 0
35 48 82 0
51 0 6 0
51 0 18 0
51 0 21 0
51 0 22 0
51 0 33 0
51 0 36 0
51 0 53 0
51 0 54 0
51 0 66 0
51 0 81 0
51 0 83 0
51 0 96 0
51 0 97 0
51 0 99 0
51 1 33 0
51 1 36 0
51 2 33 0
51 2 36 0
51 3 37 0
51 5 35 0
51 6 35 0
51 6 55 0
51 7 1 0
51 7 4 0
51 7 18 0
51 7 21 0
51 7 35 0
51 7 55 0
51 7 68 0
51 7 69 0
51 7 86 0
51 7 102 0
51 16 18 0
51 16 66 0
51 19 37 0
51 20 52 0
51 23 21 0
51 23 68 0
51 23 69 0
51 32 18 0
51 32 66 0
51 39 21 0
51 39 69 0
51 48 82 0
51 49 82 0
51 65 67 0
51 112 64 0
