2 0 4 0
2 0 55 0
2 0 86 0
2 4 51 0
2 6 52 0
2 6 55 0
2 7 52 0
2 7 55 0
3 0 4 0
3 0 7 0
3 0 19 0
3 0 22 0
3 0 49 0
3 0 52 0
3 0 53 0
3 0 97 0
3 0 98 0
3 0 100 0
3 0 101 0
3 0 112 0
3 0 115 0
3 0 118 0
3 1 4 0
3 1 7 0
3 1 19 0
3 1 22 0
3 1 49 0
3 1 52 0
3 1 53 0
3 1 97 0
3 1 98 0
3 1 100 0
3 1 101 0
3 1 112 0
3 1 115 0
3 1 118 0
3 5 35 0
3 5 38 0
3 5 66 0
3 5 68 0
3 5 71 0
3 6 35 0
3 6 38 0
3 6 66 0
3 7 1 0
3 7 18 0
3 7 19 0
3 7 34 0
3 7 35 0
3 7 38 0
3 7 66 0
3 7 70 0
3 7 82 0
3 7 85 0
3 7 86 0
3 7 97 0
3 7 100 0
3 7 103 0
3 7 112 0
3 7 115 0
3 22 4 0
3 23 4 0
18 4 51 0
18 6 52 0
18 6 55 0
18 7 52 0
18 7 55 0
18 20 51 0
18 32 4 0
18 32 19 0
19 0 113 0
19 0 116 0
19 1 113 0
19 1 116 0
19 5 0 0
19 5 3 0
19 5 17 0
19 5 20 0
19 5 34 0
19 5 38 0
19 5 50 0
19 5 53 0
19 5 54 0
19 5 66 0
19 5 68 0
19 5 70 0
19 5 71 0
19 5 85 0
19 5 98 0
19 5 99 0
19 5 101 0
19 5 102 0
19 5 103 0
19 5 113 0
19 5 115 0
19 5 116 0
19 5 119 0
19 6 0 0
19 6 3 0
19 6 17 0
19 6 20 0
19 6 34 0
19 6 38 0
19 6 50 0
19 6 53 0
19 6 54 0
19 6 66 0
19 6 68 0
19 6 70 0
19 6 71 0
19 6 82 0
19 6 85 0
19 6 97 0
19 6 98 0
19 6 99 0
19 6 101 0
19 6 102 0
19 6 103 0
19 6 112 0
19 6 113 0
19 6 115 0
19 6 116 0
19 6 119 0
19 7 0 0
19 7 3 0
19 7 17 0
19 7 20 0
19 7 34 0
19 7 38 0
19 7 50 0
19 7 54 0
19 7 66 0
19 7 70 0
19 7 82 0
19 7 85 0
19 7 87 0
19 7 97 0
19 7 98 0
19 7 99 0
19 7 101 0
19 7 103 0
19 7 112 0
19 7 113 0
19 7 114 0
19 7 115 0
19 7 116 0
19 7 118 0
19 7 119 0
19 16 34 0
19 16 80 0
19 16 83 0
19 17 34 0
19 17 80 0
19 17 83 0
19 21 20 0
19 22 4 0
19 22 68 0
19 23 4 0
19 23 37 0
19 23 84 0
19 23 85 0
19 23 87 0
19 32 34 0
19 32 64 0
19 32 67 0
19 33 64 0
19 33 67 0
19 39 37 0
19 39 85 0
19 48 34 0
19 55 37 0
19 55 85 0
34 2 0 0
34 2 32 0
34 2 38 0
34 2 49 0
34 2 50 0
34 2 64 0
34 2 80 0
34 2 81 0
34 2 84 0
34 2 85 0
34 2 86 0
34 2 96 0
34 2 99 0
34 2 100 0
34 2 101 0
34 2 103 0
34 2 114 0
34 2 115 0
34 2 117 0
34 2 118 0
34 3 51 0
34 3 52 0
34 3 54 0
34 4 38 0
34 4 51 0
34 4 52 0
34 5 52 0
34 6 52 0
34 6 55 0
34 7 52 0
34 7 55 0
34 20 51 0
34 32 0 0
34 32 2 0
34 32 4 0
34 32 5 0
34 32 6 0
34 32 19 0
34 32 21 0
34 32 35 0
34 32 39 0
34 32 54 0
34 32 55 0
34 32 69 0
34 32 70 0
34 32 85 0
34 32 86 0
34 32 87 0
34 32 98 0
34 32 101 0
34 32 103 0
34 32 118 0
34 48 51 0
34 48 67 0
34 48 99 0
34 64 51 0
34 64 67 0
34 64 98 0
34 65 51 0
34 80 67 0
34 96 67 0
34 96 115 0
34 112 67 0
34 112 115 0
35 3 1 0
35 3 39 0
35 3 65 0
35 3 87 0
35 3 102 0
35 3 116 0
35 3 119 0
35 4 0 0
35 4 6 0
35 4 17 0
35 4 20 0
35 4 23 0
35 4 50 0
35 4 53 0
35 4 68 0
35 4 71 0
35 4 81 0
35 4 96 0
35 4 98 0
35 4 99 0
35 4 101 0
35 4 102 0
35 4 113 0
35 4 116 0
35 4 119 0
35 5 0 0
35 5 3 0
35 5 17 0
35 5 19 0
35 5 20 0
35 5 34 0
35 5 38 0
35 5 39 0
35 5 50 0
35 5 53 0
35 5 54 0
35 5 66 0
35 5 68 0
35 5 70 0
35 5 71 0
35 5 85 0
35 5 98 0
35 5 99 0
35 5 101 0
35 5 102 0
35 5 103 0
35 5 113 0
35 5 115 0
35 5 116 0
35 5 119 0
35 6 0 0
35 6 3 0
35 6 17 0
35 6 19 0
35 6 20 0
35 6 34 0
35 6 38 0
35 6 50 0
35 6 53 0
35 6 54 0
35 6 66 0
35 6 68 0
35 6 70 0
35 6 71 0
35 6 82 0
35 6 85 0
35 6 97 0
35 6 98 0
35 6 99 0
35 6 100 0
35 6 101 0
35 6 102 0
35 6 103 0
35 6 112 0
35 6 113 0
35 6 115 0
35 6 116 0
35 6 119 0
35 7 0 0
35 7 3 0
35 7 17 0
35 7 19 0
35 7 20 0
35 7 34 0
35 7 38 0
35 7 50 0
35 7 54 0
35 7 66 0
35 7 70 0
35 7 82 0
35 7 85 0
35 7 87 0
35 7 97 0
35 7 98 0
35 7 99 0
35 7 100 0
35 7 101 0
35 7 103 0
35 7 112 0
35 7 113 0
35 7 114 0
35 7 115 0
35 7 116 0
35 7 118 0
35 7 119 0
35 16 20 0
35 16 23 0
35 16 38 0
35 16 69 0
35 16 102 0
35 16 114 0
35 16 119 0
35 17 20 0
35 17 23 0
35 17 38 0
35 17 69 0
35 17 102 0
35 17 114 0
35 17 119 0
35 21 20 0
35 22 4 0
35 22 68 0
35 23 4 0
35 23 37 0
35 23 84 0
35 23 85 0
35 23 87 0
35 32 4 0
35 32 19 0
35 32 64 0
35 32 100 0
35 33 4 0
35 33 19 0
35 33 64 0
35 33 100 0
35 37 20 0
35 37 68 0
35 37 71 0
35 39 37 0
35 39 85 0
35 48 67 0
35 49 51 0
35 49 99 0
35 55 37 0
35 55 85 0
35 64 67 0
35 80 67 0
35 96 67 0
35 96 115 0
35 112 67 0
35 112 115 0
51 0 4 0
51 0 5 0
51 0 7 0
51 0 19 0
51 0 20 0
51 0 23 0
51 0 37 0
51 0 38 0
51 0 49 0
51 0 55 0
51 0 64 0
51 0 65 0
51 0 68 0
51 0 69 0
51 0 70 0
51 0 71 0
51 0 80 0
51 0 82 0
51 0 84 0
51 0 85 0
51 0 86 0
51 0 87 0
51 0 98 0
51 0 100 0
51 0 101 0
51 0 103 0
51 0 112 0
51 0 113 0
51 0 115 0
51 0 116 0
51 0 117 0
51 0 118 0
51 1 3 0
51 1 4 0
51 1 5 0
51 1 34 0
51 1 37 0
51 1 49 0
51 1 53 0
51 1 64 0
51 1 67 0
51 1 69 0
51 1 86 0
51 1 103 0
51 2 4 0
51 2 5 0
51 2 34 0
51 2 37 0
51 2 49 0
51 2 53 0
51 2 64 0
51 2 67 0
51 3 1 0
51 3 34 0
51 3 53 0
51 3 67 0
51 4 7 0
51 4 54 0
51 4 71 0
51 5 7 0
51 5 54 0
51 5 71 0
51 6 3 0
51 6 4 0
51 6 36 0
51 6 39 0
51 6 54 0
51 6 68 0
51 6 71 0
51 7 0 0
51 7 3 0
51 7 5 0
51 7 17 0
51 7 20 0
51 7 34 0
51 7 36 0
51 7 39 0
51 7 50 0
51 7 53 0
51 7 54 0
51 7 67 0
51 7 70 0
51 7 71 0
51 7 82 0
51 7 83 0
51 7 84 0
51 7 85 0
51 7 87 0
51 7 98 0
51 7 99 0
51 7 100 0
51 7 101 0
51 7 103 0
51 7 113 0
51 7 114 0
51 7 115 0
51 7 116 0
51 7 118 0
51 7 119 0
51 16 19 0
51 16 34 0
51 16 48 0
51 16 64 0
51 16 80 0
51 16 82 0
51 16 83 0
51 16 84 0
51 16 101 0
51 16 118 0
51 17 3 0
51 17 34 0
51 17 48 0
51 17 64 0
51 17 67 0
51 18 34 0
51 18 50 0
51 18 64 0
51 18 67 0
51 18 82 0
51 19 34 0
51 19 53 0
51 19 67 0
51 19 69 0
51 19 86 0
51 19 103 0
51 20 7 0
51 20 54 0
51 20 55 0
51 20 68 0
51 20 71 0
51 21 7 0
51 21 71 0
51 22 4 0
51 22 52 0
51 22 55 0
51 22 68 0
51 23 4 0
51 23 5 0
51 23 37 0
51 23 52 0
51 23 53 0
51 23 55 0
51 23 83 0
51 23 84 0
51 23 85 0
51 23 87 0
51 32 19 0
51 32 34 0
51 32 64 0
51 32 80 0
51 32 82 0
51 32 83 0
51 33 4 0
51 33 34 0
51 33 35 0
51 33 37 0
51 33 52 0
51 33 64 0
51 33 67 0
51 37 71 0
51 39 37 0
51 39 85 0
51 48 34 0
51 49 34 0
51 49 84 0
51 49 101 0
51 49 118 0
51 53 52 0
51 55 37 0
51 55 85 0
51 64 112 0
51 65 112 0
51 65 115 0
51 83 67 0
51 96 67 0
51 96 115 0
51 112 67 0
51 112 115 0
