2 16 3 0
3 0 2 0
3 0 50 0
3 0 66 0
3 1 2 0
3 1 50 0
3 1 66 0
3 5 52 0
3 5 55 0
3 16 2 0
3 16 50 0
3 16 66 0
3 32 66 0
18 16 3 0
18 16 38 0
18 16 53 0
18 16 82 0
18 48 82 0
19 0 2 0
19 0 6 0
19 0 21 0
19 0 33 0
19 0 36 0
19 0 49 0
19 0 52 0
19 0 80 0
19 0 81 0
19 0 83 0
19 0 84 0
19 0 96 0
19 0 99 0
19 1 2 0
19 1 6 0
19 1 21 0
19 1 33 0
19 1 36 0
19 1 49 0
19 1 50 0
19 1 52 0
19 1 80 0
19 1 81 0
19 1 83 0
19 1 84 0
19 1 96 0
19 1 97 0
19 1 99 0
19 1 100 0
19 1 117 0
19 5 52 0
19 5 55 0
19 16 2 0
19 16 3 0
19 16 50 0
19 16 51 0
19 16 84 0
19 17 2 0
19 17 50 0
19 17 51 0
19 17 64 0
19 17 67 0
19 17 84 0
34 0 2 0
34 0 23 0
34 0 32 0
34 0 38 0
34 0 39 0
34 0 55 0
34 0 98 0
34 0 102 0
34 0 113 0
34 0 114 0
34 0 115 0
34 0 119 0
34 1 4 0
34 1 7 0
34 1 23 0
34 1 32 0
34 1 39 0
34 1 48 0
34 1 49 0
34 1 52 0
34 1 55 0
34 1 64 0
34 1 68 0
34 1 69 0
34 1 82 0
34 1 83 0
34 1 84 0
34 1 85 0
34 1 86 0
34 1 97 0
34 1 98 0
34 1 99 0
34 1 100 0
34 1 101 0
34 1 102 0
34 1 103 0
34 1 112 0
34 1 113 0
34 1 114 0
34 1 115 0
34 1 116 0
34 1 117 0
34 1 118 0
34 1 119 0
34 2 113 0
34 16 2 0
34 16 3 0
34 16 4 0
34 16 7 0
34 16 19 0
34 16 22 0
34 16 23 0
34 16 37 0
34 16 38 0
34 16 39 0
34 16 53 0
34 16 54 0
34 16 55 0
34 16 64 0
34 16 67 0
34 16 68 0
34 16 69 0
34 16 70 0
34 16 71 0
34 16 84 0
34 16 85 0
34 16 86 0
34 16 87 0
34 16 101 0
34 16 102 0
34 16 103 0
34 16 112 0
34 16 113 0
34 16 114 0
34 16 115 0
34 16 118 0
34 16 119 0
34 32 23 0
35 0 48 0
35 0 51 0
35 0 66 0
35 0 68 0
35 1 48 0
35 1 51 0
35 1 68 0
35 2 48 0
35 3 5 0
35 3 7 0
35 3 20 0
35 3 21 0
35 3 22 0
35 3 23 0
35 3 37 0
35 3 52 0
35 3 53 0
35 3 55 0
35 3 68 0
35 3 69 0
35 3 71 0
35 3 83 0
35 3 98 0
35 5 52 0
35 5 55 0
35 16 3 0
35 16 50 0
35 16 51 0
35 16 66 0
35 17 51 0
35 17 67 0
35 32 66 0
35 33 66 0
51 1 35 0
51 1 48 0
51 16 3 0
51 16 50 0
