1 3 2 0
1 3 50 0
1 3 87 0
1 5 51 0
1 5 54 0
1 6 36 0
1 6 39 0
1 6 51 0
1 6 54 0
1 7 36 0
1 7 39 0
1 7 51 0
1 7 54 0
1 7 67 0
1 7 82 0
1 7 83 0
1 7 84 0
1 7 86 0
1 7 98 0
1 7 113 0
1 23 52 0
1 23 84 0
1 32 67 0
1 33 67 0
1 39 68 0
2 4 6 0
2 4 67 0
2 4 70 0
2 4 87 0
2 5 87 0
2 6 84 0
2 6 86 0
2 6 87 0
2 7 84 0
2 7 87 0
2 22 4 0
2 22 55 0
2 23 4 0
2 23 55 0
2 23 83 0
2 23 84 0
2 32 67 0
2 32 83 0
2 33 67 0
2 38 68 0
2 39 68 0
2 39 84 0
3 0 23 0
3 0 38 0
3 0 55 0
3 0 86 0
3 0 103 0
3 1 23 0
3 1 38 0
3 1 55 0
3 1 86 0
3 1 103 0
3 5 81 0
3 5 84 0
3 5 86 0
3 5 87 0
3 5 96 0
3 6 81 0
3 6 84 0
3 6 86 0
3 6 87 0
3 6 96 0
3 7 16 0
3 7 33 0
3 7 48 0
3 7 81 0
3 7 96 0
3 32 67 0
3 32 83 0
3 33 67 0
3 38 68 0
3 39 68 0
3 39 84 0
17 3 2 0
17 3 35 0
17 3 38 0
17 3 50 0
17 3 67 0
17 3 70 0
17 3 71 0
17 3 87 0
17 4 35 0
17 4 38 0
17 4 50 0
17 4 67 0
17 4 87 0
17 5 18 0
17 5 35 0
17 5 50 0
17 5 51 0
17 5 54 0
17 5 67 0
17 5 69 0
17 5 87 0
17 6 18 0
17 6 35 0
17 6 36 0
17 6 39 0
17 6 50 0
17 6 51 0
17 6 54 0
17 6 55 0
17 6 67 0
17 6 69 0
17 6 87 0
17 7 18 0
17 7 35 0
17 7 36 0
17 7 39 0
17 7 50 0
17 7 51 0
17 7 54 0
17 7 55 0
17 7 67 0
17 7 69 0
17 7 82 0
17 7 83 0
17 7 84 0
17 7 86 0
17 7 87 0
17 7 97 0
17 7 98 0
17 7 99 0
17 7 101 0
17 7 102 0
17 7 103 0
17 7 112 0
17 7 113 0
17 7 119 0
17 19 2 0
17 19 18 0
17 19 50 0
17 19 69 0
17 21 18 0
17 22 18 0
17 22 52 0
17 23 18 0
17 23 35 0
17 23 36 0
17 23 50 0
17 23 52 0
17 23 69 0
17 23 71 0
17 23 82 0
17 23 83 0
17 23 84 0
17 23 85 0
17 23 86 0
17 23 98 0
17 23 99 0
17 23 101 0
17 23 102 0
17 23 103 0
17 23 113 0
17 23 119 0
17 37 35 0
17 39 35 0
17 39 36 0
17 39 50 0
17 39 52 0
17 39 69 0
17 39 82 0
17 39 83 0
17 39 84 0
17 39 85 0
17 39 86 0
17 39 98 0
17 39 99 0
17 39 101 0
17 39 102 0
17 39 103 0
17 39 113 0
17 39 119 0
17 48 32 0
17 48 35 0
17 48 50 0
17 48 52 0
17 48 98 0
17 48 100 0
17 48 116 0
17 48 117 0
17 49 32 0
17 49 33 0
17 49 35 0
17 49 36 0
17 49 84 0
17 53 82 0
17 55 50 0
17 55 52 0
17 55 82 0
17 55 84 0
17 55 85 0
17 55 99 0
17 55 101 0
17 55 102 0
17 55 119 0
17 64 35 0
17 64 50 0
17 64 52 0
17 64 98 0
17 71 37 0
17 71 50 0
17 71 52 0
17 71 82 0
17 71 101 0
17 80 35 0
17 80 51 0
17 80 52 0
17 80 84 0
17 80 99 0
17 83 37 0
17 86 82 0
17 87 37 0
17 87 50 0
17 87 68 0
17 87 82 0
17 87 119 0
17 96 35 0
17 96 51 0
17 96 52 0
17 96 66 0
17 96 84 0
17 96 99 0
17 96 114 0
17 97 67 0
17 101 37 0
17 102 37 0
17 102 68 0
17 102 82 0
17 103 37 0
17 103 50 0
17 103 82 0
17 112 23 0
17 112 35 0
17 112 37 0
17 112 38 0
17 112 49 0
17 112 51 0
17 112 52 0
17 112 53 0
17 112 54 0
17 112 66 0
17 112 69 0
17 112 84 0
17 112 85 0
17 112 99 0
17 112 101 0
17 112 102 0
17 112 114 0
17 112 119 0
17 113 37 0
17 113 38 0
17 113 66 0
17 113 67 0
17 113 69 0
17 113 84 0
17 114 37 0
17 114 66 0
17 114 67 0
17 114 68 0
17 114 69 0
17 114 84 0
17 115 37 0
17 115 67 0
17 115 68 0
17 116 37 0
17 116 67 0
17 116 68 0
17 116 82 0
17 117 37 0
17 117 68 0
17 117 82 0
17 118 37 0
17 118 68 0
17 118 82 0
17 118 84 0
17 119 37 0
17 119 50 0
17 119 68 0
17 119 82 0
17 119 84 0
18 4 1 0
18 4 7 0
18 4 16 0
18 4 19 0
18 4 33 0
18 4 37 0
18 4 49 0
18 4 52 0
18 4 55 0
18 4 64 0
18 4 67 0
18 4 70 0
18 4 80 0
18 4 97 0
18 4 98 0
18 4 100 0
18 4 101 0
18 4 103 0
18 4 112 0
18 4 115 0
18 4 117 0
18 4 118 0
18 5 1 0
18 5 7 0
18 5 16 0
18 5 19 0
18 5 33 0
18 5 37 0
18 5 49 0
18 5 52 0
18 5 55 0
18 5 64 0
18 5 67 0
18 5 70 0
18 5 80 0
18 5 97 0
18 5 98 0
18 5 100 0
18 5 101 0
18 5 103 0
18 5 112 0
18 5 115 0
18 5 117 0
18 5 118 0
18 6 1 0
18 6 16 0
18 6 32 0
18 6 33 0
18 6 37 0
18 6 64 0
18 6 80 0
18 6 118 0
18 7 1 0
18 7 16 0
18 7 32 0
18 7 33 0
18 7 48 0
18 7 64 0
18 7 118 0
18 20 50 0
18 20 82 0
18 20 83 0
18 20 85 0
18 20 86 0
18 20 103 0
18 21 19 0
18 21 50 0
18 21 67 0
18 21 70 0
18 21 82 0
18 21 85 0
18 21 87 0
18 21 103 0
18 22 4 0
18 22 19 0
18 22 50 0
18 22 55 0
18 22 67 0
18 22 70 0
18 22 85 0
18 22 87 0
18 22 99 0
18 22 100 0
18 22 101 0
18 22 102 0
18 22 103 0
18 22 119 0
18 23 4 0
18 23 16 0
18 23 19 0
18 23 33 0
18 23 55 0
18 23 66 0
18 23 67 0
18 23 70 0
18 23 87 0
18 23 100 0
18 23 103 0
18 23 114 0
18 23 115 0
18 23 117 0
18 23 118 0
18 32 6 0
18 32 21 0
18 32 23 0
18 32 36 0
18 32 38 0
18 32 50 0
18 32 52 0
18 32 53 0
18 32 65 0
18 32 68 0
18 32 69 0
18 32 81 0
18 32 84 0
18 32 85 0
18 32 97 0
18 32 98 0
18 32 101 0
18 32 112 0
18 32 113 0
18 32 114 0
18 32 116 0
18 32 118 0
18 36 82 0
18 37 35 0
18 37 50 0
18 37 67 0
18 37 82 0
18 38 20 0
18 38 36 0
18 38 50 0
18 38 67 0
18 38 71 0
18 38 82 0
18 38 83 0
18 38 86 0
18 38 87 0
18 38 98 0
18 38 99 0
18 38 101 0
18 38 102 0
18 38 113 0
18 38 119 0
18 39 20 0
18 39 35 0
18 39 36 0
18 39 50 0
18 39 67 0
18 39 71 0
18 39 82 0
18 39 83 0
18 39 86 0
18 39 87 0
18 39 98 0
18 39 99 0
18 39 100 0
18 39 101 0
18 39 102 0
18 39 103 0
18 39 113 0
18 39 119 0
18 48 35 0
18 48 36 0
18 48 50 0
18 48 52 0
18 48 53 0
18 48 68 0
18 48 84 0
18 48 85 0
18 48 97 0
18 48 98 0
18 48 100 0
18 48 101 0
18 48 112 0
18 48 116 0
18 48 117 0
18 49 33 0
18 49 35 0
18 49 36 0
18 49 84 0
18 49 101 0
18 50 34 0
18 50 36 0
18 50 84 0
18 50 85 0
18 52 82 0
18 53 50 0
18 53 82 0
18 53 83 0
18 54 50 0
18 54 82 0
18 54 83 0
18 54 84 0
18 54 99 0
18 54 102 0
18 54 119 0
18 55 50 0
18 55 52 0
18 55 67 0
18 55 82 0
18 55 83 0
18 55 84 0
18 55 99 0
18 55 100 0
18 55 101 0
18 55 102 0
18 55 119 0
18 64 34 0
18 64 35 0
18 64 36 0
18 64 50 0
18 64 52 0
18 64 53 0
18 64 68 0
18 64 84 0
18 64 85 0
18 64 98 0
18 64 99 0
18 64 101 0
18 64 112 0
18 69 50 0
18 70 50 0
18 70 82 0
18 71 37 0
18 71 50 0
18 71 52 0
18 71 67 0
18 71 82 0
18 71 83 0
18 71 101 0
18 80 33 0
18 80 34 0
18 80 35 0
18 80 49 0
18 80 51 0
18 80 52 0
18 80 53 0
18 80 68 0
18 80 84 0
18 80 85 0
18 80 99 0
18 80 101 0
18 80 112 0
18 81 34 0
18 81 49 0
18 81 85 0
18 81 112 0
18 82 34 0
18 83 37 0
18 86 50 0
18 86 82 0
18 87 37 0
18 87 50 0
18 87 67 0
18 87 68 0
18 87 82 0
18 87 83 0
18 87 119 0
18 96 33 0
18 96 34 0
18 96 35 0
18 96 49 0
18 96 51 0
18 96 52 0
18 96 53 0
18 96 66 0
18 96 68 0
18 96 84 0
18 96 85 0
18 96 99 0
18 96 101 0
18 96 114 0
18 97 34 0
18 97 49 0
18 97 67 0
18 97 68 0
18 97 85 0
18 98 34 0
18 98 68 0
18 101 37 0
18 101 67 0
18 102 37 0
18 102 51 0
18 102 54 0
18 102 67 0
18 102 68 0
18 102 82 0
18 103 37 0
18 103 50 0
18 103 51 0
18 103 54 0
18 103 67 0
18 103 69 0
18 103 82 0
18 103 83 0
18 112 23 0
18 112 33 0
18 112 34 0
18 112 35 0
18 112 37 0
18 112 38 0
18 112 49 0
18 112 51 0
18 112 52 0
18 112 53 0
18 112 54 0
18 112 66 0
18 112 69 0
18 112 84 0
18 112 85 0
18 112 99 0
18 112 101 0
18 112 102 0
18 112 114 0
18 112 119 0
18 113 34 0
18 113 37 0
18 113 38 0
18 113 49 0
18 113 66 0
18 113 67 0
18 113 69 0
18 113 84 0
18 113 85 0
18 114 34 0
18 114 37 0
18 114 66 0
18 114 67 0
18 114 68 0
18 114 69 0
18 114 84 0
18 114 85 0
18 115 34 0
18 115 37 0
18 115 67 0
18 115 68 0
18 115 69 0
18 115 85 0
18 116 34 0
18 116 37 0
18 116 67 0
18 116 68 0
18 116 69 0
18 116 82 0
18 117 34 0
18 117 37 0
18 117 67 0
18 117 68 0
18 117 69 0
18 117 82 0
18 117 83 0
18 118 33 0
18 118 34 0
18 118 37 0
18 118 51 0
18 118 54 0
18 118 67 0
18 118 68 0
18 118 69 0
18 118 82 0
18 118 83 0
18 118 84 0
18 119 16 0
18 119 33 0
18 119 34 0
18 119 37 0
18 119 50 0
18 119 51 0
18 119 54 0
18 119 67 0
18 119 68 0
18 119 69 0
18 119 71 0
18 119 82 0
18 119 83 0
18 119 84 0
18 119 115 0
19 16 71 0
19 16 99 0
19 17 71 0
19 17 99 0
19 21 18 0
19 21 39 0
19 21 50 0
19 21 85 0
19 21 99 0
19 21 100 0
19 21 101 0
19 21 102 0
19 21 103 0
19 21 119 0
19 22 18 0
19 22 50 0
19 22 85 0
19 22 99 0
19 22 100 0
19 22 101 0
19 22 102 0
19 22 103 0
19 22 119 0
19 23 64 0
19 23 81 0
19 23 100 0
19 32 6 0
19 32 21 0
19 32 23 0
19 32 36 0
19 32 38 0
19 32 50 0
19 32 52 0
19 32 53 0
19 32 65 0
19 32 68 0
19 32 69 0
19 32 81 0
19 32 84 0
19 32 85 0
19 32 97 0
19 32 98 0
19 32 99 0
19 32 101 0
19 32 112 0
19 32 113 0
19 32 114 0
19 32 116 0
19 32 118 0
19 33 36 0
19 33 52 0
19 33 53 0
19 33 65 0
19 33 68 0
19 33 81 0
19 33 84 0
19 33 85 0
19 33 97 0
19 33 98 0
19 33 100 0
19 33 101 0
19 33 112 0
19 33 118 0
19 37 35 0
19 37 50 0
19 37 67 0
19 37 70 0
19 37 82 0
19 37 83 0
19 37 86 0
19 38 36 0
19 38 50 0
19 38 51 0
19 38 67 0
19 38 70 0
19 38 82 0
19 38 83 0
19 38 86 0
19 38 87 0
19 38 98 0
19 38 99 0
19 38 101 0
19 38 102 0
19 38 113 0
19 38 119 0
19 39 1 0
19 39 16 0
19 39 18 0
19 39 33 0
19 39 35 0
19 39 36 0
19 39 50 0
19 39 51 0
19 39 53 0
19 39 66 0
19 39 67 0
19 39 70 0
19 39 82 0
19 39 83 0
19 39 86 0
19 39 87 0
19 39 98 0
19 39 100 0
19 39 101 0
19 39 102 0
19 39 113 0
19 39 114 0
19 39 115 0
19 39 117 0
19 39 118 0
19 39 119 0
19 48 35 0
19 48 36 0
19 48 50 0
19 48 52 0
19 48 53 0
19 48 68 0
19 48 84 0
19 48 85 0
19 48 97 0
19 48 98 0
19 48 99 0
19 48 100 0
19 48 101 0
19 48 112 0
19 48 116 0
19 48 117 0
19 49 35 0
19 49 36 0
19 49 52 0
19 49 53 0
19 49 84 0
19 49 85 0
19 49 97 0
19 49 100 0
19 49 101 0
19 49 112 0
19 50 34 0
19 50 36 0
19 50 84 0
19 50 85 0
19 51 85 0
19 52 82 0
19 53 50 0
19 53 82 0
19 53 83 0
19 54 50 0
19 54 51 0
19 54 82 0
19 54 83 0
19 54 98 0
19 54 99 0
19 54 102 0
19 54 119 0
19 55 35 0
19 55 50 0
19 55 51 0
19 55 53 0
19 55 67 0
19 55 82 0
19 55 83 0
19 55 98 0
19 55 99 0
19 55 100 0
19 55 101 0
19 55 102 0
19 55 103 0
19 55 115 0
19 55 119 0
19 64 34 0
19 64 35 0
19 64 36 0
19 64 50 0
19 64 52 0
19 64 53 0
19 64 68 0
19 64 84 0
19 64 85 0
19 64 98 0
19 64 99 0
19 64 101 0
19 64 112 0
19 65 52 0
19 65 53 0
19 65 85 0
19 65 112 0
19 69 50 0
19 70 50 0
19 70 51 0
19 70 82 0
19 70 119 0
19 71 35 0
19 71 37 0
19 71 50 0
19 71 51 0
19 71 53 0
19 71 67 0
19 71 82 0
19 71 83 0
19 71 98 0
19 71 100 0
19 71 101 0
19 71 119 0
19 80 33 0
19 80 34 0
19 80 35 0
19 80 49 0
19 80 51 0
19 80 52 0
19 80 53 0
19 80 68 0
19 80 84 0
19 80 85 0
19 80 99 0
19 80 101 0
19 80 112 0
19 81 34 0
19 81 49 0
19 81 52 0
19 81 53 0
19 81 85 0
19 81 112 0
19 82 34 0
19 83 37 0
19 84 34 0
19 85 37 0
19 86 37 0
19 86 50 0
19 86 51 0
19 86 82 0
19 86 119 0
19 87 37 0
19 87 38 0
19 87 50 0
19 87 51 0
19 87 52 0
19 87 67 0
19 87 82 0
19 87 83 0
19 87 98 0
19 87 100 0
19 87 119 0
19 96 33 0
19 96 34 0
19 96 35 0
19 96 49 0
19 96 51 0
19 96 52 0
19 96 53 0
19 96 66 0
19 96 68 0
19 96 84 0
19 96 85 0
19 96 99 0
19 96 101 0
19 96 114 0
19 97 34 0
19 97 49 0
19 97 52 0
19 97 67 0
19 97 68 0
19 97 85 0
19 98 34 0
19 98 68 0
19 101 37 0
19 101 67 0
19 102 37 0
19 102 51 0
19 102 54 0
19 102 67 0
19 102 68 0
19 102 82 0
19 103 37 0
19 103 38 0
19 103 50 0
19 103 51 0
19 103 52 0
19 103 54 0
19 103 67 0
19 103 69 0
19 103 82 0
19 103 83 0
19 103 98 0
19 103 100 0
19 103 117 0
19 112 23 0
19 112 33 0
19 112 34 0
19 112 35 0
19 112 37 0
19 112 38 0
19 112 49 0
19 112 51 0
19 112 52 0
19 112 53 0
19 112 54 0
19 112 66 0
19 112 69 0
19 112 84 0
19 112 85 0
19 112 99 0
19 112 101 0
19 112 102 0
19 112 114 0
19 112 119 0
19 113 34 0
19 113 37 0
19 113 38 0
19 113 49 0
19 113 52 0
19 113 66 0
19 113 67 0
19 113 69 0
19 113 84 0
19 113 85 0
19 114 34 0
19 114 37 0
19 114 66 0
19 114 67 0
19 114 68 0
19 114 69 0
19 114 84 0
19 114 85 0
19 115 34 0
19 115 37 0
19 115 66 0
19 115 67 0
19 115 68 0
19 115 69 0
19 115 85 0
19 116 34 0
19 116 37 0
19 116 66 0
19 116 67 0
19 116 68 0
19 116 69 0
19 116 82 0
19 117 34 0
19 117 37 0
19 117 66 0
19 117 67 0
19 117 68 0
19 117 69 0
19 117 82 0
19 117 83 0
19 118 33 0
19 118 34 0
19 118 37 0
19 118 51 0
19 118 54 0
19 118 66 0
19 118 68 0
19 118 69 0
19 118 82 0
19 118 83 0
19 119 16 0
19 119 33 0
19 119 34 0
19 119 37 0
19 119 38 0
19 119 49 0
19 119 50 0
19 119 51 0
19 119 52 0
19 119 54 0
19 119 66 0
19 119 69 0
19 119 82 0
19 119 83 0
19 119 97 0
19 119 98 0
19 119 100 0
19 119 112 0
19 119 117 0
34 3 0 0
34 3 1 0
34 3 16 0
34 3 17 0
34 3 19 0
34 3 32 0
34 3 48 0
34 3 49 0
34 3 64 0
34 3 117 0
34 4 0 0
34 4 1 0
34 4 16 0
34 4 17 0
34 4 19 0
34 4 22 0
34 4 32 0
34 4 33 0
34 4 37 0
34 4 48 0
34 4 49 0
34 4 64 0
34 4 80 0
34 4 117 0
34 5 0 0
34 5 1 0
34 5 16 0
34 5 17 0
34 5 19 0
34 5 32 0
34 5 33 0
34 5 37 0
34 5 48 0
34 5 49 0
34 5 64 0
34 5 80 0
34 5 117 0
34 6 1 0
34 6 16 0
34 6 32 0
34 6 33 0
34 6 37 0
34 6 48 0
34 6 64 0
34 6 80 0
34 7 16 0
34 7 32 0
34 7 33 0
34 7 48 0
34 7 64 0
34 20 0 0
34 20 1 0
34 20 2 0
34 20 7 0
34 20 16 0
34 20 17 0
34 20 22 0
34 20 23 0
34 20 32 0
34 20 33 0
34 20 35 0
34 20 39 0
34 20 48 0
34 20 49 0
34 20 52 0
34 20 55 0
34 20 64 0
34 20 65 0
34 20 66 0
34 20 68 0
34 20 71 0
34 20 80 0
34 20 81 0
34 20 82 0
34 20 83 0
34 20 84 0
34 20 85 0
34 20 86 0
34 20 96 0
34 20 97 0
34 20 98 0
34 20 99 0
34 20 100 0
34 20 101 0
34 20 102 0
34 20 103 0
34 20 112 0
34 20 113 0
34 20 114 0
34 20 115 0
34 20 116 0
34 20 117 0
34 20 118 0
34 20 119 0
34 21 0 0
34 21 1 0
34 21 2 0
34 21 3 0
34 21 7 0
34 21 16 0
34 21 17 0
34 21 19 0
34 21 23 0
34 21 32 0
34 21 33 0
34 21 35 0
34 21 39 0
34 21 48 0
34 21 49 0
34 21 52 0
34 21 55 0
34 21 64 0
34 21 65 0
34 21 66 0
34 21 68 0
34 21 70 0
34 21 71 0
34 21 80 0
34 21 81 0
34 21 82 0
34 21 83 0
34 21 84 0
34 21 85 0
34 21 86 0
34 21 96 0
34 21 97 0
34 21 98 0
34 21 99 0
34 21 100 0
34 21 101 0
34 21 102 0
34 21 103 0
34 21 112 0
34 21 113 0
34 21 114 0
34 21 115 0
34 21 116 0
34 21 117 0
34 21 118 0
34 21 119 0
34 22 0 0
34 22 1 0
34 22 2 0
34 22 3 0
34 22 16 0
34 22 17 0
34 22 19 0
34 22 32 0
34 22 33 0
34 22 48 0
34 22 49 0
34 22 64 0
34 22 65 0
34 22 66 0
34 22 70 0
34 22 80 0
34 22 81 0
34 22 96 0
34 22 100 0
34 22 114 0
34 22 115 0
34 22 116 0
34 22 117 0
34 22 118 0
34 23 0 0
34 23 1 0
34 23 2 0
34 23 3 0
34 23 16 0
34 23 17 0
34 23 19 0
34 23 32 0
34 23 33 0
34 23 48 0
34 23 49 0
34 23 64 0
34 23 65 0
34 23 66 0
34 23 70 0
34 23 80 0
34 23 81 0
34 23 96 0
34 23 100 0
34 23 114 0
34 23 115 0
34 23 116 0
34 23 117 0
34 23 118 0
34 36 1 0
34 36 5 0
34 36 7 0
34 36 16 0
34 36 17 0
34 36 19 0
34 36 22 0
34 36 32 0
34 36 33 0
34 36 51 0
34 36 64 0
34 36 65 0
34 36 66 0
34 36 68 0
34 36 80 0
34 36 81 0
34 36 84 0
34 36 97 0
34 36 101 0
34 36 112 0
34 36 118 0
34 37 1 0
34 37 5 0
34 37 7 0
34 37 16 0
34 37 17 0
34 37 19 0
34 37 32 0
34 37 33 0
34 37 35 0
34 37 51 0
34 37 64 0
34 37 65 0
34 37 66 0
34 37 67 0
34 37 68 0
34 37 70 0
34 37 80 0
34 37 81 0
34 37 82 0
34 37 83 0
34 37 84 0
34 37 85 0
34 37 86 0
34 37 97 0
34 37 101 0
34 37 103 0
34 37 112 0
34 37 118 0
34 38 1 0
34 38 2 0
34 38 3 0
34 38 4 0
34 38 5 0
34 38 6 0
34 38 7 0
34 38 16 0
34 38 17 0
34 38 19 0
34 38 20 0
34 38 32 0
34 38 33 0
34 38 48 0
34 38 49 0
34 38 51 0
34 38 64 0
34 38 65 0
34 38 66 0
34 38 67 0
34 38 70 0
34 38 80 0
34 38 81 0
34 38 87 0
34 38 96 0
34 38 97 0
34 38 100 0
34 38 112 0
34 38 114 0
34 38 115 0
34 38 116 0
34 38 117 0
34 38 118 0
34 39 1 0
34 39 2 0
34 39 3 0
34 39 4 0
34 39 5 0
34 39 6 0
34 39 7 0
34 39 16 0
34 39 17 0
34 39 19 0
34 39 20 0
34 39 32 0
34 39 33 0
34 39 48 0
34 39 49 0
34 39 64 0
34 39 65 0
34 39 66 0
34 39 67 0
34 39 70 0
34 39 80 0
34 39 81 0
34 39 87 0
34 39 96 0
34 39 97 0
34 39 100 0
34 39 112 0
34 39 114 0
34 39 115 0
34 39 116 0
34 39 117 0
34 39 118 0
34 48 0 0
34 48 1 0
34 48 2 0
34 48 3 0
34 48 4 0
34 48 16 0
34 48 17 0
34 48 19 0
34 48 49 0
34 48 55 0
34 48 70 0
34 48 71 0
34 48 86 0
34 48 87 0
34 48 101 0
34 48 103 0
34 48 118 0
34 52 51 0
34 52 82 0
34 52 98 0
34 52 101 0
34 53 35 0
34 53 51 0
34 53 67 0
34 53 82 0
34 53 83 0
34 53 86 0
34 53 101 0
34 54 1 0
34 54 3 0
34 54 4 0
34 54 6 0
34 54 7 0
34 54 16 0
34 54 18 0
34 54 19 0
34 54 20 0
34 54 22 0
34 54 33 0
34 54 48 0
34 54 49 0
34 54 51 0
34 54 64 0
34 54 65 0
34 54 66 0
34 54 67 0
34 54 87 0
34 54 96 0
34 54 97 0
34 54 100 0
34 54 112 0
34 54 114 0
34 54 115 0
34 54 116 0
34 54 118 0
34 55 1 0
34 55 2 0
34 55 3 0
34 55 4 0
34 55 5 0
34 55 6 0
34 55 7 0
34 55 16 0
34 55 17 0
34 55 18 0
34 55 19 0
34 55 20 0
34 55 21 0
34 55 22 0
34 55 32 0
34 55 33 0
34 55 48 0
34 55 49 0
34 55 64 0
34 55 65 0
34 55 66 0
34 55 67 0
34 55 69 0
34 55 80 0
34 55 81 0
34 55 87 0
34 55 96 0
34 55 97 0
34 55 100 0
34 55 112 0
34 55 114 0
34 55 115 0
34 55 116 0
34 55 117 0
34 55 118 0
34 64 0 0
34 64 1 0
34 64 2 0
34 64 3 0
34 64 4 0
34 64 5 0
34 64 16 0
34 64 17 0
34 64 18 0
34 64 19 0
34 64 49 0
34 64 55 0
34 64 70 0
34 64 71 0
34 64 82 0
34 64 86 0
34 64 87 0
34 64 97 0
34 64 101 0
34 64 103 0
34 64 118 0
34 65 2 0
34 65 3 0
34 65 4 0
34 65 6 0
34 65 7 0
34 65 19 0
34 65 20 0
34 65 21 0
34 65 22 0
34 65 23 0
34 65 32 0
34 65 37 0
34 65 38 0
34 65 39 0
34 65 53 0
34 65 54 0
34 65 55 0
34 65 67 0
34 65 68 0
34 65 69 0
34 65 70 0
34 65 71 0
34 65 85 0
34 65 86 0
34 65 87 0
34 65 97 0
34 65 101 0
34 65 112 0
34 65 113 0
34 65 114 0
34 65 115 0
34 65 118 0
34 66 7 0
34 66 16 0
34 66 22 0
34 66 33 0
34 66 49 0
34 66 50 0
34 66 51 0
34 66 85 0
34 66 97 0
34 66 101 0
34 66 112 0
34 66 118 0
34 67 35 0
34 67 37 0
34 67 38 0
34 67 51 0
34 67 86 0
34 67 101 0
34 68 7 0
34 68 16 0
34 68 22 0
34 68 33 0
34 68 51 0
34 68 97 0
34 68 101 0
34 68 112 0
34 68 118 0
34 69 35 0
34 69 38 0
34 69 51 0
34 69 67 0
34 69 101 0
34 70 1 0
34 70 3 0
34 70 4 0
34 70 6 0
34 70 7 0
34 70 16 0
34 70 18 0
34 70 19 0
34 70 20 0
34 70 21 0
34 70 22 0
34 70 23 0
34 70 33 0
34 70 35 0
34 70 36 0
34 70 38 0
34 70 39 0
34 70 48 0
34 70 49 0
34 70 51 0
34 70 64 0
34 70 65 0
34 70 66 0
34 70 67 0
34 70 83 0
34 70 84 0
34 70 96 0
34 70 97 0
34 70 98 0
34 70 100 0
34 70 101 0
34 70 103 0
34 70 112 0
34 70 113 0
34 70 115 0
34 70 116 0
34 70 118 0
34 71 1 0
34 71 3 0
34 71 4 0
34 71 5 0
34 71 6 0
34 71 7 0
34 71 16 0
34 71 17 0
34 71 18 0
34 71 19 0
34 71 20 0
34 71 21 0
34 71 22 0
34 71 32 0
34 71 33 0
34 71 36 0
34 71 39 0
34 71 48 0
34 71 49 0
34 71 64 0
34 71 65 0
34 71 66 0
34 71 67 0
34 71 69 0
34 71 80 0
34 71 81 0
34 71 96 0
34 71 97 0
34 71 100 0
34 71 103 0
34 71 112 0
34 71 115 0
34 71 116 0
34 71 117 0
34 71 118 0
34 80 0 0
34 80 1 0
34 80 2 0
34 80 3 0
34 80 4 0
34 80 5 0
34 80 16 0
34 80 17 0
34 80 18 0
34 80 19 0
34 80 49 0
34 80 55 0
34 80 70 0
34 80 71 0
34 80 82 0
34 80 86 0
34 80 87 0
34 80 101 0
34 80 103 0
34 80 118 0
34 81 2 0
34 81 3 0
34 81 4 0
34 81 6 0
34 81 7 0
34 81 19 0
34 81 20 0
34 81 21 0
34 81 22 0
34 81 23 0
34 81 32 0
34 81 33 0
34 81 36 0
34 81 37 0
34 81 38 0
34 81 39 0
34 81 48 0
34 81 49 0
34 81 53 0
34 81 54 0
34 81 55 0
34 81 67 0
34 81 68 0
34 81 69 0
34 81 70 0
34 81 71 0
34 81 85 0
34 81 86 0
34 81 87 0
34 81 100 0
34 81 101 0
34 81 112 0
34 81 113 0
34 81 114 0
34 81 115 0
34 81 117 0
34 81 118 0
34 82 7 0
34 82 22 0
34 82 33 0
34 82 37 0
34 82 49 0
34 82 51 0
34 82 52 0
34 82 53 0
34 82 85 0
34 82 100 0
34 82 101 0
34 82 112 0
34 82 118 0
34 83 37 0
34 83 51 0
34 83 52 0
34 83 53 0
34 83 101 0
34 84 50 0
34 84 51 0
34 84 52 0
34 84 98 0
34 85 23 0
34 85 35 0
34 85 38 0
34 85 51 0
34 85 52 0
34 85 54 0
34 85 67 0
34 85 98 0
34 85 99 0
34 85 113 0
34 86 1 0
34 86 3 0
34 86 4 0
34 86 6 0
34 86 7 0
34 86 16 0
34 86 18 0
34 86 19 0
34 86 20 0
34 86 21 0
34 86 22 0
34 86 23 0
34 86 33 0
34 86 35 0
34 86 38 0
34 86 39 0
34 86 48 0
34 86 49 0
34 86 51 0
34 86 52 0
34 86 54 0
34 86 55 0
34 86 64 0
34 86 65 0
34 86 66 0
34 86 67 0
34 86 83 0
34 86 84 0
34 86 96 0
34 86 97 0
34 86 98 0
34 86 99 0
34 86 100 0
34 86 112 0
34 86 113 0
34 86 115 0
34 86 116 0
34 86 118 0
34 86 119 0
34 87 1 0
34 87 3 0
34 87 4 0
34 87 5 0
34 87 6 0
34 87 7 0
34 87 16 0
34 87 17 0
34 87 18 0
34 87 19 0
34 87 20 0
34 87 21 0
34 87 22 0
34 87 23 0
34 87 32 0
34 87 33 0
34 87 36 0
34 87 38 0
34 87 39 0
34 87 48 0
34 87 49 0
34 87 51 0
34 87 53 0
34 87 55 0
34 87 64 0
34 87 65 0
34 87 66 0
34 87 67 0
34 87 69 0
34 87 80 0
34 87 81 0
34 87 83 0
34 87 96 0
34 87 97 0
34 87 98 0
34 87 100 0
34 87 101 0
34 87 112 0
34 87 113 0
34 87 115 0
34 87 116 0
34 87 117 0
34 87 118 0
34 87 119 0
34 96 1 0
34 96 2 0
34 96 3 0
34 96 4 0
34 96 5 0
34 96 16 0
34 96 18 0
34 96 82 0
34 96 103 0
34 97 2 0
34 97 3 0
34 97 4 0
34 97 5 0
34 97 6 0
34 97 7 0
34 97 16 0
34 97 19 0
34 97 20 0
34 97 21 0
34 97 22 0
34 97 32 0
34 97 33 0
34 97 36 0
34 97 39 0
34 97 48 0
34 97 50 0
34 97 55 0
34 97 70 0
34 97 71 0
34 97 86 0
34 97 87 0
34 97 100 0
34 97 115 0
34 97 117 0
34 97 118 0
34 98 3 0
34 98 4 0
34 98 6 0
34 98 7 0
34 98 16 0
34 98 19 0
34 98 20 0
34 98 21 0
34 98 22 0
34 98 23 0
34 98 32 0
34 98 33 0
34 98 35 0
34 98 39 0
34 98 48 0
34 98 49 0
34 98 50 0
34 98 51 0
34 98 52 0
34 98 53 0
34 98 54 0
34 98 55 0
34 98 65 0
34 98 70 0
34 98 71 0
34 98 85 0
34 98 86 0
34 98 96 0
34 98 100 0
34 98 101 0
34 98 102 0
34 98 112 0
34 98 116 0
34 98 117 0
34 98 118 0
34 98 119 0
34 99 3 0
34 99 4 0
34 99 6 0
34 99 7 0
34 99 16 0
34 99 19 0
34 99 20 0
34 99 21 0
34 99 22 0
34 99 23 0
34 99 32 0
34 99 33 0
34 99 35 0
34 99 38 0
34 99 39 0
34 99 48 0
34 99 49 0
34 99 50 0
34 99 51 0
34 99 52 0
34 99 53 0
34 99 54 0
34 99 55 0
34 99 65 0
34 99 70 0
34 99 71 0
34 99 86 0
34 99 96 0
34 99 97 0
34 99 102 0
34 99 112 0
34 99 113 0
34 99 118 0
34 99 119 0
34 100 3 0
34 100 4 0
34 100 6 0
34 100 7 0
34 100 16 0
34 100 19 0
34 100 20 0
34 100 21 0
34 100 22 0
34 100 23 0
34 100 33 0
34 100 35 0
34 100 38 0
34 100 39 0
34 100 48 0
34 100 49 0
34 100 50 0
34 100 51 0
34 100 52 0
34 100 53 0
34 100 54 0
34 100 55 0
34 100 65 0
34 100 66 0
34 100 70 0
34 100 71 0
34 100 86 0
34 100 96 0
34 100 97 0
34 100 98 0
34 100 102 0
34 100 112 0
34 100 113 0
34 100 114 0
34 100 118 0
34 100 119 0
34 101 3 0
34 101 4 0
34 101 6 0
34 101 7 0
34 101 16 0
34 101 19 0
34 101 20 0
34 101 21 0
34 101 22 0
34 101 23 0
34 101 32 0
34 101 33 0
34 101 35 0
34 101 36 0
34 101 38 0
34 101 39 0
34 101 48 0
34 101 49 0
34 101 50 0
34 101 51 0
34 101 52 0
34 101 53 0
34 101 54 0
34 101 55 0
34 101 65 0
34 101 66 0
34 101 67 0
34 101 70 0
34 101 71 0
34 101 81 0
34 101 96 0
34 101 97 0
34 101 98 0
34 101 112 0
34 101 113 0
34 101 115 0
34 102 1 0
34 102 3 0
34 102 4 0
34 102 6 0
34 102 7 0
34 102 16 0
34 102 18 0
34 102 19 0
34 102 20 0
34 102 21 0
34 102 22 0
34 102 23 0
34 102 33 0
34 102 35 0
34 102 38 0
34 102 39 0
34 102 48 0
34 102 49 0
34 102 51 0
34 102 52 0
34 102 53 0
34 102 54 0
34 102 55 0
34 102 64 0
34 102 65 0
34 102 66 0
34 102 67 0
34 102 70 0
34 102 71 0
34 102 81 0
34 102 83 0
34 102 84 0
34 102 96 0
34 102 97 0
34 102 98 0
34 102 99 0
34 102 100 0
34 102 112 0
34 102 113 0
34 102 115 0
34 102 116 0
34 103 1 0
34 103 3 0
34 103 4 0
34 103 5 0
34 103 6 0
34 103 7 0
34 103 16 0
34 103 17 0
34 103 18 0
34 103 19 0
34 103 20 0
34 103 21 0
34 103 22 0
34 103 23 0
34 103 32 0
34 103 33 0
34 103 36 0
34 103 38 0
34 103 39 0
34 103 48 0
34 103 49 0
34 103 53 0
34 103 64 0
34 103 65 0
34 103 66 0
34 103 67 0
34 103 70 0
34 103 71 0
34 103 80 0
34 103 81 0
34 103 83 0
34 103 96 0
34 103 97 0
34 103 98 0
34 103 100 0
34 103 101 0
34 103 112 0
34 103 113 0
34 103 115 0
34 103 117 0
34 112 1 0
34 112 2 0
34 112 3 0
34 112 4 0
34 112 18 0
34 112 103 0
34 113 1 0
34 113 2 0
34 113 3 0
34 113 4 0
34 113 5 0
34 113 6 0
34 113 7 0
34 113 16 0
34 113 18 0
34 113 19 0
34 113 20 0
34 113 21 0
34 113 22 0
34 113 32 0
34 113 33 0
34 113 36 0
34 113 39 0
34 113 48 0
34 113 55 0
34 113 70 0
34 113 71 0
34 113 87 0
34 113 100 0
34 113 103 0
34 113 115 0
34 113 117 0
34 113 118 0
34 114 1 0
34 114 3 0
34 114 4 0
34 114 6 0
34 114 7 0
34 114 16 0
34 114 18 0
34 114 19 0
34 114 20 0
34 114 21 0
34 114 22 0
34 114 23 0
34 114 32 0
34 114 33 0
34 114 35 0
34 114 36 0
34 114 39 0
34 114 48 0
34 114 49 0
34 114 50 0
34 114 51 0
34 114 52 0
34 114 53 0
34 114 54 0
34 114 55 0
34 114 65 0
34 114 70 0
34 114 71 0
34 114 80 0
34 114 83 0
34 114 86 0
34 114 87 0
34 114 96 0
34 114 100 0
34 114 101 0
34 114 102 0
34 114 103 0
34 114 112 0
34 114 116 0
34 114 117 0
34 114 118 0
34 114 119 0
34 115 3 0
34 115 4 0
34 115 6 0
34 115 7 0
34 115 16 0
34 115 19 0
34 115 20 0
34 115 21 0
34 115 22 0
34 115 23 0
34 115 32 0
34 115 33 0
34 115 35 0
34 115 36 0
34 115 38 0
34 115 39 0
34 115 48 0
34 115 49 0
34 115 50 0
34 115 51 0
34 115 52 0
34 115 53 0
34 115 54 0
34 115 55 0
34 115 65 0
34 115 70 0
34 115 71 0
34 115 81 0
34 115 83 0
34 115 84 0
34 115 86 0
34 115 96 0
34 115 97 0
34 115 101 0
34 115 102 0
34 115 112 0
34 115 113 0
34 115 118 0
34 115 119 0
34 116 3 0
34 116 4 0
34 116 6 0
34 116 7 0
34 116 16 0
34 116 19 0
34 116 20 0
34 116 21 0
34 116 22 0
34 116 23 0
34 116 33 0
34 116 35 0
34 116 38 0
34 116 39 0
34 116 48 0
34 116 49 0
34 116 50 0
34 116 51 0
34 116 52 0
34 116 53 0
34 116 54 0
34 116 55 0
34 116 65 0
34 116 66 0
34 116 69 0
34 116 70 0
34 116 71 0
34 116 81 0
34 116 83 0
34 116 84 0
34 116 85 0
34 116 86 0
34 116 96 0
34 116 97 0
34 116 98 0
34 116 102 0
34 116 112 0
34 116 113 0
34 116 114 0
34 116 118 0
34 116 119 0
34 117 3 0
34 117 4 0
34 117 6 0
34 117 7 0
34 117 16 0
34 117 19 0
34 117 20 0
34 117 21 0
34 117 22 0
34 117 23 0
34 117 33 0
34 117 35 0
34 117 38 0
34 117 39 0
34 117 48 0
34 117 49 0
34 117 50 0
34 117 51 0
34 117 52 0
34 117 53 0
34 117 54 0
34 117 55 0
34 117 65 0
34 117 66 0
34 117 69 0
34 117 70 0
34 117 71 0
34 117 81 0
34 117 84 0
34 117 85 0
34 117 86 0
34 117 96 0
34 117 97 0
34 117 98 0
34 117 99 0
34 117 112 0
34 117 113 0
34 117 115 0
34 118 1 0
34 118 3 0
34 118 4 0
34 118 6 0
34 118 7 0
34 118 16 0
34 118 18 0
34 118 19 0
34 118 20 0
34 118 21 0
34 118 22 0
34 118 23 0
34 118 33 0
34 118 35 0
34 118 38 0
34 118 39 0
34 118 48 0
34 118 49 0
34 118 51 0
34 118 52 0
34 118 53 0
34 118 54 0
34 118 55 0
34 118 64 0
34 118 65 0
34 118 66 0
34 118 69 0
34 118 70 0
34 118 81 0
34 118 83 0
34 118 85 0
34 118 86 0
34 118 87 0
34 118 96 0
34 118 97 0
34 118 98 0
34 118 99 0
34 118 100 0
34 118 112 0
34 118 113 0
34 118 116 0
34 119 0 0
34 119 1 0
34 119 3 0
34 119 4 0
34 119 5 0
34 119 6 0
34 119 7 0
34 119 16 0
34 119 17 0
34 119 18 0
34 119 19 0
34 119 20 0
34 119 21 0
34 119 22 0
34 119 23 0
34 119 32 0
34 119 33 0
34 119 36 0
34 119 38 0
34 119 39 0
34 119 48 0
34 119 49 0
34 119 51 0
34 119 53 0
34 119 64 0
34 119 65 0
34 119 66 0
34 119 70 0
34 119 80 0
34 119 81 0
34 119 83 0
34 119 86 0
34 119 87 0
34 119 96 0
34 119 97 0
34 119 98 0
34 119 100 0
34 119 101 0
34 119 112 0
34 119 113 0
34 119 117 0
35 21 48 0
35 22 48 0
35 32 1 0
35 32 2 0
35 32 3 0
35 32 5 0
35 32 87 0
35 32 103 0
35 32 115 0
35 33 1 0
35 33 2 0
35 33 3 0
35 33 5 0
35 33 87 0
35 33 103 0
35 33 115 0
35 37 0 0
35 37 1 0
35 37 2 0
35 37 3 0
35 37 4 0
35 37 5 0
35 37 6 0
35 37 7 0
35 37 16 0
35 37 17 0
35 37 32 0
35 37 33 0
35 37 34 0
35 37 48 0
35 37 49 0
35 37 51 0
35 37 55 0
35 37 64 0
35 37 65 0
35 37 66 0
35 37 69 0
35 37 80 0
35 37 81 0
35 37 96 0
35 37 97 0
35 37 112 0
35 37 114 0
35 37 115 0
35 37 116 0
35 37 117 0
35 37 118 0
35 38 0 0
35 38 1 0
35 38 2 0
35 38 3 0
35 38 4 0
35 38 5 0
35 38 6 0
35 38 7 0
35 38 16 0
35 38 17 0
35 38 32 0
35 38 33 0
35 38 34 0
35 38 48 0
35 38 49 0
35 38 51 0
35 38 64 0
35 38 65 0
35 38 66 0
35 38 69 0
35 38 80 0
35 38 81 0
35 38 96 0
35 38 97 0
35 38 112 0
35 38 114 0
35 38 115 0
35 38 116 0
35 38 117 0
35 38 118 0
35 39 2 0
35 39 4 0
35 39 5 0
35 39 6 0
35 39 80 0
35 39 96 0
35 39 116 0
35 48 1 0
35 48 2 0
35 48 3 0
35 48 4 0
35 48 5 0
35 48 19 0
35 48 39 0
35 48 54 0
35 48 55 0
35 48 70 0
35 48 71 0
35 48 86 0
35 48 87 0
35 48 103 0
35 48 114 0
35 48 115 0
35 48 117 0
35 49 0 0
35 49 1 0
35 49 2 0
35 49 3 0
35 49 4 0
35 49 7 0
35 49 17 0
35 49 18 0
35 49 19 0
35 49 20 0
35 49 22 0
35 49 23 0
35 49 37 0
35 49 38 0
35 49 39 0
35 49 50 0
35 49 54 0
35 49 55 0
35 49 69 0
35 49 70 0
35 49 71 0
35 49 82 0
35 49 86 0
35 49 87 0
35 49 102 0
35 49 103 0
35 49 113 0
35 49 114 0
35 49 115 0
35 49 116 0
35 49 117 0
35 49 119 0
35 53 0 0
35 53 7 0
35 53 16 0
35 53 17 0
35 53 19 0
35 53 21 0
35 53 22 0
35 53 32 0
35 53 33 0
35 53 34 0
35 53 36 0
35 53 52 0
35 53 64 0
35 53 65 0
35 53 66 0
35 53 67 0
35 53 80 0
35 53 81 0
35 53 84 0
35 53 85 0
35 53 97 0
35 53 103 0
35 53 112 0
35 53 118 0
35 54 0 0
35 54 1 0
35 54 3 0
35 54 4 0
35 54 6 0
35 54 7 0
35 54 16 0
35 54 17 0
35 54 18 0
35 54 19 0
35 54 20 0
35 54 21 0
35 54 22 0
35 54 32 0
35 54 33 0
35 54 34 0
35 54 48 0
35 54 49 0
35 54 51 0
35 54 64 0
35 54 65 0
35 54 66 0
35 54 80 0
35 54 81 0
35 54 85 0
35 54 96 0
35 54 97 0
35 54 112 0
35 54 114 0
35 54 115 0
35 54 116 0
35 54 117 0
35 54 118 0
35 55 1 0
35 55 2 0
35 55 3 0
35 55 4 0
35 55 5 0
35 55 6 0
35 55 7 0
35 55 18 0
35 55 20 0
35 55 21 0
35 55 22 0
35 55 32 0
35 55 48 0
35 55 49 0
35 55 64 0
35 55 65 0
35 55 66 0
35 55 80 0
35 55 81 0
35 55 96 0
35 55 97 0
35 55 112 0
35 55 114 0
35 55 116 0
35 55 117 0
35 64 1 0
35 64 2 0
35 64 3 0
35 64 4 0
35 64 5 0
35 64 18 0
35 64 19 0
35 64 39 0
35 64 54 0
35 64 55 0
35 64 70 0
35 64 71 0
35 64 86 0
35 64 87 0
35 64 103 0
35 64 114 0
35 64 115 0
35 64 117 0
35 65 0 0
35 65 1 0
35 65 2 0
35 65 3 0
35 65 4 0
35 65 6 0
35 65 7 0
35 65 16 0
35 65 17 0
35 65 18 0
35 65 19 0
35 65 20 0
35 65 21 0
35 65 22 0
35 65 23 0
35 65 32 0
35 65 37 0
35 65 38 0
35 65 39 0
35 65 50 0
35 65 54 0
35 65 55 0
35 65 69 0
35 65 70 0
35 65 71 0
35 65 83 0
35 65 86 0
35 65 87 0
35 65 98 0
35 65 102 0
35 65 103 0
35 65 113 0
35 65 114 0
35 65 115 0
35 65 116 0
35 65 118 0
35 65 119 0
35 66 0 0
35 66 1 0
35 66 2 0
35 66 3 0
35 66 4 0
35 66 6 0
35 66 7 0
35 66 16 0
35 66 17 0
35 66 18 0
35 66 19 0
35 66 20 0
35 66 21 0
35 66 22 0
35 66 23 0
35 66 33 0
35 66 36 0
35 66 38 0
35 66 39 0
35 66 48 0
35 66 50 0
35 66 51 0
35 66 64 0
35 66 68 0
35 66 69 0
35 66 70 0
35 66 71 0
35 66 86 0
35 66 87 0
35 66 96 0
35 66 98 0
35 66 102 0
35 66 113 0
35 66 115 0
35 66 116 0
35 66 118 0
35 66 119 0
35 67 0 0
35 67 7 0
35 67 16 0
35 67 17 0
35 67 19 0
35 67 21 0
35 67 22 0
35 67 23 0
35 67 32 0
35 67 33 0
35 67 36 0
35 67 37 0
35 67 38 0
35 67 50 0
35 67 52 0
35 67 54 0
35 67 64 0
35 67 65 0
35 67 69 0
35 67 70 0
35 67 81 0
35 67 86 0
35 67 97 0
35 67 98 0
35 67 102 0
35 67 103 0
35 67 112 0
35 67 113 0
35 67 118 0
35 67 119 0
35 68 0 0
35 68 1 0
35 68 3 0
35 68 4 0
35 68 6 0
35 68 7 0
35 68 16 0
35 68 17 0
35 68 18 0
35 68 19 0
35 68 20 0
35 68 21 0
35 68 22 0
35 68 23 0
35 68 33 0
35 68 34 0
35 68 36 0
35 68 37 0
35 68 38 0
35 68 39 0
35 68 48 0
35 68 49 0
35 68 51 0
35 68 64 0
35 68 65 0
35 68 66 0
35 68 71 0
35 68 81 0
35 68 86 0
35 68 96 0
35 68 97 0
35 68 98 0
35 68 101 0
35 68 102 0
35 68 112 0
35 68 113 0
35 68 115 0
35 68 116 0
35 68 118 0
35 68 119 0
35 69 0 0
35 69 7 0
35 69 16 0
35 69 17 0
35 69 19 0
35 69 21 0
35 69 22 0
35 69 23 0
35 69 32 0
35 69 33 0
35 69 34 0
35 69 36 0
35 69 37 0
35 69 38 0
35 69 51 0
35 69 52 0
35 69 64 0
35 69 65 0
35 69 66 0
35 69 67 0
35 69 80 0
35 69 81 0
35 69 97 0
35 69 98 0
35 69 101 0
35 69 103 0
35 69 112 0
35 69 113 0
35 69 118 0
35 70 0 0
35 70 1 0
35 70 3 0
35 70 4 0
35 70 6 0
35 70 7 0
35 70 16 0
35 70 17 0
35 70 18 0
35 70 19 0
35 70 20 0
35 70 21 0
35 70 22 0
35 70 23 0
35 70 32 0
35 70 33 0
35 70 34 0
35 70 36 0
35 70 37 0
35 70 39 0
35 70 48 0
35 70 49 0
35 70 51 0
35 70 64 0
35 70 65 0
35 70 66 0
35 70 80 0
35 70 81 0
35 70 84 0
35 70 96 0
35 70 97 0
35 70 98 0
35 70 101 0
35 70 103 0
35 70 112 0
35 70 113 0
35 70 114 0
35 70 115 0
35 70 116 0
35 70 118 0
35 71 1 0
35 71 2 0
35 71 3 0
35 71 4 0
35 71 5 0
35 71 6 0
35 71 7 0
35 71 18 0
35 71 19 0
35 71 20 0
35 71 21 0
35 71 22 0
35 71 32 0
35 71 36 0
35 71 39 0
35 71 48 0
35 71 49 0
35 71 64 0
35 71 65 0
35 71 66 0
35 71 80 0
35 71 81 0
35 71 96 0
35 71 97 0
35 71 103 0
35 71 112 0
35 71 114 0
35 71 116 0
35 71 117 0
35 80 1 0
35 80 2 0
35 80 3 0
35 80 4 0
35 80 5 0
35 80 18 0
35 80 19 0
35 80 39 0
35 80 54 0
35 80 55 0
35 80 70 0
35 80 71 0
35 80 86 0
35 80 87 0
35 80 103 0
35 80 114 0
35 80 117 0
35 81 0 0
35 81 1 0
35 81 2 0
35 81 3 0
35 81 4 0
35 81 6 0
35 81 7 0
35 81 16 0
35 81 17 0
35 81 18 0
35 81 19 0
35 81 20 0
35 81 21 0
35 81 22 0
35 81 23 0
35 81 32 0
35 81 36 0
35 81 37 0
35 81 38 0
35 81 39 0
35 81 48 0
35 81 50 0
35 81 54 0
35 81 55 0
35 81 69 0
35 81 70 0
35 81 71 0
35 81 83 0
35 81 86 0
35 81 87 0
35 81 100 0
35 81 102 0
35 81 103 0
35 81 113 0
35 81 114 0
35 81 115 0
35 81 116 0
35 81 117 0
35 81 118 0
35 81 119 0
35 82 0 0
35 82 1 0
35 82 3 0
35 82 4 0
35 82 6 0
35 82 7 0
35 82 16 0
35 82 17 0
35 82 18 0
35 82 19 0
35 82 20 0
35 82 21 0
35 82 22 0
35 82 23 0
35 82 33 0
35 82 36 0
35 82 37 0
35 82 38 0
35 82 39 0
35 82 48 0
35 82 50 0
35 82 51 0
35 82 52 0
35 82 53 0
35 82 64 0
35 82 68 0
35 82 69 0
35 82 70 0
35 82 71 0
35 82 86 0
35 82 87 0
35 82 96 0
35 82 100 0
35 82 101 0
35 82 102 0
35 82 113 0
35 82 115 0
35 82 116 0
35 82 118 0
35 82 119 0
35 83 0 0
35 83 7 0
35 83 16 0
35 83 17 0
35 83 19 0
35 83 21 0
35 83 22 0
35 83 23 0
35 83 33 0
35 83 36 0
35 83 37 0
35 83 38 0
35 83 50 0
35 83 51 0
35 83 52 0
35 83 53 0
35 83 64 0
35 83 65 0
35 83 69 0
35 83 70 0
35 83 81 0
35 83 86 0
35 83 97 0
35 83 101 0
35 83 102 0
35 83 112 0
35 83 113 0
35 83 118 0
35 83 119 0
35 84 0 0
35 84 7 0
35 84 16 0
35 84 17 0
35 84 19 0
35 84 21 0
35 84 22 0
35 84 23 0
35 84 33 0
35 84 34 0
35 84 36 0
35 84 38 0
35 84 50 0
35 84 51 0
35 84 52 0
35 84 64 0
35 84 65 0
35 84 66 0
35 84 81 0
35 84 86 0
35 84 97 0
35 84 98 0
35 84 102 0
35 84 112 0
35 84 113 0
35 84 118 0
35 84 119 0
35 85 0 0
35 85 7 0
35 85 16 0
35 85 17 0
35 85 19 0
35 85 21 0
35 85 22 0
35 85 23 0
35 85 32 0
35 85 33 0
35 85 34 0
35 85 36 0
35 85 38 0
35 85 52 0
35 85 64 0
35 85 65 0
35 85 66 0
35 85 67 0
35 85 81 0
35 85 97 0
35 85 98 0
35 85 99 0
35 85 103 0
35 85 112 0
35 85 113 0
35 85 118 0
35 86 0 0
35 86 1 0
35 86 3 0
35 86 4 0
35 86 6 0
35 86 7 0
35 86 16 0
35 86 17 0
35 86 18 0
35 86 19 0
35 86 20 0
35 86 21 0
35 86 22 0
35 86 23 0
35 86 32 0
35 86 33 0
35 86 34 0
35 86 36 0
35 86 38 0
35 86 39 0
35 86 48 0
35 86 49 0
35 86 52 0
35 86 55 0
35 86 64 0
35 86 65 0
35 86 66 0
35 86 80 0
35 86 81 0
35 86 84 0
35 86 96 0
35 86 97 0
35 86 98 0
35 86 99 0
35 86 100 0
35 86 112 0
35 86 113 0
35 86 114 0
35 86 115 0
35 86 116 0
35 86 118 0
35 86 119 0
35 87 1 0
35 87 2 0
35 87 3 0
35 87 4 0
35 87 5 0
35 87 6 0
35 87 7 0
35 87 18 0
35 87 19 0
35 87 20 0
35 87 21 0
35 87 22 0
35 87 23 0
35 87 32 0
35 87 36 0
35 87 38 0
35 87 39 0
35 87 48 0
35 87 49 0
35 87 53 0
35 87 55 0
35 87 64 0
35 87 65 0
35 87 66 0
35 87 80 0
35 87 81 0
35 87 96 0
35 87 97 0
35 87 98 0
35 87 100 0
35 87 101 0
35 87 112 0
35 87 113 0
35 87 114 0
35 87 117 0
35 87 118 0
35 87 119 0
35 96 1 0
35 96 2 0
35 96 3 0
35 96 4 0
35 96 5 0
35 96 18 0
35 96 103 0
35 97 0 0
35 97 1 0
35 97 2 0
35 97 3 0
35 97 4 0
35 97 5 0
35 97 6 0
35 97 7 0
35 97 16 0
35 97 17 0
35 97 18 0
35 97 19 0
35 97 20 0
35 97 21 0
35 97 22 0
35 97 32 0
35 97 36 0
35 97 39 0
35 97 48 0
35 97 50 0
35 97 55 0
35 97 70 0
35 97 71 0
35 97 83 0
35 97 86 0
35 97 87 0
35 97 100 0
35 97 103 0
35 97 115 0
35 97 117 0
35 97 118 0
35 98 0 0
35 98 1 0
35 98 3 0
35 98 4 0
35 98 6 0
35 98 7 0
35 98 16 0
35 98 17 0
35 98 18 0
35 98 19 0
35 98 20 0
35 98 21 0
35 98 22 0
35 98 23 0
35 98 32 0
35 98 33 0
35 98 36 0
35 98 39 0
35 98 48 0
35 98 50 0
35 98 51 0
35 98 52 0
35 98 53 0
35 98 54 0
35 98 55 0
35 98 64 0
35 98 65 0
35 98 70 0
35 98 71 0
35 98 86 0
35 98 87 0
35 98 96 0
35 98 100 0
35 98 101 0
35 98 102 0
35 98 103 0
35 98 116 0
35 98 117 0
35 98 118 0
35 98 119 0
35 99 0 0
35 99 1 0
35 99 3 0
35 99 4 0
35 99 6 0
35 99 7 0
35 99 16 0
35 99 17 0
35 99 18 0
35 99 19 0
35 99 20 0
35 99 21 0
35 99 22 0
35 99 23 0
35 99 32 0
35 99 33 0
35 99 36 0
35 99 38 0
35 99 39 0
35 99 48 0
35 99 49 0
35 99 50 0
35 99 52 0
35 99 53 0
35 99 54 0
35 99 55 0
35 99 64 0
35 99 65 0
35 99 70 0
35 99 71 0
35 99 81 0
35 99 86 0
35 99 96 0
35 99 97 0
35 99 102 0
35 99 103 0
35 99 112 0
35 99 113 0
35 99 118 0
35 99 119 0
35 100 0 0
35 100 1 0
35 100 3 0
35 100 4 0
35 100 6 0
35 100 7 0
35 100 16 0
35 100 17 0
35 100 18 0
35 100 19 0
35 100 20 0
35 100 21 0
35 100 22 0
35 100 23 0
35 100 32 0
35 100 33 0
35 100 36 0
35 100 38 0
35 100 39 0
35 100 48 0
35 100 49 0
35 100 50 0
35 100 51 0
35 100 52 0
35 100 53 0
35 100 54 0
35 100 55 0
35 100 64 0
35 100 65 0
35 100 66 0
35 100 70 0
35 100 71 0
35 100 81 0
35 100 86 0
35 100 96 0
35 100 97 0
35 100 98 0
35 100 102 0
35 100 103 0
35 100 112 0
35 100 113 0
35 100 114 0
35 100 118 0
35 100 119 0
35 101 0 0
35 101 1 0
35 101 3 0
35 101 4 0
35 101 6 0
35 101 7 0
35 101 16 0
35 101 17 0
35 101 18 0
35 101 19 0
35 101 20 0
35 101 21 0
35 101 22 0
35 101 23 0
35 101 32 0
35 101 36 0
35 101 38 0
35 101 39 0
35 101 48 0
35 101 49 0
35 101 50 0
35 101 52 0
35 101 53 0
35 101 55 0
35 101 64 0
35 101 65 0
35 101 66 0
35 101 70 0
35 101 71 0
35 101 81 0
35 101 96 0
35 101 97 0
35 101 98 0
35 101 103 0
35 101 112 0
35 101 113 0
35 101 114 0
35 101 115 0
35 102 0 0
35 102 1 0
35 102 2 0
35 102 3 0
35 102 4 0
35 102 5 0
35 102 6 0
35 102 7 0
35 102 17 0
35 102 18 0
35 102 19 0
35 102 20 0
35 102 21 0
35 102 22 0
35 102 23 0
35 102 32 0
35 102 36 0
35 102 39 0
35 102 48 0
35 102 49 0
35 102 52 0
35 102 53 0
35 102 55 0
35 102 64 0
35 102 65 0
35 102 66 0
35 102 70 0
35 102 80 0
35 102 81 0
35 102 84 0
35 102 96 0
35 102 97 0
35 102 98 0
35 102 99 0
35 102 100 0
35 102 112 0
35 102 113 0
35 102 114 0
35 102 116 0
35 103 1 0
35 103 2 0
35 103 3 0
35 103 4 0
35 103 5 0
35 103 6 0
35 103 7 0
35 103 18 0
35 103 19 0
35 103 20 0
35 103 21 0
35 103 22 0
35 103 23 0
35 103 32 0
35 103 36 0
35 103 38 0
35 103 39 0
35 103 48 0
35 103 49 0
35 103 53 0
35 103 64 0
35 103 65 0
35 103 66 0
35 103 70 0
35 103 80 0
35 103 81 0
35 103 96 0
35 103 97 0
35 103 98 0
35 103 100 0
35 103 101 0
35 103 112 0
35 103 113 0
35 103 114 0
35 112 1 0
35 112 2 0
35 112 3 0
35 112 5 0
35 112 18 0
35 112 103 0
35 113 1 0
35 113 2 0
35 113 3 0
35 113 4 0
35 113 5 0
35 113 6 0
35 113 7 0
35 113 16 0
35 113 18 0
35 113 19 0
35 113 20 0
35 113 21 0
35 113 22 0
35 113 32 0
35 113 36 0
35 113 39 0
35 113 48 0
35 113 55 0
35 113 70 0
35 113 71 0
35 113 87 0
35 113 100 0
35 113 103 0
35 113 115 0
35 113 117 0
35 113 118 0
35 114 0 0
35 114 1 0
35 114 3 0
35 114 4 0
35 114 6 0
35 114 7 0
35 114 16 0
35 114 17 0
35 114 18 0
35 114 19 0
35 114 20 0
35 114 21 0
35 114 22 0
35 114 23 0
35 114 32 0
35 114 33 0
35 114 36 0
35 114 39 0
35 114 48 0
35 114 50 0
35 114 51 0
35 114 52 0
35 114 53 0
35 114 55 0
35 114 64 0
35 114 65 0
35 114 70 0
35 114 71 0
35 114 80 0
35 114 83 0
35 114 86 0
35 114 87 0
35 114 96 0
35 114 100 0
35 114 101 0
35 114 102 0
35 114 103 0
35 114 116 0
35 114 117 0
35 114 118 0
35 114 119 0
35 115 0 0
35 115 1 0
35 115 3 0
35 115 4 0
35 115 6 0
35 115 7 0
35 115 16 0
35 115 17 0
35 115 18 0
35 115 19 0
35 115 20 0
35 115 21 0
35 115 22 0
35 115 23 0
35 115 32 0
35 115 33 0
35 115 36 0
35 115 39 0
35 115 48 0
35 115 50 0
35 115 51 0
35 115 52 0
35 115 53 0
35 115 55 0
35 115 64 0
35 115 65 0
35 115 70 0
35 115 71 0
35 115 81 0
35 115 83 0
35 115 84 0
35 115 86 0
35 115 87 0
35 115 96 0
35 115 97 0
35 115 101 0
35 115 102 0
35 115 103 0
35 115 112 0
35 115 113 0
35 115 118 0
35 115 119 0
35 116 0 0
35 116 1 0
35 116 3 0
35 116 4 0
35 116 6 0
35 116 7 0
35 116 16 0
35 116 17 0
35 116 18 0
35 116 19 0
35 116 20 0
35 116 21 0
35 116 22 0
35 116 23 0
35 116 32 0
35 116 33 0
35 116 36 0
35 116 39 0
35 116 48 0
35 116 49 0
35 116 50 0
35 116 51 0
35 116 52 0
35 116 53 0
35 116 55 0
35 116 64 0
35 116 65 0
35 116 66 0
35 116 70 0
35 116 71 0
35 116 81 0
35 116 83 0
35 116 84 0
35 116 85 0
35 116 86 0
35 116 87 0
35 116 96 0
35 116 97 0
35 116 98 0
35 116 102 0
35 116 103 0
35 116 112 0
35 116 113 0
35 116 114 0
35 116 118 0
35 116 119 0
35 117 0 0
35 117 1 0
35 117 3 0
35 117 4 0
35 117 6 0
35 117 7 0
35 117 16 0
35 117 17 0
35 117 18 0
35 117 19 0
35 117 20 0
35 117 21 0
35 117 22 0
35 117 23 0
35 117 32 0
35 117 36 0
35 117 38 0
35 117 39 0
35 117 48 0
35 117 49 0
35 117 50 0
35 117 52 0
35 117 53 0
35 117 55 0
35 117 64 0
35 117 65 0
35 117 66 0
35 117 70 0
35 117 71 0
35 117 81 0
35 117 84 0
35 117 85 0
35 117 86 0
35 117 87 0
35 117 96 0
35 117 97 0
35 117 98 0
35 117 99 0
35 117 103 0
35 117 112 0
35 117 113 0
35 117 114 0
35 117 115 0
35 118 0 0
35 118 1 0
35 118 2 0
35 118 3 0
35 118 4 0
35 118 5 0
35 118 6 0
35 118 7 0
35 118 17 0
35 118 18 0
35 118 19 0
35 118 20 0
35 118 21 0
35 118 22 0
35 118 23 0
35 118 32 0
35 118 36 0
35 118 38 0
35 118 39 0
35 118 48 0
35 118 49 0
35 118 52 0
35 118 53 0
35 118 55 0
35 118 64 0
35 118 65 0
35 118 66 0
35 118 80 0
35 118 81 0
35 118 85 0
35 118 86 0
35 118 87 0
35 118 96 0
35 118 97 0
35 118 98 0
35 118 99 0
35 118 100 0
35 118 112 0
35 118 113 0
35 118 114 0
35 118 116 0
35 119 1 0
35 119 2 0
35 119 3 0
35 119 4 0
35 119 5 0
35 119 6 0
35 119 7 0
35 119 18 0
35 119 19 0
35 119 20 0
35 119 21 0
35 119 22 0
35 119 23 0
35 119 32 0
35 119 36 0
35 119 38 0
35 119 39 0
35 119 48 0
35 119 49 0
35 119 53 0
35 119 64 0
35 119 65 0
35 119 66 0
35 119 80 0
35 119 81 0
35 119 86 0
35 119 87 0
35 119 96 0
35 119 97 0
35 119 98 0
35 119 100 0
35 119 101 0
35 119 112 0
35 119 113 0
35 119 114 0
51 53 0 0
51 54 0 0
51 69 0 0
51 69 2 0
51 69 5 0
51 69 17 0
51 69 32 0
51 69 36 0
51 69 80 0
51 69 81 0
51 69 87 0
51 69 114 0
51 69 117 0
51 70 0 0
51 70 2 0
51 70 114 0
51 70 117 0
51 81 114 0
51 82 0 0
51 82 1 0
51 82 17 0
51 82 18 0
51 82 64 0
51 82 103 0
51 82 114 0
51 82 115 0
51 83 0 0
51 83 2 0
51 83 5 0
51 83 17 0
51 83 32 0
51 83 36 0
51 83 80 0
51 83 81 0
51 83 87 0
51 83 114 0
51 83 115 0
51 84 0 0
51 84 1 0
51 84 2 0
51 84 17 0
51 84 18 0
51 84 64 0
51 84 87 0
51 84 103 0
51 84 114 0
51 84 115 0
51 84 117 0
51 85 0 0
51 85 2 0
51 85 5 0
51 85 17 0
51 85 32 0
51 85 36 0
51 85 80 0
51 85 81 0
51 85 87 0
51 85 117 0
51 86 0 0
51 86 2 0
51 86 114 0
51 86 117 0
51 98 0 0
51 98 1 0
51 98 17 0
51 98 18 0
51 98 64 0
51 98 103 0
51 99 0 0
51 99 1 0
51 99 2 0
51 99 5 0
51 99 17 0
51 99 18 0
51 99 32 0
51 99 36 0
51 99 64 0
51 99 80 0
51 99 81 0
51 99 87 0
51 99 103 0
51 100 0 0
51 100 1 0
51 100 2 0
51 100 5 0
51 100 17 0
51 100 18 0
51 100 32 0
51 100 36 0
51 100 64 0
51 100 80 0
51 100 81 0
51 100 87 0
51 100 103 0
51 100 114 0
51 101 0 0
51 101 2 0
51 101 5 0
51 101 17 0
51 101 32 0
51 101 36 0
51 101 80 0
51 101 81 0
51 101 87 0
51 101 114 0
51 102 2 0
51 102 114 0
51 115 2 0
51 116 2 0
51 117 2 0
