2 0 87 0
2 0 103 0
2 5 3 0
2 5 71 0
2 6 3 0
2 6 20 0
2 6 36 0
2 6 39 0
2 6 71 0
2 7 3 0
2 7 20 0
2 7 36 0
2 7 39 0
2 7 67 0
2 7 71 0
2 22 20 0
2 22 52 0
2 22 68 0
2 22 71 0
2 23 20 0
2 23 52 0
2 23 68 0
2 23 71 0
3 0 5 0
3 0 70 0
3 0 87 0
3 1 5 0
3 1 70 0
3 1 87 0
3 5 20 0
3 5 23 0
3 5 51 0
3 5 54 0
3 6 20 0
3 6 51 0
3 6 54 0
3 7 0 0
3 7 17 0
3 7 20 0
3 7 50 0
3 7 51 0
3 7 54 0
3 7 98 0
3 7 99 0
3 7 101 0
3 7 102 0
3 7 113 0
3 7 116 0
3 7 119 0
3 22 20 0
3 23 20 0
18 4 6 0
18 4 23 0
18 4 34 0
18 4 39 0
18 4 53 0
18 4 81 0
18 4 85 0
18 4 96 0
18 4 99 0
18 5 3 0
18 5 34 0
18 5 39 0
18 5 51 0
18 5 53 0
18 5 71 0
18 5 85 0
18 5 99 0
18 6 3 0
18 6 20 0
18 6 34 0
18 6 36 0
18 6 39 0
18 6 51 0
18 6 53 0
18 6 71 0
18 6 83 0
18 6 85 0
18 6 99 0
18 7 3 0
18 7 20 0
18 7 34 0
18 7 36 0
18 7 39 0
18 7 51 0
18 7 67 0
18 7 71 0
18 7 83 0
18 7 85 0
18 7 99 0
18 16 20 0
18 16 71 0
18 16 102 0
18 16 119 0
18 20 3 0
18 20 6 0
18 22 20 0
18 22 52 0
18 22 68 0
18 22 71 0
18 23 20 0
18 23 52 0
18 23 68 0
18 23 71 0
18 32 35 0
18 32 80 0
18 32 83 0
18 32 96 0
18 38 68 0
18 39 68 0
18 48 99 0
19 0 55 0
19 0 87 0
19 1 55 0
19 1 87 0
19 5 2 0
19 5 33 0
19 5 48 0
19 5 65 0
19 5 80 0
19 5 81 0
19 6 2 0
19 6 33 0
19 6 48 0
19 6 65 0
19 6 80 0
19 6 81 0
19 7 2 0
19 7 48 0
19 7 65 0
19 7 80 0
19 7 81 0
19 16 6 0
19 16 20 0
19 16 21 0
19 16 39 0
19 16 54 0
19 16 65 0
19 16 68 0
19 16 69 0
19 16 96 0
19 16 102 0
19 16 113 0
19 16 114 0
19 16 116 0
19 16 117 0
19 16 119 0
19 17 6 0
19 17 20 0
19 17 21 0
19 17 39 0
19 17 54 0
19 17 65 0
19 17 68 0
19 17 69 0
19 17 96 0
19 17 102 0
19 17 113 0
19 17 114 0
19 17 116 0
19 17 117 0
19 17 119 0
19 21 51 0
19 21 54 0
19 21 67 0
19 21 70 0
19 21 82 0
19 21 83 0
19 21 97 0
19 21 98 0
19 21 112 0
19 21 113 0
19 22 51 0
19 22 54 0
19 22 67 0
19 22 70 0
19 22 82 0
19 22 83 0
19 22 97 0
19 22 98 0
19 22 112 0
19 22 113 0
19 23 0 0
19 23 1 0
19 23 2 0
19 23 17 0
19 23 18 0
19 23 34 0
19 23 35 0
19 23 50 0
19 23 51 0
19 23 54 0
19 23 65 0
19 23 66 0
19 23 67 0
19 23 70 0
19 23 80 0
19 23 82 0
19 23 86 0
19 23 97 0
19 23 98 0
19 23 101 0
19 23 102 0
19 23 103 0
19 23 112 0
19 23 113 0
19 23 114 0
19 23 115 0
19 23 116 0
19 23 117 0
19 23 118 0
19 23 119 0
19 32 80 0
19 32 83 0
19 32 96 0
19 33 35 0
19 33 80 0
19 33 83 0
19 39 84 0
19 39 103 0
34 3 22 0
34 3 23 0
34 3 39 0
34 3 67 0
34 3 80 0
34 3 86 0
34 3 87 0
34 3 97 0
34 3 99 0
34 3 101 0
34 3 112 0
34 3 114 0
34 3 116 0
34 4 6 0
34 4 23 0
34 4 39 0
34 4 53 0
34 4 81 0
34 4 85 0
34 4 96 0
34 4 99 0
34 5 3 0
34 5 39 0
34 5 51 0
34 5 53 0
34 5 71 0
34 5 85 0
34 5 99 0
34 6 3 0
34 6 20 0
34 6 36 0
34 6 39 0
34 6 51 0
34 6 53 0
34 6 71 0
34 6 83 0
34 6 85 0
34 6 99 0
34 7 3 0
34 7 20 0
34 7 36 0
34 7 39 0
34 7 51 0
34 7 67 0
34 7 71 0
34 7 83 0
34 7 85 0
34 7 99 0
34 20 6 0
34 22 4 0
34 22 20 0
34 22 52 0
34 22 68 0
34 22 71 0
34 22 85 0
34 23 4 0
34 23 20 0
34 23 52 0
34 23 68 0
34 23 71 0
34 23 85 0
34 38 68 0
34 39 68 0
34 39 85 0
34 48 5 0
34 48 39 0
34 48 54 0
34 48 113 0
34 48 114 0
34 48 117 0
34 54 68 0
34 55 68 0
34 55 85 0
34 64 6 0
34 64 21 0
34 64 54 0
34 64 83 0
34 64 85 0
34 64 96 0
34 64 113 0
34 64 114 0
34 65 96 0
34 70 68 0
34 71 68 0
34 80 48 0
34 80 51 0
34 80 54 0
34 80 83 0
34 80 85 0
34 80 114 0
34 80 116 0
34 86 68 0
34 87 68 0
34 96 48 0
34 96 51 0
34 96 53 0
34 96 54 0
34 96 65 0
34 96 66 0
34 96 83 0
34 96 85 0
34 96 114 0
34 96 116 0
34 97 64 0
34 97 65 0
34 97 67 0
34 97 68 0
34 97 116 0
34 98 68 0
34 100 68 0
34 112 48 0
34 112 51 0
34 112 52 0
34 112 53 0
34 112 54 0
34 112 65 0
34 112 66 0
34 112 85 0
34 112 114 0
34 112 116 0
34 113 64 0
34 113 65 0
34 113 67 0
34 113 68 0
34 113 116 0
34 114 68 0
34 118 68 0
34 119 67 0
34 119 115 0
35 4 1 0
35 4 16 0
35 4 18 0
35 4 32 0
35 4 33 0
35 4 48 0
35 4 49 0
35 4 64 0
35 4 65 0
35 4 80 0
35 4 84 0
35 4 87 0
35 4 114 0
35 4 117 0
35 4 118 0
35 5 1 0
35 5 2 0
35 5 16 0
35 5 18 0
35 5 32 0
35 5 33 0
35 5 48 0
35 5 49 0
35 5 64 0
35 5 65 0
35 5 80 0
35 5 81 0
35 5 84 0
35 5 87 0
35 5 96 0
35 5 114 0
35 5 117 0
35 5 118 0
35 6 1 0
35 6 2 0
35 6 16 0
35 6 18 0
35 6 32 0
35 6 33 0
35 6 48 0
35 6 49 0
35 6 64 0
35 6 65 0
35 6 80 0
35 6 81 0
35 6 84 0
35 6 87 0
35 6 96 0
35 6 114 0
35 6 117 0
35 6 118 0
35 7 2 0
35 7 32 0
35 7 48 0
35 7 65 0
35 7 80 0
35 7 81 0
35 7 96 0
35 16 39 0
35 16 54 0
35 16 71 0
35 16 103 0
35 17 39 0
35 17 54 0
35 17 71 0
35 17 103 0
35 21 0 0
35 21 2 0
35 21 17 0
35 21 18 0
35 21 19 0
35 21 32 0
35 21 36 0
35 21 49 0
35 21 50 0
35 21 54 0
35 21 65 0
35 21 66 0
35 21 67 0
35 21 69 0
35 21 70 0
35 21 81 0
35 21 82 0
35 21 84 0
35 21 86 0
35 21 87 0
35 21 96 0
35 21 97 0
35 21 100 0
35 21 101 0
35 21 102 0
35 21 103 0
35 21 112 0
35 21 114 0
35 21 115 0
35 21 116 0
35 21 117 0
35 21 119 0
35 22 0 0
35 22 2 0
35 22 17 0
35 22 18 0
35 22 19 0
35 22 36 0
35 22 49 0
35 22 50 0
35 22 54 0
35 22 65 0
35 22 66 0
35 22 67 0
35 22 69 0
35 22 70 0
35 22 81 0
35 22 82 0
35 22 84 0
35 22 86 0
35 22 87 0
35 22 96 0
35 22 97 0
35 22 98 0
35 22 100 0
35 22 101 0
35 22 102 0
35 22 103 0
35 22 112 0
35 22 113 0
35 22 114 0
35 22 115 0
35 22 116 0
35 22 117 0
35 22 119 0
35 23 0 0
35 23 1 0
35 23 2 0
35 23 17 0
35 23 18 0
35 23 19 0
35 23 49 0
35 23 50 0
35 23 54 0
35 23 65 0
35 23 66 0
35 23 67 0
35 23 70 0
35 23 81 0
35 23 82 0
35 23 86 0
35 23 96 0
35 23 97 0
35 23 98 0
35 23 100 0
35 23 101 0
35 23 102 0
35 23 103 0
35 23 112 0
35 23 113 0
35 23 114 0
35 23 115 0
35 23 116 0
35 23 117 0
35 23 118 0
35 23 119 0
35 32 7 0
35 32 22 0
35 32 23 0
35 32 38 0
35 32 39 0
35 32 50 0
35 32 51 0
35 32 52 0
35 32 53 0
35 32 54 0
35 32 55 0
35 32 70 0
35 32 97 0
35 32 98 0
35 32 112 0
35 33 7 0
35 33 22 0
35 33 23 0
35 33 38 0
35 33 50 0
35 33 51 0
35 33 52 0
35 33 53 0
35 33 55 0
35 33 70 0
35 33 97 0
35 33 98 0
35 33 112 0
35 37 84 0
35 37 86 0
35 37 87 0
35 38 36 0
35 38 83 0
35 38 84 0
35 38 86 0
35 38 98 0
35 38 113 0
35 39 0 0
35 39 17 0
35 39 34 0
35 39 36 0
35 39 50 0
35 39 51 0
35 39 65 0
35 39 82 0
35 39 83 0
35 39 84 0
35 39 86 0
35 39 98 0
35 39 100 0
35 39 101 0
35 39 102 0
35 39 103 0
35 39 113 0
35 39 119 0
35 48 50 0
35 48 51 0
35 48 68 0
35 48 98 0
35 48 112 0
35 49 67 0
35 54 52 0
35 54 68 0
35 54 84 0
35 55 52 0
35 55 84 0
35 55 100 0
35 55 101 0
35 55 119 0
35 64 34 0
35 64 50 0
35 64 51 0
35 64 68 0
35 64 83 0
35 64 98 0
35 64 112 0
35 65 51 0
35 65 67 0
35 70 68 0
35 71 101 0
35 71 119 0
35 80 34 0
35 80 48 0
35 80 51 0
35 80 68 0
35 80 83 0
35 80 116 0
35 81 67 0
35 86 68 0
35 96 34 0
35 96 48 0
35 96 51 0
35 96 53 0
35 96 54 0
35 96 64 0
35 96 65 0
35 96 66 0
35 96 83 0
35 96 85 0
35 96 114 0
35 96 116 0
35 97 64 0
35 97 65 0
35 97 67 0
35 97 68 0
35 97 116 0
35 98 68 0
35 100 68 0
35 112 34 0
35 112 48 0
35 112 51 0
35 112 52 0
35 112 53 0
35 112 54 0
35 112 65 0
35 112 66 0
35 112 85 0
35 112 114 0
35 112 116 0
35 113 64 0
35 113 65 0
35 113 67 0
35 113 68 0
35 113 116 0
35 114 68 0
35 118 68 0
35 118 84 0
35 119 55 0
35 119 67 0
35 119 84 0
35 119 115 0
51 1 6 0
51 1 21 0
51 1 23 0
51 1 38 0
51 1 39 0
51 1 54 0
51 1 55 0
51 1 66 0
51 1 71 0
51 1 87 0
51 1 102 0
51 1 114 0
51 1 117 0
51 1 119 0
51 2 6 0
51 2 21 0
51 2 23 0
51 2 32 0
51 2 38 0
51 2 39 0
51 2 54 0
51 2 55 0
51 2 66 0
51 2 71 0
51 2 80 0
51 2 87 0
51 2 96 0
51 2 102 0
51 2 114 0
51 2 115 0
51 2 117 0
51 2 119 0
51 3 0 0
51 3 5 0
51 3 6 0
51 3 16 0
51 3 17 0
51 3 21 0
51 3 23 0
51 3 33 0
51 3 38 0
51 3 39 0
51 3 48 0
51 3 49 0
51 3 54 0
51 3 55 0
51 3 64 0
51 3 66 0
51 3 71 0
51 3 80 0
51 3 87 0
51 3 96 0
51 3 102 0
51 3 114 0
51 3 115 0
51 3 117 0
51 3 118 0
51 3 119 0
51 4 0 0
51 4 1 0
51 4 2 0
51 4 6 0
51 4 16 0
51 4 17 0
51 4 18 0
51 4 23 0
51 4 33 0
51 4 34 0
51 4 48 0
51 4 49 0
51 4 50 0
51 4 55 0
51 4 64 0
51 4 65 0
51 4 66 0
51 4 69 0
51 4 70 0
51 4 81 0
51 4 83 0
51 4 84 0
51 4 87 0
51 4 96 0
51 4 98 0
51 4 99 0
51 4 100 0
51 4 103 0
51 4 113 0
51 4 115 0
51 4 118 0
51 4 119 0
51 5 0 0
51 5 1 0
51 5 2 0
51 5 16 0
51 5 17 0
51 5 18 0
51 5 19 0
51 5 23 0
51 5 33 0
51 5 34 0
51 5 48 0
51 5 49 0
51 5 50 0
51 5 55 0
51 5 64 0
51 5 65 0
51 5 66 0
51 5 69 0
51 5 70 0
51 5 81 0
51 5 83 0
51 5 84 0
51 5 87 0
51 5 96 0
51 5 98 0
51 5 99 0
51 5 100 0
51 5 103 0
51 5 113 0
51 5 115 0
51 5 118 0
51 5 119 0
51 6 0 0
51 6 1 0
51 6 2 0
51 6 16 0
51 6 17 0
51 6 18 0
51 6 19 0
51 6 33 0
51 6 34 0
51 6 48 0
51 6 49 0
51 6 50 0
51 6 64 0
51 6 65 0
51 6 66 0
51 6 69 0
51 6 70 0
51 6 81 0
51 6 83 0
51 6 84 0
51 6 87 0
51 6 96 0
51 6 98 0
51 6 99 0
51 6 100 0
51 6 103 0
51 6 113 0
51 6 115 0
51 6 118 0
51 6 119 0
51 7 2 0
51 7 48 0
51 7 65 0
51 7 80 0
51 7 81 0
51 7 96 0
51 16 39 0
51 16 87 0
51 16 96 0
51 16 99 0
51 16 102 0
51 16 113 0
51 16 114 0
51 16 116 0
51 16 117 0
51 16 119 0
51 17 6 0
51 17 21 0
51 17 23 0
51 17 38 0
51 17 39 0
51 17 54 0
51 17 55 0
51 17 66 0
51 17 71 0
51 17 87 0
51 17 96 0
51 17 99 0
51 17 102 0
51 17 113 0
51 17 114 0
51 17 116 0
51 17 117 0
51 17 119 0
51 18 21 0
51 18 32 0
51 18 39 0
51 18 66 0
51 18 80 0
51 18 87 0
51 18 96 0
51 18 99 0
51 18 102 0
51 18 113 0
51 18 114 0
51 18 115 0
51 18 116 0
51 18 117 0
51 18 119 0
51 19 0 0
51 19 5 0
51 19 6 0
51 19 16 0
51 19 17 0
51 19 21 0
51 19 23 0
51 19 33 0
51 19 38 0
51 19 39 0
51 19 48 0
51 19 49 0
51 19 54 0
51 19 55 0
51 19 64 0
51 19 66 0
51 19 71 0
51 19 87 0
51 19 102 0
51 19 114 0
51 19 117 0
51 19 118 0
51 19 119 0
51 20 2 0
51 20 6 0
51 20 18 0
51 20 23 0
51 20 34 0
51 20 35 0
51 20 36 0
51 20 50 0
51 20 69 0
51 20 70 0
51 20 83 0
51 20 87 0
51 20 98 0
51 20 99 0
51 20 100 0
51 20 103 0
51 20 113 0
51 20 115 0
51 20 118 0
51 20 119 0
51 21 2 0
51 21 18 0
51 21 19 0
51 21 34 0
51 21 35 0
51 21 36 0
51 21 50 0
51 21 54 0
51 21 55 0
51 21 67 0
51 21 69 0
51 21 70 0
51 21 82 0
51 21 83 0
51 21 86 0
51 21 87 0
51 21 97 0
51 21 98 0
51 21 99 0
51 21 100 0
51 21 101 0
51 21 102 0
51 21 103 0
51 21 112 0
51 21 113 0
51 21 115 0
51 21 116 0
51 21 118 0
51 21 119 0
51 22 2 0
51 22 18 0
51 22 19 0
51 22 34 0
51 22 35 0
51 22 36 0
51 22 50 0
51 22 54 0
51 22 67 0
51 22 69 0
51 22 70 0
51 22 82 0
51 22 83 0
51 22 86 0
51 22 87 0
51 22 97 0
51 22 98 0
51 22 99 0
51 22 100 0
51 22 101 0
51 22 102 0
51 22 103 0
51 22 112 0
51 22 113 0
51 22 115 0
51 22 116 0
51 22 118 0
51 22 119 0
51 23 0 0
51 23 1 0
51 23 2 0
51 23 17 0
51 23 18 0
51 23 19 0
51 23 34 0
51 23 35 0
51 23 49 0
51 23 50 0
51 23 54 0
51 23 65 0
51 23 66 0
51 23 67 0
51 23 70 0
51 23 80 0
51 23 81 0
51 23 82 0
51 23 86 0
51 23 96 0
51 23 97 0
51 23 98 0
51 23 100 0
51 23 101 0
51 23 102 0
51 23 103 0
51 23 112 0
51 23 113 0
51 23 114 0
51 23 115 0
51 23 116 0
51 23 117 0
51 23 118 0
51 23 119 0
51 32 2 0
51 32 5 0
51 32 6 0
51 32 21 0
51 32 23 0
51 32 36 0
51 32 38 0
51 32 39 0
51 32 50 0
51 32 55 0
51 32 81 0
51 32 87 0
51 32 96 0
51 32 99 0
51 32 102 0
51 32 113 0
51 32 114 0
51 32 116 0
51 32 117 0
51 32 119 0
51 33 2 0
51 33 5 0
51 33 6 0
51 33 21 0
51 33 23 0
51 33 36 0
51 33 38 0
51 33 39 0
51 33 50 0
51 33 54 0
51 33 55 0
51 33 66 0
51 33 71 0
51 33 81 0
51 33 87 0
51 33 102 0
51 33 114 0
51 33 117 0
51 33 119 0
51 37 1 0
51 37 18 0
51 37 23 0
51 37 34 0
51 37 35 0
51 37 50 0
51 37 52 0
51 37 67 0
51 37 69 0
51 37 82 0
51 37 83 0
51 37 84 0
51 37 86 0
51 37 87 0
51 37 97 0
51 37 98 0
51 37 99 0
51 37 101 0
51 37 102 0
51 37 103 0
51 37 112 0
51 37 113 0
51 37 119 0
51 38 18 0
51 38 34 0
51 38 35 0
51 38 36 0
51 38 50 0
51 38 52 0
51 38 67 0
51 38 69 0
51 38 82 0
51 38 83 0
51 38 86 0
51 38 87 0
51 38 97 0
51 38 98 0
51 38 99 0
51 38 101 0
51 38 102 0
51 38 103 0
51 38 112 0
51 38 113 0
51 38 119 0
51 39 0 0
51 39 17 0
51 39 18 0
51 39 34 0
51 39 35 0
51 39 36 0
51 39 50 0
51 39 53 0
51 39 65 0
51 39 67 0
51 39 82 0
51 39 83 0
51 39 84 0
51 39 86 0
51 39 87 0
51 39 97 0
51 39 98 0
51 39 100 0
51 39 101 0
51 39 102 0
51 39 103 0
51 39 112 0
51 39 113 0
51 39 119 0
51 48 0 0
51 48 6 0
51 48 16 0
51 48 17 0
51 48 18 0
51 48 20 0
51 48 21 0
51 48 23 0
51 48 36 0
51 48 38 0
51 48 39 0
51 48 54 0
51 48 55 0
51 48 66 0
51 48 68 0
51 48 69 0
51 48 71 0
51 48 80 0
51 48 81 0
51 48 86 0
51 48 96 0
51 48 99 0
51 48 102 0
51 48 113 0
51 48 114 0
51 48 116 0
51 48 117 0
51 48 119 0
51 49 0 0
51 49 16 0
51 49 17 0
51 49 18 0
51 49 20 0
51 49 23 0
51 49 38 0
51 49 39 0
51 49 50 0
51 49 54 0
51 49 66 0
51 49 68 0
51 49 69 0
51 49 71 0
51 49 80 0
51 49 86 0
51 49 96 0
51 49 99 0
51 49 102 0
51 49 113 0
51 49 114 0
51 49 116 0
51 49 117 0
51 49 119 0
51 53 18 0
51 53 23 0
51 53 35 0
51 53 36 0
51 53 50 0
51 53 82 0
51 53 83 0
51 53 85 0
51 53 86 0
51 53 87 0
51 53 98 0
51 53 99 0
51 53 100 0
51 53 101 0
51 53 102 0
51 53 103 0
51 53 113 0
51 53 119 0
51 54 18 0
51 54 23 0
51 54 35 0
51 54 36 0
51 54 50 0
51 54 52 0
51 54 82 0
51 54 83 0
51 54 85 0
51 54 86 0
51 54 98 0
51 54 99 0
51 54 101 0
51 54 102 0
51 54 103 0
51 54 113 0
51 54 119 0
51 55 1 0
51 55 7 0
51 55 18 0
51 55 22 0
51 55 23 0
51 55 34 0
51 55 35 0
51 55 50 0
51 55 52 0
51 55 53 0
51 55 65 0
51 55 67 0
51 55 69 0
51 55 82 0
51 55 83 0
51 55 84 0
51 55 86 0
51 55 97 0
51 55 98 0
51 55 99 0
51 55 100 0
51 55 101 0
51 55 102 0
51 55 103 0
51 55 112 0
51 55 113 0
51 55 114 0
51 55 119 0
51 64 0 0
51 64 6 0
51 64 7 0
51 64 16 0
51 64 17 0
51 64 18 0
51 64 20 0
51 64 21 0
51 64 22 0
51 64 23 0
51 64 32 0
51 64 33 0
51 64 34 0
51 64 35 0
51 64 36 0
51 64 37 0
51 64 38 0
51 64 50 0
51 64 52 0
51 64 53 0
51 64 54 0
51 64 66 0
51 64 68 0
51 64 69 0
51 64 84 0
51 64 96 0
51 64 97 0
51 64 100 0
51 64 101 0
51 64 102 0
51 64 113 0
51 64 114 0
51 64 118 0
51 64 119 0
51 65 7 0
51 65 22 0
51 65 23 0
51 65 37 0
51 65 38 0
51 65 52 0
51 65 53 0
51 65 66 0
51 65 96 0
51 65 97 0
51 65 98 0
51 65 100 0
51 65 113 0
51 69 23 0
51 69 35 0
51 69 37 0
51 69 38 0
51 69 50 0
51 69 67 0
51 69 82 0
51 69 83 0
51 69 98 0
51 69 99 0
51 69 101 0
51 69 102 0
51 69 113 0
51 69 119 0
51 70 23 0
51 70 35 0
51 70 37 0
51 70 38 0
51 70 50 0
51 70 52 0
51 70 82 0
51 70 83 0
51 70 84 0
51 70 98 0
51 70 99 0
51 70 101 0
51 70 102 0
51 70 103 0
51 70 113 0
51 70 119 0
51 71 7 0
51 71 18 0
51 71 22 0
51 71 23 0
51 71 33 0
51 71 34 0
51 71 35 0
51 71 36 0
51 71 37 0
51 71 38 0
51 71 50 0
51 71 53 0
51 71 67 0
51 71 69 0
51 71 82 0
51 71 83 0
51 71 84 0
51 71 97 0
51 71 98 0
51 71 99 0
51 71 101 0
51 71 102 0
51 71 103 0
51 71 112 0
51 71 113 0
51 71 119 0
51 80 0 0
51 80 6 0
51 80 7 0
51 80 17 0
51 80 18 0
51 80 20 0
51 80 21 0
51 80 22 0
51 80 23 0
51 80 32 0
51 80 33 0
51 80 34 0
51 80 35 0
51 80 36 0
51 80 37 0
51 80 38 0
51 80 48 0
51 80 49 0
51 80 50 0
51 80 52 0
51 80 53 0
51 80 54 0
51 80 66 0
51 80 68 0
51 80 69 0
51 80 84 0
51 80 85 0
51 80 98 0
51 80 99 0
51 80 100 0
51 80 101 0
51 80 102 0
51 80 113 0
51 80 114 0
51 80 116 0
51 80 119 0
51 81 23 0
51 81 37 0
51 81 38 0
51 81 48 0
51 81 49 0
51 81 52 0
51 81 53 0
51 81 66 0
51 81 68 0
51 81 100 0
51 81 113 0
51 81 116 0
51 82 23 0
51 82 33 0
51 82 34 0
51 82 35 0
51 82 36 0
51 82 37 0
51 82 38 0
51 82 49 0
51 82 52 0
51 82 53 0
51 82 54 0
51 82 66 0
51 82 67 0
51 82 68 0
51 82 69 0
51 82 84 0
51 82 85 0
51 82 102 0
51 82 113 0
51 82 116 0
51 82 119 0
51 83 23 0
51 83 37 0
51 83 38 0
51 83 53 0
51 83 66 0
51 84 37 0
51 84 52 0
51 84 82 0
51 84 119 0
51 85 37 0
51 85 50 0
51 85 82 0
51 85 119 0
51 86 35 0
51 86 37 0
51 86 50 0
51 86 52 0
51 86 54 0
51 86 55 0
51 86 82 0
51 86 84 0
51 86 99 0
51 86 119 0
51 87 1 0
51 87 7 0
51 87 18 0
51 87 19 0
51 87 22 0
51 87 33 0
51 87 34 0
51 87 35 0
51 87 36 0
51 87 37 0
51 87 38 0
51 87 49 0
51 87 50 0
51 87 52 0
51 87 53 0
51 87 54 0
51 87 55 0
51 87 66 0
51 87 69 0
51 87 81 0
51 87 82 0
51 87 84 0
51 87 97 0
51 87 98 0
51 87 99 0
51 87 100 0
51 87 101 0
51 87 112 0
51 87 115 0
51 87 119 0
51 96 0 0
51 96 3 0
51 96 6 0
51 96 7 0
51 96 17 0
51 96 18 0
51 96 20 0
51 96 21 0
51 96 22 0
51 96 23 0
51 96 32 0
51 96 33 0
51 96 34 0
51 96 35 0
51 96 36 0
51 96 37 0
51 96 38 0
51 96 49 0
51 96 50 0
51 96 52 0
51 96 53 0
51 96 54 0
51 96 64 0
51 96 65 0
51 96 66 0
51 96 69 0
51 96 84 0
51 96 85 0
51 96 98 0
51 96 99 0
51 96 100 0
51 96 101 0
51 96 102 0
51 96 114 0
51 96 116 0
51 96 119 0
51 97 23 0
51 97 37 0
51 97 38 0
51 97 49 0
51 97 52 0
51 97 53 0
51 97 64 0
51 97 66 0
51 97 67 0
51 97 100 0
51 97 115 0
51 98 23 0
51 98 37 0
51 98 38 0
51 98 49 0
51 98 52 0
51 98 53 0
51 98 65 0
51 98 66 0
51 98 67 0
51 98 68 0
51 98 112 0
51 98 116 0
51 99 37 0
51 99 38 0
51 99 66 0
51 99 67 0
51 99 68 0
51 100 37 0
51 100 54 0
51 100 67 0
51 100 68 0
51 100 82 0
51 100 119 0
51 101 37 0
51 101 38 0
51 101 50 0
51 101 67 0
51 101 68 0
51 101 82 0
51 101 115 0
51 101 119 0
51 102 35 0
51 102 37 0
51 102 50 0
51 102 52 0
51 102 54 0
51 102 68 0
51 102 71 0
51 102 82 0
51 102 83 0
51 102 84 0
51 102 99 0
51 102 116 0
51 103 1 0
51 103 7 0
51 103 16 0
51 103 18 0
51 103 19 0
51 103 22 0
51 103 33 0
51 103 34 0
51 103 35 0
51 103 36 0
51 103 37 0
51 103 38 0
51 103 39 0
51 103 49 0
51 103 50 0
51 103 53 0
51 103 54 0
51 103 55 0
51 103 66 0
51 103 69 0
51 103 71 0
51 103 81 0
51 103 82 0
51 103 84 0
51 103 97 0
51 103 98 0
51 103 99 0
51 103 100 0
51 103 101 0
51 103 112 0
51 103 116 0
51 112 0 0
51 112 3 0
51 112 6 0
51 112 7 0
51 112 17 0
51 112 18 0
51 112 20 0
51 112 21 0
51 112 22 0
51 112 23 0
51 112 32 0
51 112 33 0
51 112 34 0
51 112 35 0
51 112 36 0
51 112 37 0
51 112 38 0
51 112 49 0
51 112 50 0
51 112 52 0
51 112 53 0
51 112 54 0
51 112 65 0
51 112 66 0
51 112 69 0
51 112 81 0
51 112 84 0
51 112 85 0
51 112 86 0
51 112 98 0
51 112 99 0
51 112 100 0
51 112 101 0
51 112 102 0
51 112 114 0
51 112 116 0
51 112 117 0
51 112 119 0
51 113 0 0
51 113 6 0
51 113 17 0
51 113 18 0
51 113 20 0
51 113 21 0
51 113 23 0
51 113 33 0
51 113 34 0
51 113 35 0
51 113 36 0
51 113 37 0
51 113 38 0
51 113 49 0
51 113 52 0
51 113 53 0
51 113 54 0
51 113 64 0
51 113 65 0
51 113 66 0
51 113 67 0
51 113 69 0
51 113 81 0
51 113 84 0
51 113 85 0
51 113 100 0
51 113 102 0
51 113 115 0
51 113 116 0
51 113 117 0
51 113 119 0
51 114 0 0
51 114 17 0
51 114 18 0
51 114 20 0
51 114 21 0
51 114 23 0
51 114 33 0
51 114 34 0
51 114 35 0
51 114 36 0
51 114 37 0
51 114 38 0
51 114 48 0
51 114 49 0
51 114 52 0
51 114 53 0
51 114 54 0
51 114 65 0
51 114 66 0
51 114 67 0
51 114 68 0
51 114 69 0
51 114 81 0
51 114 83 0
51 114 84 0
51 114 85 0
51 114 102 0
51 114 112 0
51 114 116 0
51 114 119 0
51 115 0 0
51 115 17 0
51 115 21 0
51 115 33 0
51 115 34 0
51 115 36 0
51 115 37 0
51 115 38 0
51 115 49 0
51 115 52 0
51 115 66 0
51 115 67 0
51 115 68 0
51 115 69 0
51 115 81 0
51 115 83 0
51 115 85 0
51 115 102 0
51 115 112 0
51 115 119 0
51 116 19 0
51 116 33 0
51 116 34 0
51 116 36 0
51 116 37 0
51 116 49 0
51 116 52 0
51 116 66 0
51 116 67 0
51 116 68 0
51 116 69 0
51 116 81 0
51 116 82 0
51 116 83 0
51 116 112 0
51 116 119 0
51 117 7 0
51 117 16 0
51 117 19 0
51 117 22 0
51 117 33 0
51 117 34 0
51 117 36 0
51 117 37 0
51 117 49 0
51 117 50 0
51 117 52 0
51 117 55 0
51 117 66 0
51 117 67 0
51 117 68 0
51 117 69 0
51 117 70 0
51 117 81 0
51 117 82 0
51 117 86 0
51 117 97 0
51 117 112 0
51 117 115 0
51 117 119 0
51 118 1 0
51 118 7 0
51 118 16 0
51 118 18 0
51 118 19 0
51 118 22 0
51 118 33 0
51 118 34 0
51 118 35 0
51 118 36 0
51 118 37 0
51 118 49 0
51 118 50 0
51 118 52 0
51 118 54 0
51 118 55 0
51 118 64 0
51 118 66 0
51 118 68 0
51 118 69 0
51 118 70 0
51 118 71 0
51 118 81 0
51 118 82 0
51 118 84 0
51 118 86 0
51 118 97 0
51 118 99 0
51 118 112 0
51 118 114 0
51 118 116 0
51 119 1 0
51 119 7 0
51 119 16 0
51 119 18 0
51 119 19 0
51 119 21 0
51 119 22 0
51 119 33 0
51 119 34 0
51 119 35 0
51 119 36 0
51 119 37 0
51 119 38 0
51 119 39 0
51 119 49 0
51 119 50 0
51 119 53 0
51 119 54 0
51 119 55 0
51 119 64 0
51 119 66 0
51 119 69 0
51 119 70 0
51 119 81 0
51 119 82 0
51 119 84 0
51 119 86 0
51 119 97 0
51 119 98 0
51 119 99 0
51 119 100 0
51 119 101 0
51 119 112 0
51 119 114 0
