2 5 52 1
2 5 55 1
2 16 38 1
2 16 71 1
3 0 118 1
3 1 70 1
3 1 87 1
3 1 97 1
3 1 100 1
3 1 117 1
3 1 118 1
3 5 1 1
3 5 4 1
3 5 7 1
3 5 34 1
3 5 37 1
3 5 52 1
3 5 55 1
3 5 82 1
3 5 83 1
3 5 85 1
3 5 86 1
3 5 97 1
3 5 100 1
3 5 103 1
3 5 112 1
3 5 115 1
3 6 1 1
3 6 5 1
3 6 18 1
3 6 35 1
3 6 38 1
3 6 53 1
3 6 54 1
3 6 69 1
3 6 83 1
3 6 84 1
3 6 86 1
3 6 87 1
3 6 99 1
3 6 100 1
3 6 102 1
3 6 103 1
3 6 114 1
3 7 1 1
3 7 5 1
3 7 18 1
3 7 35 1
3 7 69 1
3 7 83 1
3 7 84 1
3 7 86 1
3 7 87 1
3 7 100 1
3 7 103 1
3 16 5 1
3 16 17 1
3 16 19 1
3 16 20 1
3 16 32 1
3 16 38 1
3 16 53 1
3 16 70 1
3 16 82 1
3 16 87 1
3 17 64 1
3 17 67 1
3 17 84 1
3 22 68 1
3 22 71 1
3 22 83 1
3 23 4 1
3 23 52 1
3 23 69 1
3 32 6 1
3 32 21 1
3 32 33 1
3 32 35 1
3 32 36 1
3 32 48 1
3 32 51 1
3 32 52 1
3 32 80 1
3 32 81 1
3 32 84 1
3 32 96 1
3 32 97 1
3 32 99 1
18 5 52 1
18 5 55 1
18 32 23 1
18 48 7 1
18 48 22 1
18 48 37 1
18 48 49 1
18 48 51 1
18 48 52 1
18 48 64 1
18 48 67 1
18 48 68 1
18 48 96 1
18 48 97 1
18 48 100 1
18 48 112 1
18 48 113 1
18 48 115 1
19 1 7 1
19 1 39 1
19 1 55 1
19 1 97 1
19 1 100 1
19 1 112 1
19 1 114 1
19 1 115 1
19 1 117 1
19 1 118 1
19 5 1 1
19 5 4 1
19 5 7 1
19 5 34 1
19 5 37 1
19 5 52 1
19 5 55 1
19 5 82 1
19 5 83 1
19 5 85 1
19 5 86 1
19 5 97 1
19 5 100 1
19 5 103 1
19 5 112 1
19 5 115 1
19 6 1 1
19 6 5 1
19 6 18 1
19 6 35 1
19 6 38 1
19 6 53 1
19 6 54 1
19 6 69 1
19 6 83 1
19 6 84 1
19 6 86 1
19 6 87 1
19 6 99 1
19 6 100 1
19 6 102 1
19 6 103 1
19 6 114 1
19 7 1 1
19 7 5 1
19 7 18 1
19 7 35 1
19 7 69 1
19 7 83 1
19 7 84 1
19 7 86 1
19 7 87 1
19 7 100 1
19 7 103 1
19 16 0 1
19 16 3 1
19 16 4 1
19 16 18 1
19 16 23 1
19 16 32 1
19 16 38 1
19 16 39 1
19 16 53 1
19 16 54 1
19 16 55 1
19 16 69 1
19 16 70 1
19 16 71 1
19 16 85 1
19 16 86 1
19 16 87 1
19 16 102 1
19 16 103 1
19 16 114 1
19 16 119 1
19 17 5 1
19 17 7 1
19 17 16 1
19 17 18 1
19 17 20 1
19 17 22 1
19 17 37 1
19 17 39 1
19 17 53 1
19 17 54 1
19 17 64 1
19 17 65 1
19 17 66 1
19 17 67 1
19 17 69 1
19 17 70 1
19 17 82 1
19 17 98 1
19 17 101 1
19 17 112 1
19 17 114 1
19 17 115 1
19 17 118 1
19 22 68 1
19 22 71 1
19 22 83 1
19 23 4 1
19 23 52 1
19 23 69 1
19 32 23 1
34 5 52 1
34 5 55 1
34 80 67 1
34 80 115 1
35 0 2 1
35 1 0 1
35 1 2 1
35 1 4 1
35 1 7 1
35 1 23 1
35 1 33 1
35 1 39 1
35 1 49 1
35 1 52 1
35 1 55 1
35 1 64 1
35 1 69 1
35 1 82 1
35 1 83 1
35 1 84 1
35 1 85 1
35 1 86 1
35 1 97 1
35 1 98 1
35 1 99 1
35 1 100 1
35 1 101 1
35 1 102 1
35 1 103 1
35 1 112 1
35 1 113 1
35 1 114 1
35 1 115 1
35 1 116 1
35 1 117 1
35 1 118 1
35 1 119 1
35 2 3 1
35 2 18 1
35 2 34 1
35 2 65 1
35 2 66 1
35 2 81 1
35 2 99 1
35 2 113 1
35 2 116 1
35 3 0 1
35 3 2 1
35 3 4 1
35 3 5 1
35 3 6 1
35 3 7 1
35 3 19 1
35 3 22 1
35 3 23 1
35 3 32 1
35 3 39 1
35 3 49 1
35 3 50 1
35 3 51 1
35 3 52 1
35 3 53 1
35 3 55 1
35 3 64 1
35 3 65 1
35 3 66 1
35 3 67 1
35 3 68 1
35 3 69 1
35 3 70 1
35 3 80 1
35 3 81 1
35 3 82 1
35 3 83 1
35 3 84 1
35 3 85 1
35 3 86 1
35 3 87 1
35 3 96 1
35 3 97 1
35 3 98 1
35 3 99 1
35 3 100 1
35 3 101 1
35 3 102 1
35 3 103 1
35 3 112 1
35 3 113 1
35 3 114 1
35 3 115 1
35 3 116 1
35 3 117 1
35 3 119 1
35 4 0 1
35 4 2 1
35 4 16 1
35 4 17 1
35 4 48 1
35 4 50 1
35 4 51 1
35 4 66 1
35 4 67 1
35 4 84 1
35 4 101 1
35 5 4 1
35 5 7 1
35 5 21 1
35 5 34 1
35 5 37 1
35 5 52 1
35 5 55 1
35 5 66 1
35 5 67 1
35 5 69 1
35 5 70 1
35 5 82 1
35 5 83 1
35 5 85 1
35 5 86 1
35 5 97 1
35 5 100 1
35 5 103 1
35 5 112 1
35 5 115 1
35 6 1 1
35 6 5 1
35 6 18 1
35 6 38 1
35 6 53 1
35 6 54 1
35 6 83 1
35 6 84 1
35 6 86 1
35 6 87 1
35 6 99 1
35 6 100 1
35 6 102 1
35 6 103 1
35 6 114 1
35 7 1 1
35 7 5 1
35 7 18 1
35 7 69 1
35 7 83 1
35 7 84 1
35 7 86 1
35 7 87 1
35 7 100 1
35 7 103 1
35 16 0 1
35 16 3 1
35 16 4 1
35 16 18 1
35 16 19 1
35 16 23 1
35 16 32 1
35 16 38 1
35 16 39 1
35 16 53 1
35 16 54 1
35 16 55 1
35 16 69 1
35 16 70 1
35 16 71 1
35 16 85 1
35 16 86 1
35 16 87 1
35 16 102 1
35 16 103 1
35 16 114 1
35 16 119 1
35 17 6 1
35 17 7 1
35 17 16 1
35 17 18 1
35 17 20 1
35 17 21 1
35 17 22 1
35 17 33 1
35 17 36 1
35 17 37 1
35 17 49 1
35 17 52 1
35 17 53 1
35 17 64 1
35 17 65 1
35 17 67 1
35 17 69 1
35 17 81 1
35 17 82 1
35 17 84 1
35 17 96 1
35 17 97 1
35 17 98 1
35 17 100 1
35 17 101 1
35 17 112 1
35 17 118 1
35 22 68 1
35 22 71 1
35 22 83 1
35 23 4 1
35 23 52 1
35 23 69 1
35 32 6 1
35 32 21 1
35 32 23 1
35 32 33 1
35 32 36 1
35 32 48 1
35 33 6 1
35 33 21 1
35 33 32 1
35 33 36 1
35 33 49 1
35 33 52 1
35 33 80 1
35 33 81 1
35 33 83 1
35 33 96 1
35 33 97 1
35 33 99 1
35 33 100 1
35 33 117 1
35 48 38 1
35 48 53 1
35 48 67 1
35 48 68 1
35 48 80 1
35 48 83 1
35 48 84 1
35 48 97 1
35 48 112 1
35 48 113 1
35 48 115 1
35 80 67 1
35 80 115 1
51 0 23 1
51 0 38 1
51 0 39 1
51 0 55 1
51 0 98 1
51 0 102 1
51 0 113 1
51 0 114 1
51 0 115 1
51 0 119 1
51 1 2 1
51 1 4 1
51 1 7 1
51 1 23 1
51 1 33 1
51 1 39 1
51 1 48 1
51 1 49 1
51 1 55 1
51 1 64 1
51 1 68 1
51 1 82 1
51 1 83 1
51 1 84 1
51 1 85 1
51 1 97 1
51 1 98 1
51 1 99 1
51 1 100 1
51 1 101 1
51 1 102 1
51 1 112 1
51 1 113 1
51 1 114 1
51 1 115 1
51 1 116 1
51 1 117 1
51 1 118 1
51 1 119 1
51 2 113 1
51 3 5 1
51 3 7 1
51 3 22 1
51 3 23 1
51 3 52 1
51 3 53 1
51 3 55 1
51 3 68 1
51 3 69 1
51 3 83 1
51 3 98 1
51 4 0 1
51 4 2 1
51 4 16 1
51 4 17 1
51 4 48 1
51 4 50 1
51 4 66 1
51 4 67 1
51 4 84 1
51 4 101 1
51 5 52 1
51 5 55 1
51 6 52 1
51 6 55 1
51 6 67 1
51 7 69 1
51 16 3 1
51 16 4 1
51 16 7 1
51 16 18 1
51 16 19 1
51 16 22 1
51 16 23 1
51 16 32 1
51 16 37 1
51 16 38 1
51 16 39 1
51 16 53 1
51 16 54 1
51 16 55 1
51 16 64 1
51 16 68 1
51 16 69 1
51 16 70 1
51 16 71 1
51 16 85 1
51 16 86 1
51 16 87 1
51 16 102 1
51 16 103 1
51 16 112 1
51 16 113 1
51 16 114 1
51 16 115 1
51 16 119 1
51 17 52 1
51 17 67 1
51 22 68 1
51 23 4 1
51 23 52 1
51 23 69 1
51 32 23 1
51 48 38 1
51 48 53 1
51 48 67 1
51 48 68 1
51 48 80 1
51 48 83 1
51 48 84 1
51 48 97 1
51 48 112 1
51 48 113 1
51 48 115 1
51 80 67 1
51 80 115 1
51 96 115 1
51 103 116 1
51 113 64 1
51 118 71 1
