1 4 3 1
1 4 36 1
1 4 54 1
1 4 66 1
1 4 68 1
1 4 71 1
1 5 68 1
1 6 4 1
1 6 68 1
1 7 53 1
1 48 51 1
2 4 3 1
2 4 39 1
2 4 48 1
2 4 54 1
2 4 87 1
2 4 99 1
2 4 101 1
2 4 114 1
2 4 116 1
2 6 49 1
2 6 64 1
2 7 16 1
2 7 33 1
2 7 49 1
2 7 64 1
2 7 117 1
2 16 87 1
2 16 103 1
2 21 23 1
2 22 3 1
2 22 20 1
2 22 71 1
2 23 3 1
2 23 19 1
2 23 20 1
2 23 22 1
2 23 35 1
2 23 36 1
2 23 39 1
2 23 67 1
2 23 70 1
2 23 71 1
2 23 86 1
2 23 99 1
2 39 3 1
2 39 20 1
2 39 52 1
2 39 68 1
2 39 71 1
2 48 51 1
3 6 16 1
3 17 1 1
3 17 5 1
3 17 70 1
3 17 87 1
3 21 23 1
3 22 0 1
3 22 17 1
3 22 20 1
3 22 23 1
3 22 50 1
3 22 51 1
3 22 54 1
3 22 98 1
3 22 99 1
3 22 101 1
3 22 102 1
3 22 113 1
3 22 116 1
3 22 119 1
3 23 0 1
3 23 17 1
3 23 119 1
3 39 20 1
3 48 51 1
3 55 52 1
17 3 5 1
17 3 50 1
17 3 53 1
17 3 66 1
17 3 69 1
17 3 81 1
17 3 84 1
17 3 96 1
17 4 3 1
17 4 7 1
17 4 36 1
17 4 54 1
17 4 66 1
17 4 68 1
17 4 71 1
17 5 7 1
17 5 55 1
17 5 68 1
17 6 4 1
17 6 68 1
17 7 53 1
17 48 6 1
17 48 21 1
17 48 35 1
17 48 36 1
17 48 69 1
17 48 80 1
17 48 83 1
17 48 84 1
17 64 36 1
17 64 48 1
17 64 66 1
17 64 68 1
17 64 99 1
17 64 112 1
17 64 116 1
17 80 68 1
17 80 112 1
17 80 115 1
17 96 64 1
17 96 68 1
17 112 83 1
18 4 3 1
18 4 32 1
18 4 48 1
18 4 87 1
18 4 114 1
18 4 117 1
18 5 2 1
18 5 6 1
18 5 21 1
18 5 81 1
18 5 87 1
18 5 96 1
18 6 49 1
18 6 64 1
18 7 2 1
18 7 16 1
18 7 33 1
18 7 49 1
18 7 64 1
18 7 117 1
18 20 23 1
18 20 39 1
18 20 87 1
18 20 99 1
18 20 114 1
18 21 23 1
18 21 34 1
18 21 53 1
18 21 83 1
18 21 85 1
18 21 98 1
18 21 99 1
18 21 113 1
18 22 3 1
18 22 20 1
18 22 34 1
18 22 51 1
18 22 71 1
18 22 83 1
18 22 85 1
18 22 99 1
18 23 2 1
18 23 3 1
18 23 19 1
18 23 20 1
18 23 22 1
18 23 34 1
18 23 35 1
18 23 36 1
18 23 39 1
18 23 51 1
18 23 67 1
18 23 70 1
18 23 71 1
18 23 86 1
18 23 99 1
18 32 20 1
18 32 71 1
18 32 102 1
18 32 119 1
18 37 36 1
18 37 83 1
18 37 98 1
18 37 113 1
18 39 3 1
18 39 20 1
18 39 52 1
18 39 68 1
18 39 71 1
18 48 6 1
18 48 21 1
18 48 35 1
18 48 36 1
18 48 69 1
18 48 80 1
18 48 83 1
18 48 84 1
18 49 96 1
18 55 68 1
18 64 36 1
18 64 48 1
18 64 66 1
18 64 68 1
18 64 99 1
18 64 112 1
18 64 116 1
18 71 68 1
18 80 68 1
18 80 112 1
18 80 115 1
18 87 68 1
18 87 116 1
18 96 64 1
18 96 68 1
18 112 83 1
19 17 55 1
19 17 87 1
19 21 33 1
19 21 48 1
19 22 2 1
19 22 6 1
19 22 48 1
19 22 65 1
19 22 80 1
19 22 81 1
19 23 2 1
19 23 48 1
19 32 71 1
19 32 114 1
19 33 6 1
19 33 20 1
19 33 21 1
19 33 39 1
19 33 54 1
19 33 65 1
19 33 68 1
19 33 69 1
19 33 96 1
19 33 102 1
19 33 113 1
19 33 114 1
19 33 116 1
19 33 117 1
19 33 119 1
19 37 36 1
19 37 83 1
19 37 98 1
19 37 113 1
19 38 0 1
19 38 1 1
19 38 2 1
19 38 6 1
19 38 17 1
19 38 18 1
19 38 32 1
19 38 34 1
19 38 35 1
19 38 49 1
19 38 50 1
19 38 51 1
19 38 54 1
19 38 65 1
19 38 66 1
19 38 67 1
19 38 70 1
19 38 80 1
19 38 82 1
19 38 86 1
19 38 97 1
19 38 101 1
19 38 102 1
19 38 103 1
19 38 112 1
19 38 114 1
19 38 115 1
19 38 116 1
19 38 117 1
19 38 118 1
19 38 119 1
19 39 2 1
19 39 33 1
19 39 48 1
19 39 50 1
19 39 65 1
19 39 80 1
19 39 98 1
19 39 101 1
19 39 113 1
19 39 117 1
19 48 6 1
19 48 21 1
19 48 35 1
19 48 36 1
19 48 69 1
19 48 80 1
19 48 83 1
19 48 84 1
19 49 96 1
19 54 103 1
19 55 84 1
19 64 36 1
19 64 66 1
19 64 68 1
19 64 99 1
19 64 112 1
19 64 116 1
19 71 115 1
19 80 68 1
19 80 112 1
19 80 115 1
19 87 116 1
19 87 119 1
19 96 64 1
19 96 68 1
19 103 67 1
19 112 83 1
19 119 84 1
34 3 2 1
34 4 2 1
34 4 3 1
34 4 32 1
34 4 48 1
34 4 49 1
34 4 80 1
34 4 87 1
34 4 114 1
34 4 117 1
34 5 2 1
34 5 6 1
34 5 81 1
34 5 87 1
34 5 96 1
34 7 2 1
34 7 16 1
34 7 33 1
34 7 49 1
34 7 64 1
34 7 117 1
34 20 22 1
34 20 23 1
34 20 39 1
34 20 67 1
34 20 86 1
34 20 87 1
34 20 97 1
34 20 99 1
34 20 101 1
34 20 112 1
34 20 114 1
34 20 116 1
34 21 23 1
34 21 53 1
34 21 83 1
34 21 85 1
34 21 98 1
34 21 99 1
34 21 113 1
34 22 3 1
34 22 20 1
34 22 51 1
34 22 71 1
34 22 83 1
34 22 85 1
34 22 99 1
34 23 2 1
34 23 3 1
34 23 19 1
34 23 20 1
34 23 22 1
34 23 35 1
34 23 36 1
34 23 39 1
34 23 51 1
34 23 67 1
34 23 70 1
34 23 71 1
34 23 86 1
34 23 99 1
34 37 36 1
34 37 83 1
34 37 85 1
34 37 98 1
34 37 113 1
34 38 85 1
34 39 3 1
34 39 4 1
34 39 7 1
34 39 20 1
34 39 52 1
34 39 68 1
34 39 71 1
34 48 32 1
34 55 36 1
34 55 68 1
34 64 2 1
34 64 3 1
34 64 5 1
34 64 19 1
34 64 32 1
34 64 39 1
34 64 48 1
34 64 87 1
34 64 117 1
34 65 39 1
34 65 54 1
34 65 113 1
34 65 114 1
34 65 117 1
34 69 68 1
34 70 68 1
34 71 52 1
34 71 68 1
34 71 100 1
34 80 6 1
34 80 21 1
34 80 32 1
34 80 96 1
34 80 117 1
34 81 23 1
34 81 38 1
34 81 53 1
34 81 54 1
34 81 83 1
34 81 85 1
34 81 113 1
34 82 23 1
34 82 38 1
34 82 53 1
34 82 66 1
34 84 68 1
34 87 67 1
34 87 68 1
34 87 85 1
34 87 116 1
34 97 48 1
34 97 51 1
34 97 53 1
34 97 54 1
34 97 65 1
34 97 85 1
34 97 116 1
34 102 55 1
34 102 67 1
34 102 115 1
34 103 67 1
34 103 68 1
34 103 115 1
34 112 1 1
34 112 4 1
34 112 18 1
34 112 19 1
34 112 32 1
34 112 87 1
34 113 32 1
34 113 48 1
34 113 49 1
34 113 50 1
34 113 51 1
34 113 52 1
34 113 54 1
34 113 65 1
34 113 66 1
34 113 97 1
34 113 100 1
34 113 101 1
34 113 114 1
34 113 116 1
34 114 48 1
34 114 64 1
34 114 65 1
34 114 67 1
34 114 68 1
34 114 116 1
34 115 68 1
34 116 68 1
34 117 68 1
34 117 71 1
34 117 85 1
34 118 115 1
35 21 1 1
35 21 16 1
35 21 18 1
35 21 32 1
35 21 33 1
35 21 48 1
35 21 49 1
35 21 64 1
35 21 65 1
35 21 80 1
35 21 84 1
35 21 87 1
35 21 114 1
35 21 117 1
35 21 118 1
35 22 2 1
35 22 6 1
35 22 32 1
35 22 48 1
35 22 65 1
35 22 80 1
35 22 81 1
35 22 96 1
35 23 48 1
35 23 80 1
35 33 39 1
35 33 54 1
35 33 71 1
35 33 103 1
35 37 18 1
35 37 21 1
35 37 32 1
35 37 36 1
35 37 49 1
35 37 64 1
35 37 65 1
35 37 66 1
35 37 69 1
35 37 80 1
35 37 81 1
35 37 84 1
35 37 87 1
35 37 96 1
35 37 100 1
35 37 103 1
35 37 114 1
35 37 115 1
35 37 117 1
35 38 0 1
35 38 1 1
35 38 2 1
35 38 6 1
35 38 17 1
35 38 18 1
35 38 19 1
35 38 22 1
35 38 32 1
35 38 49 1
35 38 50 1
35 38 54 1
35 38 65 1
35 38 66 1
35 38 67 1
35 38 70 1
35 38 81 1
35 38 82 1
35 38 86 1
35 38 96 1
35 38 97 1
35 38 100 1
35 38 101 1
35 38 102 1
35 38 103 1
35 38 112 1
35 38 114 1
35 38 115 1
35 38 116 1
35 38 117 1
35 38 118 1
35 38 119 1
35 39 1 1
35 39 2 1
35 39 18 1
35 39 33 1
35 39 48 1
35 39 49 1
35 39 50 1
35 39 64 1
35 39 65 1
35 39 98 1
35 39 101 1
35 39 113 1
35 39 117 1
35 48 32 1
35 49 7 1
35 49 22 1
35 49 23 1
35 49 38 1
35 49 50 1
35 49 51 1
35 49 52 1
35 49 53 1
35 49 55 1
35 49 70 1
35 49 97 1
35 49 98 1
35 49 112 1
35 54 0 1
35 54 1 1
35 54 17 1
35 54 18 1
35 54 34 1
35 54 48 1
35 54 50 1
35 54 51 1
35 54 65 1
35 54 82 1
35 54 86 1
35 54 101 1
35 54 102 1
35 54 103 1
35 54 119 1
35 55 36 1
35 55 50 1
35 55 53 1
35 55 65 1
35 55 83 1
35 55 84 1
35 55 98 1
35 55 101 1
35 55 113 1
35 64 32 1
35 64 48 1
35 64 66 1
35 65 68 1
35 66 67 1
35 69 68 1
35 70 67 1
35 71 0 1
35 71 17 1
35 71 23 1
35 71 34 1
35 71 50 1
35 71 51 1
35 71 52 1
35 71 82 1
35 71 83 1
35 71 84 1
35 71 98 1
35 71 99 1
35 71 100 1
35 71 113 1
35 71 115 1
35 80 64 1
35 81 23 1
35 81 34 1
35 81 38 1
35 81 53 1
35 81 54 1
35 81 83 1
35 81 85 1
35 81 113 1
35 82 23 1
35 82 38 1
35 82 53 1
35 82 66 1
35 87 0 1
35 87 17 1
35 87 23 1
35 87 34 1
35 87 37 1
35 87 38 1
35 87 48 1
35 87 50 1
35 87 51 1
35 87 65 1
35 87 67 1
35 87 71 1
35 87 82 1
35 87 83 1
35 87 84 1
35 87 85 1
35 87 86 1
35 87 98 1
35 87 99 1
35 87 113 1
35 87 116 1
35 87 119 1
35 97 34 1
35 97 48 1
35 97 51 1
35 97 53 1
35 97 54 1
35 97 65 1
35 97 85 1
35 97 116 1
35 102 55 1
35 102 67 1
35 102 70 1
35 102 115 1
35 103 55 1
35 103 67 1
35 103 84 1
35 103 115 1
35 112 1 1
35 112 4 1
35 112 18 1
35 112 19 1
35 112 32 1
35 112 87 1
35 113 32 1
35 113 34 1
35 113 48 1
35 113 49 1
35 113 50 1
35 113 51 1
35 113 52 1
35 113 54 1
35 113 65 1
35 113 66 1
35 113 97 1
35 113 100 1
35 113 101 1
35 113 114 1
35 113 116 1
35 114 48 1
35 114 64 1
35 114 65 1
35 114 67 1
35 114 68 1
35 114 116 1
35 115 68 1
35 116 68 1
35 117 68 1
35 117 71 1
35 117 85 1
35 118 55 1
35 118 115 1
35 119 84 1
51 4 5 1
51 5 6 1
51 18 2 1
51 18 6 1
51 18 21 1
51 18 23 1
51 18 38 1
51 18 39 1
51 18 54 1
51 18 55 1
51 18 66 1
51 18 71 1
51 18 87 1
51 18 102 1
51 18 114 1
51 18 117 1
51 18 119 1
51 19 21 1
51 19 32 1
51 19 66 1
51 19 80 1
51 19 96 1
51 19 115 1
51 20 0 1
51 20 16 1
51 20 17 1
51 20 33 1
51 20 48 1
51 20 49 1
51 20 55 1
51 20 64 1
51 20 117 1
51 20 118 1
51 21 0 1
51 21 1 1
51 21 2 1
51 21 5 1
51 21 16 1
51 21 17 1
51 21 18 1
51 21 19 1
51 21 23 1
51 21 33 1
51 21 34 1
51 21 48 1
51 21 49 1
51 21 50 1
51 21 64 1
51 21 65 1
51 21 66 1
51 21 69 1
51 21 70 1
51 21 81 1
51 21 83 1
51 21 84 1
51 21 87 1
51 21 96 1
51 21 98 1
51 21 99 1
51 21 100 1
51 21 103 1
51 21 113 1
51 21 115 1
51 21 118 1
51 21 119 1
51 22 2 1
51 22 6 1
51 22 48 1
51 22 65 1
51 22 80 1
51 22 81 1
51 22 96 1
51 23 48 1
51 23 81 1
51 23 96 1
51 33 32 1
51 33 39 1
51 33 87 1
51 33 96 1
51 33 99 1
51 33 102 1
51 33 113 1
51 33 114 1
51 33 116 1
51 33 117 1
51 33 119 1
51 37 2 1
51 37 5 1
51 37 18 1
51 37 21 1
51 37 34 1
51 37 35 1
51 37 36 1
51 37 50 1
51 37 69 1
51 37 83 1
51 37 87 1
51 37 98 1
51 37 99 1
51 37 100 1
51 37 103 1
51 37 113 1
51 37 115 1
51 37 118 1
51 37 119 1
51 38 0 1
51 38 1 1
51 38 2 1
51 38 6 1
51 38 17 1
51 38 18 1
51 38 19 1
51 38 22 1
51 38 32 1
51 38 35 1
51 38 49 1
51 38 50 1
51 38 54 1
51 38 65 1
51 38 66 1
51 38 67 1
51 38 70 1
51 38 80 1
51 38 81 1
51 38 82 1
51 38 86 1
51 38 96 1
51 38 97 1
51 38 100 1
51 38 101 1
51 38 102 1
51 38 103 1
51 38 112 1
51 38 114 1
51 38 115 1
51 38 116 1
51 38 117 1
51 38 118 1
51 38 119 1
51 39 0 1
51 39 2 1
51 39 17 1
51 39 33 1
51 39 34 1
51 39 48 1
51 39 49 1
51 39 50 1
51 39 64 1
51 39 65 1
51 39 66 1
51 39 80 1
51 39 81 1
51 39 96 1
51 39 98 1
51 39 101 1
51 39 113 1
51 39 117 1
51 48 32 1
51 48 50 1
51 49 2 1
51 49 5 1
51 49 6 1
51 49 21 1
51 49 23 1
51 49 36 1
51 49 38 1
51 49 55 1
51 49 81 1
51 53 50 1
51 53 52 1
51 53 54 1
51 53 99 1
51 53 101 1
51 53 102 1
51 53 119 1
51 54 0 1
51 54 1 1
51 54 17 1
51 54 18 1
51 54 22 1
51 54 33 1
51 54 34 1
51 54 35 1
51 54 38 1
51 54 48 1
51 54 50 1
51 54 53 1
51 54 65 1
51 54 67 1
51 54 82 1
51 54 86 1
51 54 97 1
51 54 101 1
51 54 102 1
51 54 103 1
51 54 112 1
51 54 119 1
51 55 0 1
51 55 2 1
51 55 5 1
51 55 17 1
51 55 18 1
51 55 33 1
51 55 34 1
51 55 35 1
51 55 36 1
51 55 48 1
51 55 50 1
51 55 53 1
51 55 65 1
51 55 83 1
51 55 84 1
51 55 87 1
51 55 98 1
51 55 101 1
51 55 113 1
51 64 16 1
51 64 18 1
51 64 20 1
51 64 32 1
51 64 39 1
51 64 48 1
51 64 66 1
51 64 69 1
51 64 80 1
51 64 103 1
51 64 117 1
51 65 0 1
51 65 17 1
51 65 18 1
51 65 23 1
51 65 38 1
51 65 39 1
51 65 54 1
51 65 66 1
51 65 68 1
51 65 69 1
51 65 71 1
51 65 86 1
51 65 102 1
51 65 113 1
51 65 114 1
51 65 117 1
51 65 119 1
51 69 23 1
51 69 37 1
51 69 50 1
51 69 53 1
51 69 82 1
51 69 85 1
51 69 98 1
51 69 101 1
51 69 113 1
51 69 119 1
51 70 7 1
51 70 22 1
51 70 23 1
51 70 33 1
51 70 34 1
51 70 38 1
51 70 48 1
51 70 49 1
51 70 50 1
51 70 54 1
51 70 64 1
51 70 65 1
51 70 66 1
51 70 69 1
51 70 81 1
51 70 82 1
51 70 83 1
51 70 86 1
51 70 96 1
51 70 97 1
51 70 98 1
51 70 99 1
51 70 102 1
51 70 112 1
51 70 113 1
51 70 114 1
51 71 1 1
51 71 7 1
51 71 18 1
51 71 19 1
51 71 21 1
51 71 22 1
51 71 23 1
51 71 32 1
51 71 33 1
51 71 34 1
51 71 35 1
51 71 48 1
51 71 49 1
51 71 50 1
51 71 52 1
51 71 55 1
51 71 65 1
51 71 66 1
51 71 69 1
51 71 70 1
51 71 81 1
51 71 82 1
51 71 83 1
51 71 84 1
51 71 96 1
51 71 97 1
51 71 98 1
51 71 99 1
51 71 100 1
51 71 112 1
51 71 113 1
51 71 114 1
51 71 115 1
51 71 117 1
51 71 118 1
51 80 3 1
51 80 6 1
51 80 16 1
51 80 18 1
51 80 21 1
51 80 33 1
51 80 64 1
51 80 69 1
51 80 81 1
51 80 96 1
51 80 117 1
51 81 0 1
51 81 1 1
51 81 3 1
51 81 4 1
51 81 6 1
51 81 7 1
51 81 16 1
51 81 17 1
51 81 18 1
51 81 19 1
51 81 20 1
51 81 21 1
51 81 22 1
51 81 23 1
51 81 32 1
51 81 33 1
51 81 34 1
51 81 35 1
51 81 36 1
51 81 37 1
51 81 38 1
51 81 49 1
51 81 52 1
51 81 53 1
51 81 54 1
51 81 69 1
51 81 84 1
51 81 97 1
51 81 100 1
51 81 101 1
51 81 102 1
51 81 113 1
51 81 118 1
51 81 119 1
51 82 23 1
51 82 38 1
51 82 53 1
51 82 66 1
51 82 81 1
51 82 98 1
51 83 35 1
51 83 54 1
51 83 67 1
51 83 86 1
51 83 99 1
51 83 102 1
51 83 119 1
51 84 23 1
51 84 35 1
51 84 37 1
51 84 38 1
51 84 82 1
51 84 83 1
51 84 85 1
51 84 86 1
51 84 113 1
51 84 119 1
51 85 23 1
51 85 35 1
51 85 37 1
51 85 38 1
51 85 50 1
51 85 53 1
51 85 82 1
51 85 83 1
51 85 84 1
51 85 86 1
51 85 98 1
51 85 101 1
51 85 113 1
51 86 3 1
51 86 4 1
51 86 6 1
51 86 7 1
51 86 16 1
51 86 19 1
51 86 20 1
51 86 21 1
51 86 22 1
51 86 23 1
51 86 33 1
51 86 34 1
51 86 36 1
51 86 37 1
51 86 38 1
51 86 39 1
51 86 49 1
51 86 50 1
51 86 54 1
51 86 66 1
51 86 81 1
51 86 83 1
51 86 97 1
51 86 98 1
51 86 99 1
51 86 102 1
51 86 112 1
51 86 113 1
51 86 118 1
51 87 1 1
51 87 7 1
51 87 16 1
51 87 18 1
51 87 22 1
51 87 23 1
51 87 33 1
51 87 34 1
51 87 35 1
51 87 38 1
51 87 48 1
51 87 49 1
51 87 50 1
51 87 65 1
51 87 66 1
51 87 71 1
51 87 81 1
51 87 82 1
51 87 83 1
51 87 84 1
51 87 86 1
51 87 96 1
51 87 97 1
51 87 98 1
51 87 99 1
51 87 103 1
51 87 112 1
51 87 113 1
51 87 116 1
51 87 119 1
51 96 3 1
51 96 18 1
51 96 20 1
51 96 69 1
51 96 103 1
51 96 117 1
51 97 0 1
51 97 3 1
51 97 5 1
51 97 6 1
51 97 17 1
51 97 18 1
51 97 20 1
51 97 21 1
51 97 23 1
51 97 32 1
51 97 33 1
51 97 34 1
51 97 35 1
51 97 36 1
51 97 38 1
51 97 49 1
51 97 50 1
51 97 53 1
51 97 54 1
51 97 65 1
51 97 69 1
51 97 71 1
51 97 81 1
51 97 84 1
51 97 85 1
51 97 86 1
51 97 96 1
51 97 98 1
51 97 99 1
51 97 100 1
51 97 101 1
51 97 102 1
51 97 113 1
51 97 116 1
51 97 117 1
51 97 119 1
51 98 0 1
51 98 6 1
51 98 17 1
51 98 18 1
51 98 20 1
51 98 21 1
51 98 33 1
51 98 35 1
51 98 36 1
51 98 37 1
51 98 49 1
51 98 52 1
51 98 54 1
51 98 55 1
51 98 69 1
51 98 70 1
51 98 71 1
51 98 85 1
51 98 86 1
51 98 96 1
51 98 100 1
51 98 102 1
51 98 103 1
51 98 117 1
51 98 118 1
51 98 119 1
51 99 0 1
51 99 1 1
51 99 3 1
51 99 4 1
51 99 16 1
51 99 17 1
51 99 18 1
51 99 19 1
51 99 20 1
51 99 21 1
51 99 32 1
51 99 33 1
51 99 34 1
51 99 35 1
51 99 36 1
51 99 37 1
51 99 49 1
51 99 52 1
51 99 83 1
51 99 102 1
51 99 119 1
51 100 0 1
51 100 4 1
51 100 7 1
51 100 17 1
51 100 19 1
51 100 21 1
51 100 22 1
51 100 23 1
51 100 34 1
51 100 36 1
51 100 37 1
51 100 38 1
51 100 53 1
51 100 81 1
51 100 97 1
51 100 98 1
51 100 102 1
51 100 112 1
51 101 1 1
51 101 7 1
51 101 18 1
51 101 19 1
51 101 22 1
51 101 34 1
51 101 35 1
51 101 36 1
51 101 48 1
51 101 49 1
51 101 54 1
51 101 64 1
51 101 65 1
51 101 66 1
51 101 81 1
51 101 82 1
51 101 96 1
51 101 97 1
51 101 99 1
51 101 103 1
51 101 112 1
51 101 113 1
51 101 114 1
51 102 1 1
51 102 4 1
51 102 7 1
51 102 16 1
51 102 18 1
51 102 19 1
51 102 21 1
51 102 22 1
51 102 33 1
51 102 34 1
51 102 35 1
51 102 36 1
51 102 37 1
51 102 38 1
51 102 39 1
51 102 49 1
51 102 50 1
51 102 53 1
51 102 54 1
51 102 55 1
51 102 64 1
51 102 66 1
51 102 70 1
51 102 81 1
51 102 82 1
51 102 86 1
51 102 97 1
51 102 98 1
51 102 99 1
51 102 100 1
51 102 101 1
51 102 112 1
51 102 114 1
51 102 118 1
51 103 7 1
51 103 16 1
51 103 19 1
51 103 21 1
51 103 22 1
51 103 23 1
51 103 33 1
51 103 34 1
51 103 38 1
51 103 48 1
51 103 49 1
51 103 50 1
51 103 54 1
51 103 64 1
51 103 65 1
51 103 66 1
51 103 81 1
51 103 82 1
51 103 83 1
51 103 84 1
51 103 96 1
51 103 97 1
51 103 98 1
51 103 99 1
51 103 102 1
51 103 112 1
51 103 113 1
51 103 114 1
51 103 119 1
51 112 2 1
51 112 87 1
51 113 0 1
51 113 1 1
51 113 3 1
51 113 4 1
51 113 6 1
51 113 7 1
51 113 16 1
51 113 17 1
51 113 18 1
51 113 19 1
51 113 20 1
51 113 21 1
51 113 22 1
51 113 32 1
51 113 33 1
51 113 34 1
51 113 35 1
51 113 36 1
51 113 37 1
51 113 49 1
51 113 50 1
51 113 52 1
51 113 54 1
51 113 66 1
51 113 86 1
51 113 97 1
51 113 100 1
51 113 101 1
51 113 102 1
51 113 112 1
51 113 114 1
51 113 119 1
51 114 0 1
51 114 1 1
51 114 4 1
51 114 6 1
51 114 7 1
51 114 17 1
51 114 18 1
51 114 19 1
51 114 20 1
51 114 21 1
51 114 22 1
51 114 23 1
51 114 33 1
51 114 34 1
51 114 35 1
51 114 36 1
51 114 37 1
51 114 38 1
51 114 49 1
51 114 50 1
51 114 52 1
51 114 53 1
51 114 64 1
51 114 66 1
51 114 67 1
51 114 98 1
51 114 102 1
51 114 112 1
51 114 113 1
51 114 115 1
51 114 119 1
51 115 0 1
51 115 1 1
51 115 4 1
51 115 7 1
51 115 17 1
51 115 18 1
51 115 19 1
51 115 20 1
51 115 21 1
51 115 22 1
51 115 23 1
51 115 33 1
51 115 34 1
51 115 35 1
51 115 36 1
51 115 37 1
51 115 38 1
51 115 48 1
51 115 49 1
51 115 52 1
51 115 53 1
51 115 54 1
51 115 65 1
51 115 66 1
51 115 67 1
51 115 68 1
51 115 83 1
51 115 96 1
51 115 99 1
51 115 102 1
51 115 116 1
51 115 119 1
51 116 0 1
51 116 4 1
51 116 7 1
51 116 16 1
51 116 17 1
51 116 19 1
51 116 21 1
51 116 22 1
51 116 33 1
51 116 34 1
51 116 36 1
51 116 37 1
51 116 38 1
51 116 49 1
51 116 50 1
51 116 52 1
51 116 54 1
51 116 66 1
51 116 67 1
51 116 68 1
51 116 69 1
51 116 81 1
51 116 84 1
51 116 87 1
51 116 97 1
51 116 100 1
51 116 103 1
51 116 112 1
51 116 115 1
51 116 118 1
51 117 0 1
51 117 1 1
51 117 3 1
51 117 4 1
51 117 7 1
51 117 16 1
51 117 17 1
51 117 18 1
51 117 19 1
51 117 20 1
51 117 21 1
51 117 22 1
51 117 33 1
51 117 34 1
51 117 35 1
51 117 36 1
51 117 37 1
51 117 38 1
51 117 50 1
51 117 52 1
51 117 53 1
51 117 54 1
51 117 64 1
51 117 68 1
51 117 69 1
51 117 71 1
51 117 81 1
51 117 97 1
51 117 101 1
51 117 112 1
51 117 116 1
51 117 118 1
51 118 0 1
51 118 1 1
51 118 3 1
51 118 4 1
51 118 6 1
51 118 7 1
51 118 17 1
51 118 18 1
51 118 19 1
51 118 20 1
51 118 21 1
51 118 22 1
51 118 23 1
51 118 34 1
51 118 35 1
51 118 36 1
51 118 37 1
51 118 38 1
51 118 39 1
51 118 49 1
51 118 53 1
51 118 54 1
51 118 64 1
51 118 69 1
51 118 81 1
51 118 97 1
51 118 98 1
51 118 99 1
51 118 102 1
51 118 112 1
51 118 119 1
51 119 0 1
51 119 5 1
51 119 17 1
51 119 80 1
