0 2 33 0
0 2 36 0
0 7 37 0
0 32 18 0
0 32 66 0
0 112 82 0
0 119 85 0
1 3 34 0
1 3 37 0
1 7 37 0
1 32 18 0
1 32 66 0
1 112 82 0
1 119 85 0
2 0 33 0
2 0 34 0
2 4 35 0
2 4 38 0
2 7 37 0
2 112 82 0
2 119 85 0
3 0 34 0
3 1 34 0
3 5 36 0
3 5 39 0
3 7 37 0
3 112 82 0
3 119 85 0
17 3 34 0
17 3 37 0
17 7 37 0
17 48 34 0
17 48 82 0
17 112 82 0
17 119 85 0
18 0 33 0
18 0 34 0
18 4 35 0
18 4 38 0
18 7 37 0
18 112 82 0
18 119 85 0
19 0 34 0
19 1 34 0
19 5 36 0
19 5 39 0
19 7 37 0
19 112 82 0
19 119 85 0
34 7 37 0
34 112 82 0
34 119 85 0
35 0 34 0
35 7 37 0
35 112 82 0
35 119 85 0
51 0 34 0
51 7 37 0
51 112 82 0
51 119 85 0
