0 18 2 1
0 18 5 1
0 18 6 1
0 18 7 1
0 18 16 1
0 18 20 1
0 18 21 1
0 18 22 1
0 18 39 1
0 18 66 1
0 18 80 1
0 18 96 1
0 18 112 1
0 18 114 1
0 19 3 1
0 19 20 1
0 19 113 1
0 20 113 1
0 33 1 1
0 33 5 1
0 33 6 1
0 33 7 1
0 33 32 1
0 33 36 1
0 33 39 1
0 33 65 1
0 33 80 1
0 33 81 1
0 33 96 1
0 33 97 1
0 33 112 1
0 33 114 1
0 34 6 1
0 34 7 1
0 34 22 1
0 34 36 1
0 34 39 1
0 34 66 1
0 34 96 1
0 34 97 1
0 34 112 1
0 34 114 1
0 35 19 1
0 35 23 1
0 35 36 1
0 36 37 1
0 36 113 1
0 37 38 1
0 49 23 1
0 49 48 1
0 49 65 1
0 50 49 1
0 50 66 1
0 50 113 1
0 51 23 1
0 51 35 1
0 51 50 1
0 51 113 1
0 52 53 1
0 52 113 1
0 53 54 1
0 65 23 1
0 66 23 1
0 66 82 1
0 67 23 1
0 67 83 1
0 82 98 1
0 83 99 1
1 34 7 1
1 35 23 1
1 50 66 1
