1 32 64 1
1 32 67 1
2 6 4 1
2 6 52 1
2 7 5 1
2 7 53 1
2 7 69 1
2 7 83 1
2 16 23 1
2 23 69 1
2 32 64 1
2 32 67 1
3 1 7 1
3 1 22 1
3 1 39 1
3 1 112 1
3 1 114 1
3 1 115 1
3 6 0 1
3 6 2 1
3 6 4 1
3 6 7 1
3 6 17 1
3 6 19 1
3 6 22 1
3 6 32 1
3 6 34 1
3 6 49 1
3 6 50 1
3 6 64 1
3 6 65 1
3 6 68 1
3 6 70 1
3 6 71 1
3 6 82 1
3 6 85 1
3 6 97 1
3 6 98 1
3 6 101 1
3 6 112 1
3 6 113 1
3 6 116 1
3 6 117 1
3 6 119 1
3 7 0 1
3 7 2 1
3 7 17 1
3 7 32 1
3 7 34 1
3 7 39 1
3 7 49 1
3 7 50 1
3 7 65 1
3 7 66 1
3 7 80 1
3 7 85 1
3 7 98 1
3 7 99 1
3 7 101 1
3 7 102 1
3 7 113 1
3 7 114 1
3 7 116 1
3 7 117 1
3 7 119 1
3 16 0 1
3 16 18 1
3 16 23 1
3 16 39 1
3 16 54 1
3 16 69 1
3 16 85 1
3 16 98 1
3 16 102 1
3 16 114 1
3 16 119 1
3 17 6 1
3 17 18 1
3 17 20 1
3 17 21 1
3 17 33 1
3 17 36 1
3 17 37 1
3 17 65 1
3 17 69 1
3 17 81 1
3 17 82 1
3 17 96 1
3 17 99 1
3 17 116 1
3 22 21 1
3 23 1 1
3 23 2 1
3 23 18 1
3 23 19 1
3 23 20 1
3 23 21 1
3 23 22 1
3 23 35 1
3 23 36 1
3 23 39 1
3 23 50 1
3 23 51 1
3 23 55 1
3 23 65 1
3 23 67 1
3 23 70 1
3 23 71 1
3 23 80 1
3 23 84 1
3 23 86 1
3 23 87 1
3 23 99 1
3 23 100 1
3 23 102 1
3 23 103 1
3 23 114 1
3 32 64 1
3 32 67 1
3 39 1 1
3 39 18 1
3 39 35 1
3 39 36 1
3 39 38 1
3 39 51 1
3 39 52 1
3 39 55 1
3 39 83 1
3 39 86 1
3 39 87 1
3 39 100 1
3 39 102 1
3 39 103 1
18 4 39 1
18 6 4 1
18 6 52 1
18 7 5 1
18 7 53 1
18 7 69 1
18 7 83 1
18 23 69 1
18 32 4 1
18 32 16 1
18 32 19 1
18 32 34 1
18 32 55 1
18 32 69 1
18 32 70 1
18 32 85 1
18 32 86 1
18 32 98 1
18 32 101 1
18 32 114 1
18 32 118 1
19 5 0 1
19 5 17 1
19 5 68 1
19 5 71 1
19 5 98 1
19 5 101 1
19 5 102 1
19 5 119 1
19 6 0 1
19 6 2 1
19 6 4 1
19 6 7 1
19 6 17 1
19 6 22 1
19 6 32 1
19 6 34 1
19 6 49 1
19 6 50 1
19 6 65 1
19 6 68 1
19 6 70 1
19 6 71 1
19 6 82 1
19 6 85 1
19 6 97 1
19 6 98 1
19 6 101 1
19 6 112 1
19 6 113 1
19 6 116 1
19 6 117 1
19 6 119 1
19 7 0 1
19 7 2 1
19 7 17 1
19 7 32 1
19 7 34 1
19 7 39 1
19 7 49 1
19 7 50 1
19 7 65 1
19 7 66 1
19 7 80 1
19 7 85 1
19 7 98 1
19 7 99 1
19 7 101 1
19 7 102 1
19 7 113 1
19 7 114 1
19 7 116 1
19 7 117 1
19 7 119 1
19 17 1 1
19 17 4 1
19 17 71 1
19 17 86 1
19 17 103 1
19 21 1 1
19 21 18 1
19 21 22 1
19 21 34 1
19 21 37 1
19 21 67 1
19 21 69 1
19 21 70 1
19 21 82 1
19 21 83 1
19 21 85 1
19 21 86 1
19 21 97 1
19 21 100 1
19 21 103 1
19 21 112 1
19 21 115 1
19 22 1 1
19 22 18 1
19 22 21 1
19 22 35 1
19 22 51 1
19 22 84 1
19 22 86 1
19 22 100 1
19 22 102 1
19 23 1 1
19 23 18 1
19 23 20 1
19 23 21 1
19 23 22 1
19 23 35 1
19 23 36 1
19 23 39 1
19 23 50 1
19 23 51 1
19 23 55 1
19 23 65 1
19 23 67 1
19 23 70 1
19 23 71 1
19 23 80 1
19 23 84 1
19 23 86 1
19 23 87 1
19 23 99 1
19 23 100 1
19 23 102 1
19 23 103 1
19 23 114 1
19 32 0 1
19 32 4 1
19 32 6 1
19 32 21 1
19 32 33 1
19 32 35 1
19 32 36 1
19 32 48 1
19 32 69 1
19 32 86 1
19 32 103 1
19 33 82 1
19 38 85 1
19 39 1 1
19 39 18 1
19 39 35 1
19 39 36 1
19 39 38 1
19 39 51 1
19 39 52 1
19 39 55 1
19 39 68 1
19 39 83 1
19 39 86 1
19 39 87 1
19 39 100 1
19 39 102 1
19 39 103 1
34 3 16 1
34 3 66 1
34 4 7 1
34 4 39 1
34 4 52 1
34 4 66 1
34 6 4 1
34 6 52 1
34 7 5 1
34 7 53 1
34 7 69 1
34 7 83 1
34 23 69 1
34 48 1 1
34 48 36 1
34 64 36 1
34 64 67 1
34 64 112 1
34 64 114 1
34 96 64 1
34 96 67 1
34 112 53 1
34 112 80 1
34 112 83 1
34 112 84 1
34 113 84 1
35 2 0 1
35 2 1 1
35 2 38 1
35 2 39 1
35 2 49 1
35 2 50 1
35 2 64 1
35 2 80 1
35 2 84 1
35 2 85 1
35 2 86 1
35 2 96 1
35 2 100 1
35 2 101 1
35 2 102 1
35 2 103 1
35 2 114 1
35 2 115 1
35 2 117 1
35 2 118 1
35 2 119 1
35 3 1 1
35 3 16 1
35 3 118 1
35 4 6 1
35 4 32 1
35 4 33 1
35 4 36 1
35 4 54 1
35 4 70 1
35 4 80 1
35 4 81 1
35 4 82 1
35 4 85 1
35 4 86 1
35 4 96 1
35 4 97 1
35 4 99 1
35 4 100 1
35 4 103 1
35 4 112 1
35 4 114 1
35 4 115 1
35 4 117 1
35 4 118 1
35 5 0 1
35 5 1 1
35 5 17 1
35 5 18 1
35 5 50 1
35 5 51 1
35 5 53 1
35 5 54 1
35 5 68 1
35 5 71 1
35 5 98 1
35 5 99 1
35 5 101 1
35 5 102 1
35 5 119 1
35 6 0 1
35 6 2 1
35 6 4 1
35 6 7 1
35 6 17 1
35 6 19 1
35 6 22 1
35 6 32 1
35 6 34 1
35 6 49 1
35 6 50 1
35 6 64 1
35 6 65 1
35 6 68 1
35 6 69 1
35 6 70 1
35 6 71 1
35 6 82 1
35 6 85 1
35 6 97 1
35 6 98 1
35 6 101 1
35 6 112 1
35 6 113 1
35 6 116 1
35 6 117 1
35 6 119 1
35 7 0 1
35 7 2 1
35 7 17 1
35 7 32 1
35 7 34 1
35 7 39 1
35 7 49 1
35 7 50 1
35 7 65 1
35 7 66 1
35 7 85 1
35 7 98 1
35 7 99 1
35 7 101 1
35 7 102 1
35 7 113 1
35 7 114 1
35 7 116 1
35 7 117 1
35 7 119 1
35 17 1 1
35 17 4 1
35 17 5 1
35 17 19 1
35 17 23 1
35 17 38 1
35 17 39 1
35 17 54 1
35 17 55 1
35 17 70 1
35 17 71 1
35 17 80 1
35 17 83 1
35 17 86 1
35 17 87 1
35 17 99 1
35 17 103 1
35 17 113 1
35 17 114 1
35 17 115 1
35 17 116 1
35 17 117 1
35 21 19 1
35 21 22 1
35 21 34 1
35 21 37 1
35 21 67 1
35 21 69 1
35 21 70 1
35 21 82 1
35 21 83 1
35 21 85 1
35 21 86 1
35 21 97 1
35 21 100 1
35 21 103 1
35 21 112 1
35 21 115 1
35 22 1 1
35 22 18 1
35 22 21 1
35 22 51 1
35 22 84 1
35 22 86 1
35 22 100 1
35 22 102 1
35 23 1 1
35 23 2 1
35 23 18 1
35 23 19 1
35 23 20 1
35 23 21 1
35 23 22 1
35 23 36 1
35 23 39 1
35 23 51 1
35 23 55 1
35 23 67 1
35 23 70 1
35 23 71 1
35 23 84 1
35 23 86 1
35 23 87 1
35 23 99 1
35 23 102 1
35 23 103 1
35 32 0 1
35 32 4 1
35 32 16 1
35 32 19 1
35 32 20 1
35 32 34 1
35 32 69 1
35 32 70 1
35 32 85 1
35 32 86 1
35 32 98 1
35 32 101 1
35 32 102 1
35 32 118 1
35 32 119 1
35 33 1 1
35 33 4 1
35 33 7 1
35 33 22 1
35 33 34 1
35 33 37 1
35 33 53 1
35 33 65 1
35 33 68 1
35 33 82 1
35 33 85 1
35 33 98 1
35 33 112 1
35 33 113 1
35 33 115 1
35 33 116 1
35 38 85 1
35 39 36 1
35 39 38 1
35 39 51 1
35 39 52 1
35 39 55 1
35 39 68 1
35 39 83 1
35 39 86 1
35 39 87 1
35 39 100 1
35 39 102 1
35 39 103 1
35 48 1 1
35 48 23 1
35 48 36 1
35 48 51 1
35 48 52 1
35 64 36 1
35 64 67 1
35 64 112 1
35 64 114 1
35 96 64 1
35 96 67 1
35 112 53 1
35 112 80 1
35 112 83 1
51 2 0 1
51 2 1 1
51 2 18 1
51 2 34 1
51 2 38 1
51 2 49 1
51 2 50 1
51 2 64 1
51 2 65 1
51 2 66 1
51 2 81 1
51 2 84 1
51 2 85 1
51 2 86 1
51 2 96 1
51 2 100 1
51 2 101 1
51 2 102 1
51 2 103 1
51 2 119 1
51 3 0 1
51 3 16 1
51 3 32 1
51 3 66 1
51 3 67 1
51 3 113 1
51 4 7 1
51 4 23 1
51 4 39 1
51 4 52 1
51 4 68 1
51 4 69 1
51 4 118 1
51 5 0 1
51 5 1 1
51 5 7 1
51 5 17 1
51 5 18 1
51 5 21 1
51 5 34 1
51 5 53 1
51 5 54 1
51 5 66 1
51 5 67 1
51 5 68 1
51 5 69 1
51 5 70 1
51 5 71 1
51 5 82 1
51 5 83 1
51 5 85 1
51 5 86 1
51 5 97 1
51 5 98 1
51 5 99 1
51 5 101 1
51 5 102 1
51 5 103 1
51 5 112 1
51 5 119 1
51 6 0 1
51 6 1 1
51 6 4 1
51 6 7 1
51 6 17 1
51 6 18 1
51 6 19 1
51 6 22 1
51 6 34 1
51 6 35 1
51 6 38 1
51 6 50 1
51 6 66 1
51 6 68 1
51 6 69 1
51 6 70 1
51 6 82 1
51 6 83 1
51 6 85 1
51 6 86 1
51 6 97 1
51 6 101 1
51 6 102 1
51 6 103 1
51 6 112 1
51 6 119 1
51 7 0 1
51 7 1 1
51 7 5 1
51 7 17 1
51 7 18 1
51 7 34 1
51 7 35 1
51 7 39 1
51 7 50 1
51 7 66 1
51 7 83 1
51 7 85 1
51 7 86 1
51 7 98 1
51 7 99 1
51 7 101 1
51 7 102 1
51 7 103 1
51 7 113 1
51 7 119 1
51 17 6 1
51 17 18 1
51 17 21 1
51 17 22 1
51 17 33 1
51 17 36 1
51 17 53 1
51 17 54 1
51 17 66 1
51 17 81 1
51 17 83 1
51 17 96 1
51 17 97 1
51 17 99 1
51 18 37 1
51 22 1 1
51 22 18 1
51 22 21 1
51 22 35 1
51 22 69 1
51 22 84 1
51 22 86 1
51 22 100 1
51 22 102 1
51 23 1 1
51 23 18 1
51 23 21 1
51 23 35 1
51 23 55 1
51 23 71 1
51 23 86 1
51 23 99 1
51 23 102 1
51 23 103 1
51 32 0 1
51 32 4 1
51 32 6 1
51 32 16 1
51 32 19 1
51 32 20 1
51 32 21 1
51 32 33 1
51 32 34 1
51 32 35 1
51 32 36 1
51 32 69 1
51 32 70 1
51 32 85 1
51 32 86 1
51 32 98 1
51 32 101 1
51 32 102 1
51 32 118 1
51 32 119 1
51 33 82 1
51 38 85 1
51 39 68 1
51 48 1 1
51 48 23 1
51 48 36 1
51 48 52 1
51 64 36 1
51 64 67 1
51 64 112 1
51 64 114 1
51 87 52 1
51 96 64 1
51 96 67 1
51 112 53 1
51 112 80 1
51 112 114 1
51 114 68 1
51 117 67 1
51 118 68 1
51 119 87 1
51 119 117 1
