2 0 38 0
2 0 71 0
3 0 32 0
3 0 64 0
3 0 67 0
3 0 84 0
3 1 32 0
3 1 64 0
3 1 67 0
3 1 84 0
3 6 4 0
3 6 52 0
3 7 5 0
3 7 52 0
3 7 53 0
3 7 69 0
3 7 83 0
3 16 48 0
3 16 51 0
3 16 84 0
3 17 48 0
3 17 51 0
3 23 5 0
3 23 53 0
3 23 69 0
3 39 69 0
18 16 23 0
18 32 64 0
18 32 67 0
18 32 100 0
19 0 3 0
19 0 5 0
19 0 7 0
19 0 18 0
19 0 20 0
19 0 22 0
19 0 32 0
19 0 37 0
19 0 39 0
19 0 53 0
19 0 54 0
19 0 64 0
19 0 65 0
19 0 66 0
19 0 67 0
19 0 69 0
19 0 70 0
19 0 82 0
19 0 85 0
19 0 97 0
19 0 98 0
19 0 100 0
19 0 101 0
19 0 102 0
19 0 112 0
19 0 114 0
19 0 115 0
19 0 117 0
19 0 118 0
19 0 119 0
19 1 3 0
19 1 5 0
19 1 7 0
19 1 18 0
19 1 20 0
19 1 22 0
19 1 32 0
19 1 37 0
19 1 39 0
19 1 53 0
19 1 54 0
19 1 64 0
19 1 65 0
19 1 66 0
19 1 67 0
19 1 69 0
19 1 70 0
19 1 82 0
19 1 85 0
19 1 98 0
19 1 101 0
19 1 102 0
19 1 112 0
19 1 114 0
19 1 115 0
19 1 118 0
19 1 119 0
19 6 4 0
19 6 52 0
19 7 5 0
19 7 52 0
19 7 53 0
19 7 69 0
19 7 83 0
19 16 18 0
19 16 64 0
19 16 66 0
19 16 67 0
19 17 3 0
19 17 18 0
19 21 52 0
19 21 55 0
19 23 5 0
19 23 53 0
19 23 69 0
19 32 18 0
19 32 66 0
19 39 69 0
35 0 2 0
35 0 3 0
35 0 6 0
35 0 7 0
35 0 18 0
35 0 20 0
35 0 21 0
35 0 22 0
35 0 32 0
35 0 33 0
35 0 36 0
35 0 37 0
35 0 49 0
35 0 52 0
35 0 53 0
35 0 64 0
35 0 65 0
35 0 67 0
35 0 69 0
35 0 81 0
35 0 82 0
35 0 84 0
35 0 85 0
35 0 96 0
35 0 97 0
35 0 98 0
35 0 100 0
35 0 101 0
35 0 102 0
35 0 112 0
35 0 118 0
35 0 119 0
35 1 3 0
35 1 6 0
35 1 7 0
35 1 18 0
35 1 20 0
35 1 21 0
35 1 22 0
35 1 32 0
35 1 33 0
35 1 34 0
35 1 36 0
35 1 37 0
35 1 52 0
35 1 53 0
35 1 65 0
35 1 66 0
35 1 67 0
35 1 69 0
35 1 81 0
35 1 82 0
35 1 97 0
35 1 98 0
35 1 112 0
35 2 0 0
35 2 6 0
35 2 7 0
35 2 18 0
35 2 20 0
35 2 21 0
35 2 22 0
35 2 32 0
35 2 33 0
35 2 36 0
35 2 37 0
35 2 49 0
35 2 50 0
35 2 51 0
35 2 52 0
35 2 53 0
35 2 64 0
35 2 65 0
35 2 66 0
35 2 67 0
35 2 68 0
35 2 69 0
35 2 81 0
35 2 82 0
35 2 84 0
35 2 85 0
35 2 96 0
35 2 97 0
35 2 98 0
35 2 100 0
35 2 101 0
35 2 102 0
35 2 112 0
35 2 119 0
35 3 16 0
35 3 17 0
35 3 18 0
35 3 34 0
35 3 48 0
35 3 51 0
35 3 66 0
35 3 67 0
35 3 113 0
35 4 7 0
35 4 39 0
35 4 52 0
35 4 55 0
35 4 66 0
35 6 4 0
35 6 52 0
35 7 5 0
35 7 52 0
35 7 53 0
35 7 83 0
35 16 2 0
35 16 6 0
35 16 18 0
35 16 21 0
35 16 36 0
35 16 48 0
35 16 49 0
35 16 52 0
35 16 64 0
35 16 67 0
35 16 81 0
35 16 84 0
35 16 96 0
35 16 97 0
35 16 100 0
35 17 3 0
35 17 6 0
35 17 18 0
35 17 21 0
35 17 36 0
35 17 48 0
35 17 52 0
35 17 66 0
35 17 81 0
35 17 83 0
35 17 97 0
35 17 99 0
35 21 52 0
35 21 55 0
35 23 5 0
35 23 53 0
35 32 18 0
35 32 67 0
35 33 18 0
35 33 67 0
35 33 82 0
35 39 69 0
51 0 2 0
51 0 3 0
51 0 32 0
51 0 48 0
51 0 52 0
51 0 67 0
51 1 32 0
51 1 52 0
51 2 52 0
51 6 52 0
51 7 52 0
51 16 2 0
51 16 67 0
51 32 67 0
