0 2 23 1
0 2 65 1
0 2 98 1
0 2 113 1
0 2 115 1
0 3 4 1
0 3 7 1
0 3 19 1
0 3 112 1
0 4 7 1
0 4 112 1
0 18 19 1
0 18 23 1
0 18 34 1
0 18 37 1
0 18 38 1
0 18 50 1
0 18 53 1
0 18 54 1
0 18 55 1
0 18 64 1
0 18 67 1
0 18 70 1
0 18 71 1
0 18 81 1
0 18 82 1
0 18 83 1
0 18 84 1
0 18 87 1
0 18 97 1
0 18 98 1
0 18 99 1
0 18 100 1
0 18 101 1
0 18 113 1
0 18 115 1
0 18 116 1
0 18 117 1
0 18 118 1
0 19 6 1
0 19 7 1
0 19 16 1
0 19 17 1
0 19 22 1
0 19 23 1
0 19 32 1
0 19 35 1
0 19 38 1
0 19 39 1
0 19 48 1
0 19 51 1
0 19 54 1
0 19 55 1
0 19 67 1
0 19 71 1
0 19 83 1
0 19 96 1
0 19 97 1
0 19 98 1
0 19 99 1
0 19 100 1
0 19 101 1
0 19 112 1
0 19 114 1
0 19 115 1
0 19 116 1
0 19 117 1
0 19 118 1
0 20 4 1
0 20 7 1
0 20 21 1
0 20 22 1
0 20 23 1
0 20 39 1
0 20 48 1
0 20 52 1
0 20 55 1
0 20 70 1
0 20 87 1
0 20 96 1
0 20 97 1
0 20 98 1
0 20 99 1
0 20 100 1
0 20 112 1
0 20 114 1
0 20 115 1
0 20 116 1
0 20 117 1
0 21 22 1
0 21 114 1
0 21 117 1
0 32 20 1
0 32 23 1
0 32 38 1
0 32 55 1
0 32 113 1
0 33 4 1
0 33 21 1
0 33 22 1
0 33 23 1
0 33 34 1
0 33 35 1
0 33 37 1
0 33 38 1
0 33 49 1
0 33 52 1
0 33 53 1
0 33 54 1
0 33 55 1
0 33 69 1
0 33 70 1
0 33 71 1
0 33 82 1
0 33 83 1
0 33 86 1
0 33 87 1
0 33 98 1
0 33 99 1
0 33 100 1
0 33 103 1
0 33 113 1
0 33 115 1
0 33 116 1
0 33 117 1
0 34 2 1
0 34 5 1
0 34 18 1
0 34 21 1
0 34 23 1
0 34 32 1
0 34 33 1
0 34 35 1
0 34 37 1
0 34 38 1
0 34 50 1
0 34 53 1
0 34 54 1
0 34 55 1
0 34 69 1
0 34 70 1
0 34 71 1
0 34 80 1
0 34 81 1
0 34 82 1
0 34 83 1
0 34 84 1
0 34 86 1
0 34 87 1
0 34 98 1
0 34 99 1
0 34 100 1
0 34 101 1
0 34 103 1
0 34 113 1
0 34 115 1
0 34 116 1
0 34 117 1
0 34 118 1
0 35 3 1
0 35 6 1
0 35 7 1
0 35 16 1
0 35 22 1
0 35 32 1
0 35 37 1
0 35 38 1
0 35 39 1
0 35 48 1
0 35 51 1
0 35 54 1
0 35 55 1
0 35 70 1
0 35 71 1
0 35 82 1
0 35 83 1
0 35 87 1
0 35 96 1
0 35 97 1
0 35 98 1
0 35 99 1
0 35 100 1
0 35 112 1
0 35 113 1
0 35 114 1
0 35 115 1
0 35 116 1
0 35 117 1
0 36 1 1
0 36 7 1
0 36 16 1
0 36 17 1
0 36 20 1
0 36 23 1
0 36 32 1
0 36 33 1
0 36 35 1
0 36 38 1
0 36 39 1
0 36 48 1
0 36 52 1
0 36 55 1
0 36 64 1
0 36 68 1
0 36 71 1
0 36 80 1
0 36 83 1
0 36 97 1
0 36 98 1
0 36 99 1
0 36 100 1
0 36 101 1
0 36 112 1
0 36 114 1
0 36 115 1
0 36 116 1
0 36 117 1
0 36 118 1
0 37 17 1
0 37 21 1
0 37 32 1
0 37 36 1
0 37 39 1
0 37 48 1
0 37 53 1
0 37 99 1
0 37 114 1
0 37 117 1
0 38 3 1
0 38 39 1
0 48 7 1
0 48 37 1
0 48 49 1
0 48 64 1
0 48 112 1
0 49 1 1
0 49 2 1
0 49 3 1
0 49 6 1
0 49 7 1
0 49 17 1
0 49 22 1
0 49 38 1
0 49 39 1
0 49 50 1
0 49 51 1
0 49 52 1
0 49 53 1
0 49 54 1
0 49 55 1
0 49 70 1
0 49 71 1
0 49 81 1
0 49 86 1
0 49 87 1
0 49 96 1
0 49 97 1
0 49 98 1
0 49 99 1
0 49 103 1
0 49 112 1
0 49 113 1
0 49 114 1
0 49 115 1
0 49 116 1
0 50 1 1
0 50 2 1
0 50 3 1
0 50 6 1
0 50 7 1
0 50 22 1
0 50 23 1
0 50 37 1
0 50 38 1
0 50 39 1
0 50 48 1
0 50 51 1
0 50 53 1
0 50 54 1
0 50 55 1
0 50 70 1
0 50 71 1
0 50 82 1
0 50 87 1
0 50 96 1
0 50 97 1
0 50 98 1
0 50 99 1
0 50 100 1
0 50 112 1
0 50 114 1
0 50 115 1
0 50 116 1
0 50 117 1
0 51 1 1
0 51 2 1
0 51 3 1
0 51 4 1
0 51 7 1
0 51 16 1
0 51 19 1
0 51 22 1
0 51 32 1
0 51 38 1
0 51 39 1
0 51 48 1
0 51 49 1
0 51 52 1
0 51 53 1
0 51 54 1
0 51 55 1
0 51 64 1
0 51 67 1
0 51 70 1
0 51 71 1
0 51 83 1
0 51 86 1
0 51 87 1
0 51 97 1
0 51 98 1
0 51 99 1
0 51 100 1
0 51 101 1
0 51 103 1
0 51 112 1
0 51 114 1
0 51 115 1
0 51 116 1
0 51 117 1
0 51 118 1
0 52 2 1
0 52 3 1
0 52 5 1
0 52 6 1
0 52 16 1
0 52 20 1
0 52 23 1
0 52 32 1
0 52 33 1
0 52 36 1
0 52 39 1
0 52 48 1
0 52 51 1
0 52 54 1
0 52 55 1
0 52 64 1
0 52 68 1
0 52 71 1
0 52 80 1
0 52 84 1
0 52 87 1
0 52 96 1
0 52 98 1
0 52 99 1
0 52 100 1
0 52 101 1
0 52 114 1
0 52 115 1
0 52 116 1
0 52 117 1
0 52 118 1
0 53 3 1
0 53 17 1
0 53 32 1
0 53 37 1
0 53 48 1
0 53 52 1
0 53 55 1
0 53 69 1
0 53 99 1
0 53 100 1
0 53 114 1
0 53 117 1
0 54 38 1
0 54 55 1
0 54 70 1
0 54 117 1
0 64 7 1
0 64 37 1
0 64 112 1
0 65 3 1
0 65 6 1
0 65 7 1
0 65 22 1
0 65 37 1
0 65 38 1
0 65 39 1
0 65 54 1
0 65 55 1
0 65 64 1
0 65 67 1
0 65 70 1
0 65 71 1
0 65 81 1
0 65 87 1
0 65 97 1
0 65 100 1
0 65 112 1
0 65 113 1
0 65 114 1
0 65 115 1
0 65 117 1
0 66 1 1
0 66 2 1
0 66 3 1
0 66 4 1
0 66 5 1
0 66 7 1
0 66 16 1
0 66 17 1
0 66 18 1
0 66 22 1
0 66 37 1
0 66 38 1
0 66 39 1
0 66 50 1
0 66 53 1
0 66 54 1
0 66 55 1
0 66 65 1
0 66 67 1
0 66 68 1
0 66 70 1
0 66 71 1
0 66 86 1
0 66 87 1
0 66 98 1
0 66 103 1
0 66 112 1
0 66 113 1
0 66 114 1
0 66 115 1
0 66 116 1
0 67 1 1
0 67 2 1
0 67 3 1
0 67 4 1
0 67 5 1
0 67 6 1
0 67 18 1
0 67 32 1
0 67 38 1
0 67 39 1
0 67 48 1
0 67 51 1
0 67 54 1
0 67 55 1
0 67 65 1
0 67 66 1
0 67 68 1
0 67 69 1
0 67 70 1
0 67 71 1
0 67 80 1
0 67 86 1
0 67 87 1
0 67 96 1
0 67 99 1
0 67 103 1
0 67 113 1
0 67 114 1
0 67 115 1
0 67 116 1
0 67 117 1
0 68 1 1
0 68 2 1
0 68 3 1
0 68 5 1
0 68 7 1
0 68 16 1
0 68 32 1
0 68 36 1
0 68 39 1
0 68 48 1
0 68 52 1
0 68 55 1
0 68 66 1
0 68 67 1
0 68 69 1
0 68 80 1
0 68 84 1
0 68 87 1
0 68 112 1
0 68 114 1
0 68 117 1
0 69 3 1
0 69 32 1
0 69 48 1
0 69 67 1
0 69 70 1
0 69 71 1
0 69 85 1
0 69 117 1
0 70 3 1
0 70 54 1
0 70 71 1
0 70 117 1
0 71 55 1
0 81 39 1
0 81 97 1
0 82 3 1
0 82 17 1
0 82 32 1
0 82 39 1
0 82 54 1
0 82 55 1
0 82 66 1
0 82 81 1
0 82 83 1
0 82 114 1
0 82 117 1
0 83 3 1
0 83 17 1
0 83 39 1
0 83 48 1
0 83 54 1
0 83 55 1
0 83 67 1
0 83 82 1
0 83 84 1
0 83 115 1
0 84 3 1
0 84 48 1
0 84 52 1
0 84 55 1
0 84 85 1
0 84 100 1
0 84 116 1
0 85 3 1
0 85 39 1
0 85 48 1
0 85 87 1
0 85 114 1
0 85 117 1
0 86 87 1
0 98 99 1
0 98 114 1
0 99 98 1
0 99 100 1
0 99 115 1
0 100 99 1
0 100 116 1
0 101 117 1
0 114 115 1
0 115 99 1
0 115 114 1
0 115 116 1
0 116 115 1
0 116 117 1
1 19 3 1
1 19 6 1
1 19 7 1
1 19 16 1
1 19 22 1
1 19 39 1
1 19 55 1
1 19 67 1
1 19 71 1
1 19 97 1
1 19 100 1
1 19 112 1
1 19 114 1
1 19 115 1
1 19 117 1
1 19 118 1
1 20 4 1
1 33 21 1
1 33 39 1
1 33 96 1
1 33 114 1
1 34 2 1
1 34 5 1
1 34 6 1
1 34 22 1
1 34 23 1
1 34 32 1
1 34 33 1
1 34 35 1
1 34 36 1
1 34 37 1
1 34 38 1
1 34 39 1
1 34 50 1
1 34 53 1
1 34 54 1
1 34 55 1
1 34 66 1
1 34 70 1
1 34 71 1
1 34 80 1
1 34 81 1
1 34 82 1
1 34 83 1
1 34 84 1
1 34 86 1
1 34 87 1
1 34 96 1
1 34 97 1
1 34 98 1
1 34 99 1
1 34 100 1
1 34 101 1
1 34 103 1
1 34 112 1
1 34 113 1
1 34 114 1
1 34 115 1
1 34 116 1
1 34 117 1
1 34 118 1
1 35 3 1
1 35 6 1
1 35 7 1
1 35 16 1
1 35 22 1
1 35 36 1
1 35 37 1
1 35 38 1
1 35 39 1
1 35 87 1
1 35 97 1
1 35 112 1
1 35 113 1
1 35 114 1
1 35 117 1
1 36 23 1
1 36 37 1
1 36 114 1
1 37 38 1
1 49 48 1
1 49 50 1
1 49 65 1
1 49 113 1
1 50 23 1
1 50 48 1
1 50 49 1
1 50 51 1
1 50 82 1
1 50 114 1
1 51 50 1
1 51 52 1
1 51 53 1
1 51 67 1
1 51 83 1
1 51 113 1
1 51 117 1
1 52 23 1
1 52 36 1
1 52 48 1
1 52 51 1
1 52 53 1
1 52 68 1
1 52 84 1
1 52 114 1
1 53 37 1
1 53 52 1
1 53 54 1
1 53 69 1
1 53 117 1
1 65 113 1
1 66 23 1
1 66 82 1
1 66 113 1
1 66 114 1
1 67 23 1
1 67 83 1
1 67 113 1
1 67 114 1
1 67 117 1
1 68 48 1
1 68 69 1
1 68 84 1
1 68 114 1
1 68 117 1
1 69 70 1
1 69 85 1
1 69 117 1
1 70 71 1
1 82 98 1
1 83 82 1
1 83 84 1
1 83 99 1
1 84 100 1
2 20 4 1
2 34 22 1
2 34 70 1
2 34 97 1
2 34 112 1
2 34 115 1
2 34 116 1
2 34 117 1
2 34 118 1
2 35 3 1
2 35 6 1
2 35 7 1
2 35 16 1
2 35 22 1
2 35 23 1
2 35 38 1
2 35 39 1
2 35 97 1
2 35 112 1
2 35 113 1
2 35 114 1
2 35 117 1
2 36 23 1
2 36 37 1
2 36 114 1
2 37 38 1
2 50 49 1
2 50 51 1
2 50 66 1
2 51 50 1
2 51 52 1
2 51 67 1
2 51 83 1
2 52 51 1
2 52 53 1
2 52 68 1
2 52 84 1
2 53 37 1
2 53 54 1
2 53 69 1
2 67 83 1
2 68 84 1
2 69 70 1
2 70 71 1
2 82 98 1
2 83 84 1
2 83 99 1
2 84 100 1
3 35 7 1
3 35 16 1
3 35 22 1
3 35 23 1
3 35 97 1
3 35 113 1
3 35 117 1
3 36 23 1
3 36 114 1
3 37 38 1
3 50 49 1
3 50 51 1
3 50 66 1
3 51 50 1
3 51 52 1
3 51 67 1
3 51 83 1
3 52 51 1
3 52 53 1
3 52 68 1
3 52 84 1
3 53 54 1
3 53 69 1
3 83 99 1
3 84 100 1
17 35 113 1
17 50 23 1
17 51 53 1
17 51 83 1
